norm, level, Npoints, dimSplit, MainGridIndexSplit
44.672868266685, 0, 36584, -1, -1, -1
15.8264759823756, 9, 55, 0, 0, -1372.235
14.5045421650254, 8, 83, 0, 0, -1372.235
10.9571578560019, 10, 43, 0, 0, -1372.235
10.8275747399927, 9, 35, 0, 0, -1372.235
10.6637016386229, 10, 21, 0, 0, -1372.235
10.6228915427518, 2, 7099, 0, 0, -1372.235
10.1691399050787, 7, 75, 0, 0, -1372.235
10.1103974856257, 9, 38, 0, 0, -1372.235
9.98162758405459, 10, 36, 0, 0, -1372.235
9.88684016653112, 8, 139, 0, 0, -1372.235
9.85292000385681, 10, 16, 0, 0, -1372.235
9.85166502964639, 2, 7771, 0, 0, -1372.235
9.59539527793977, 9, 29, 0, 0, -1372.235
9.58215207829018, 5, 961, 0, 0, -1372.235
9.56503848656666, 10, 26, 0, 0, -1372.235
9.54187630577551, 10, 38, 0, 0, -1372.235
9.42856508844437, 8, 194, 0, 0, -1372.235
9.36870883953249, 9, 53, 0, 0, -1372.235
9.24899383668092, 7, 82, 0, 0, -1372.235
9.19225468703326, 8, 200, 0, 0, -1372.235
9.10243213723028, 10, 9, 0, 0, -1372.235
9.01527677524088, 9, 37, 0, 0, -1372.235
8.94728402014068, 7, 455, 0, 0, -1372.235
8.92522945786945, 10, 55, 0, 0, -1372.235
8.9229348709312, 10, 15, 0, 0, -1372.235
8.7321268151992, 10, 28, 0, 0, -1372.235
8.60265541536829, 8, 106, 0, 0, -1372.235
8.56460895233421, 10, 29, 0, 0, -1372.235
8.55934843595253, 8, 109, 0, 0, -1372.235
8.51686647394086, 8, 79, 0, 0, -1372.235
8.49825162921258, 7, 484, 0, 0, -1372.235
8.28749955266061, 6, 939, 0, 0, -1372.235
8.26105333184776, 9, 120, 0, 0, -1372.235
8.22275410573859, 10, 35, 0, 0, -1372.235
7.95762875594731, 9, 18, 0, 0, -1372.235
7.94473314704635, 5, 835, 0, 0, -1372.235
7.93074252049182, 10, 22, 0, 0, -1372.235
7.91455926563558, 10, 17, 0, 0, -1372.235
7.66769823241948, 10, 20, 0, 0, -1372.235
7.64466119677224, 8, 179, 0, 0, -1372.235
7.63609126248074, 8, 125, 0, 0, -1372.235
7.51938476373506, 9, 46, 0, 0, -1372.235
7.51009657760631, 10, 8, 0, 0, -1372.235
7.42564614529716, 8, 107, 0, 0, -1372.235
7.36066914190827, 8, 85, 0, 0, -1372.235
7.3411427965923, 8, 56, 0, 0, -1372.235
7.33949160449813, 9, 92, 0, 0, -1372.235
7.31671844262666, 4, 2320, 0, 0, -1372.235
7.29745592139655, 10, 52, 0, 0, -1372.235
7.29447564873047, 9, 29, 0, 0, -1372.235
7.28013314103622, 6, 1097, 0, 0, -1372.235
7.27405690855986, 10, 18, 0, 0, -1372.235
7.24650807839042, 9, 30, 0, 0, -1372.235
7.23362459927626, 9, 50, 0, 0, -1372.235
7.17037957306979, 10, 52, 0, 0, -1372.235
7.17037957306979, 10, 52, 0, 0, -1372.235
7.15991912440567, 9, 55, 0, 0, -1372.235
7.15479321586926, 9, 32, 0, 0, -1372.235
7.08176316574331, 10, 40, 0, 0, -1372.235
7.0114833351662, 5, 1398, 0, 0, -1372.235
7.01083268701259, 9, 74, 0, 0, -1372.235
6.95909353401282, 9, 40, 0, 0, -1372.235
6.91438044347405, 10, 23, 0, 0, -1372.235
6.88136462801049, 8, 100, 0, 0, -1372.235
6.85051148150348, 10, 44, 0, 0, -1372.235
6.78931491642758, 8, 229, 0, 0, -1372.235
6.74651258543168, 8, 104, 0, 0, -1372.235
6.59003622590056, 5, 1045, 0, 0, -1372.235
6.56320472987796, 8, 108, 0, 0, -1372.235
6.54091163284963, 7, 116, 0, 0, -1372.235
6.53508905076732, 5, 536, 0, 0, -1372.235
6.45334056641464, 7, 176, 0, 0, -1372.235
6.43788444160098, 8, 61, 0, 0, -1372.235
6.40811899660066, 8, 80, 0, 0, -1372.235
6.39139612391187, 9, 54, 0, 0, -1372.235
6.37721095519474, 10, 40, 0, 0, -1372.235
6.3688320517877, 9, 54, 0, 0, -1372.235
6.35657371275381, 9, 91, 0, 0, -1372.235
6.33921343210194, 10, 18, 0, 0, -1372.235
6.32941926489119, 6, 373, 0, 0, -1372.235
6.32314185740211, 8, 102, 0, 0, -1372.235
6.31147400701116, 10, 27, 0, 0, -1372.235
6.30984471961053, 10, 33, 0, 0, -1372.235
6.30807184297248, 9, 84, 0, 0, -1372.235
6.2896636417628, 8, 251, 0, 0, -1372.235
6.28947424676878, 9, 28, 0, 0, -1372.235
6.26936433044267, 10, 26, 0, 0, -1372.235
6.26282335216872, 10, 49, 0, 0, -1372.235
6.25021229104413, 10, 18, 0, 0, -1372.235
6.24900073266422, 10, 23, 0, 0, -1372.235
6.22908234476932, 9, 14, 0, 0, -1372.235
6.21904656927538, 10, 63, 0, 0, -1372.235
6.1489898464896, 10, 29, 0, 0, -1372.235
6.12312250278522, 9, 55, 0, 0, -1372.235
6.12014717695892, 8, 117, 0, 0, -1372.235
6.10821578591476, 9, 29, 0, 0, -1372.235
6.07945834278839, 9, 96, 0, 0, -1372.235
6.07364108643857, 9, 63, 0, 0, -1372.235
6.0553547628009, 7, 252, 0, 0, -1372.235
6.03202485425814, 10, 40, 0, 0, -1372.235
6.01541274488509, 8, 87, 0, 0, -1372.235
5.99457378838769, 10, 11, 0, 0, -1372.235
5.98239497447182, 8, 254, 0, 0, -1372.235
5.97854177360131, 8, 133, 0, 0, -1372.235
5.97156454472564, 10, 40, 0, 0, -1372.235
5.96208678614501, 9, 78, 0, 0, -1372.235
5.94660287540963, 10, 29, 0, 0, -1372.235
5.93205569888613, 10, 27, 0, 0, -1372.235
5.92851028097222, 10, 47, 0, 0, -1372.235
5.91750252126882, 9, 65, 0, 0, -1372.235
5.91556398890371, 10, 25, 0, 0, -1372.235
5.88711724623416, 10, 23, 0, 0, -1372.235
5.86038891434041, 4, 3028, 0, 0, -1372.235
5.80126416604211, 9, 122, 0, 0, -1372.235
5.78857963269803, 7, 266, 0, 0, -1372.235
5.75157610425935, 9, 42, 0, 0, -1372.235
5.74285528259106, 10, 25, 0, 0, -1372.235
5.74171483626432, 8, 92, 0, 0, -1372.235
5.73139074657607, 8, 146, 0, 0, -1372.235
5.72837717836209, 8, 140, 0, 0, -1372.235
5.7266236925247, 9, 111, 0, 0, -1372.235
5.70514840007146, 10, 15, 0, 0, -1372.235
5.69671644267038, 5, 632, 0, 0, -1372.235
5.69636042063681, 9, 62, 0, 0, -1372.235
5.6674390508756, 7, 232, 0, 0, -1372.235
5.65041443656247, 10, 45, 0, 0, -1372.235
5.65040351414381, 9, 40, 0, 0, -1372.235
5.64071873775878, 10, 49, 0, 0, -1372.235
5.63802319871843, 8, 176, 0, 0, -1372.235
5.57551384998371, 10, 29, 0, 0, -1372.235
5.5755138499837, 10, 29, 0, 0, -1372.235
5.57120113311774, 10, 33, 0, 0, -1372.235
5.56497232214678, 6, 544, 0, 0, -1372.235
5.55646188813583, 6, 545, 0, 0, -1372.235
5.55470896266911, 9, 32, 0, 0, -1372.235
5.54579778425409, 5, 1593, 0, 0, -1372.235
5.52995729076454, 8, 130, 0, 0, -1372.235
5.52916187946802, 9, 75, 0, 0, -1372.235
5.50741129583009, 10, 36, 0, 0, -1372.235
5.48164803405922, 10, 15, 0, 0, -1372.235
5.48164803405922, 10, 15, 0, 0, -1372.235
5.43607460860782, 7, 186, 0, 0, -1372.235
5.41328669812718, 10, 45, 0, 0, -1372.235
5.41183885925727, 7, 187, 0, 0, -1372.235
5.38596194449616, 9, 26, 0, 0, -1372.235
5.33079896016, 4, 1735, 0, 0, -1372.235
5.30371144470143, 8, 130, 0, 0, -1372.235
5.30125337206091, 10, 16, 0, 0, -1372.235
5.28503173639527, 10, 40, 0, 0, -1372.235
5.28143321993637, 10, 38, 0, 0, -1372.235
5.2646529857147, 10, 52, 0, 0, -1372.235
5.25801005701787, 9, 106, 0, 0, -1372.235
5.25680176553937, 3, 4832, 0, 0, -1372.235
5.21915213608302, 10, 19, 0, 0, -1372.235
5.20841558201577, 10, 51, 0, 0, -1372.235
5.1873285694061, 7, 258, 0, 0, -1372.235
5.18609311868627, 8, 65, 0, 0, -1372.235
5.17911044065712, 10, 14, 0, 0, -1372.235
5.17025003162923, 10, 12, 0, 0, -1372.235
5.15516965704512, 10, 22, 0, 0, -1372.235
5.1395039896769, 8, 135, 0, 0, -1372.235
5.11148748446423, 8, 224, 0, 0, -1372.235
5.07665493297484, 9, 37, 0, 0, -1372.235
5.03398400742095, 10, 19, 0, 0, -1372.235
5.02451965951208, 10, 52, 0, 0, -1372.235
5.02294116116214, 10, 18, 0, 0, -1372.235
5.00335740855114, 8, 149, 0, 0, -1372.235
4.99281394544843, 5, 1807, 0, 0, -1372.235
4.98633154283965, 9, 45, 0, 0, -1372.235
4.96489124935586, 10, 29, 0, 0, -1372.235
4.94916959906461, 7, 242, 0, 0, -1372.235
4.9302218005507, 10, 30, 0, 0, -1372.235
4.92669657327109, 9, 48, 0, 0, -1372.235
4.91509198690129, 10, 62, 0, 0, -1372.235
4.90032109792165, 9, 31, 0, 0, -1372.235
4.89213135182668, 9, 72, 0, 0, -1372.235
4.88534683685383, 10, 16, 0, 0, -1372.235
4.85683259586535, 10, 43, 0, 0, -1372.235
4.83060143340889, 3, 5348, 0, 0, -1372.235
4.82334324929867, 10, 20, 0, 0, -1372.235
4.81564556601836, 10, 32, 0, 0, -1372.235
4.81466889758107, 9, 49, 0, 0, -1372.235
4.8054491801829, 9, 137, 0, 0, -1372.235
4.80038940002481, 10, 31, 0, 0, -1372.235
4.77842734106748, 10, 35, 0, 0, -1372.235
4.77630977536346, 10, 13, 0, 0, -1372.235
4.76418425256127, 10, 22, 0, 0, -1372.235
4.75732062434139, 9, 40, 0, 0, -1372.235
4.75228782892991, 10, 30, 0, 0, -1372.235
4.7207703113425, 10, 41, 0, 0, -1372.235
4.70987951248417, 10, 17, 0, 0, -1372.235
4.70172509364021, 8, 116, 0, 0, -1372.235
4.70033313734029, 8, 228, 0, 0, -1372.235
4.68133993729976, 10, 30, 0, 0, -1372.235
4.67788542514837, 10, 33, 0, 0, -1372.235
4.6762718745569, 10, 45, 0, 0, -1372.235
4.67197100502893, 5, 909, 0, 0, -1372.235
4.67053285268128, 10, 69, 0, 0, -1372.235
4.66480126499136, 9, 54, 0, 0, -1372.235
4.64852529774693, 9, 85, 0, 0, -1372.235
4.62605587327347, 10, 55, 0, 0, -1372.235
4.62269915484515, 8, 100, 0, 0, -1372.235
4.61353277954759, 10, 14, 0, 0, -1372.235
4.59356831154845, 10, 28, 0, 0, -1372.235
4.59356831154845, 10, 28, 0, 0, -1372.235
4.59212175788225, 5, 928, 0, 0, -1372.235
4.59003924732272, 10, 23, 0, 0, -1372.235
4.58014259333354, 8, 109, 0, 0, -1372.235
4.57215268403986, 9, 35, 0, 0, -1372.235
4.55793333206463, 9, 131, 0, 0, -1372.235
4.55515486021863, 10, 31, 0, 0, -1372.235
4.55406002035437, 9, 78, 0, 0, -1372.235
4.54398599702031, 7, 373, 0, 0, -1372.235
4.54326933447645, 10, 35, 0, 0, -1372.235
4.54074036152844, 9, 52, 0, 0, -1372.235
4.53566106688582, 10, 15, 0, 0, -1372.235
4.52549500705585, 10, 19, 0, 0, -1372.235
4.52479938149259, 10, 65, 0, 0, -1372.235
4.51449864553275, 8, 260, 0, 0, -1372.235
4.50150436396913, 8, 118, 0, 0, -1372.235
4.49992035587109, 9, 62, 0, 0, -1372.235
4.49792001616597, 10, 41, 0, 0, -1372.235
4.49442655649888, 10, 20, 0, 0, -1372.235
4.49257705557363, 10, 27, 0, 0, -1372.235
4.48901784417816, 10, 20, 0, 0, -1372.235
4.48613275026836, 10, 24, 0, 0, -1372.235
4.48613275026836, 10, 24, 0, 0, -1372.235
4.48166120080643, 10, 33, 0, 0, -1372.235
4.48105652552657, 9, 103, 0, 0, -1372.235
4.46536965168715, 10, 23, 0, 0, -1372.235
4.45806560414578, 10, 33, 0, 0, -1372.235
4.45767730526952, 10, 40, 0, 0, -1372.235
4.45561032965521, 8, 74, 0, 0, -1372.235
4.45510330149751, 9, 55, 0, 0, -1372.235
4.45125642770099, 10, 60, 0, 0, -1372.235
4.44779192339767, 10, 15, 0, 0, -1372.235
4.44589107437564, 9, 73, 0, 0, -1372.235
4.43785494768525, 10, 36, 0, 0, -1372.235
4.43608724136816, 8, 172, 0, 0, -1372.235
4.43076250829418, 7, 209, 0, 0, -1372.235
4.42431826729988, 7, 169, 0, 0, -1372.235
4.42241697879104, 9, 57, 0, 0, -1372.235
4.41811983605596, 7, 230, 0, 0, -1372.235
4.41189680079307, 8, 96, 0, 0, -1372.235
4.40145460463309, 7, 303, 0, 0, -1372.235
4.38535669458063, 4, 2737, 0, 0, -1372.235
4.37279633995787, 10, 20, 0, 0, -1372.235
4.37250708733473, 7, 209, 0, 0, -1372.235
4.35846582933768, 10, 28, 0, 0, -1372.235
4.35202937460578, 9, 82, 0, 0, -1372.235
4.35072555085626, 9, 53, 0, 0, -1372.235
4.33710895364216, 5, 761, 0, 0, -1372.235
4.33613133451346, 10, 20, 0, 0, -1372.235
4.33343111318542, 10, 48, 0, 0, -1372.235
4.32504034864148, 10, 28, 0, 0, -1372.235
4.32056592128546, 10, 12, 0, 0, -1372.235
4.31321849866709, 8, 166, 0, 0, -1372.235
4.29587783555355, 10, 24, 0, 0, -1372.235
4.2887467658285, 10, 32, 0, 0, -1372.235
4.28606773226454, 8, 201, 0, 0, -1372.235
4.27453976185469, 9, 109, 0, 0, -1372.235
4.26417140311568, 7, 240, 0, 0, -1372.235
4.26374947905612, 10, 45, 0, 0, -1372.235
4.25409941254828, 7, 216, 0, 0, -1372.235
4.24908503037799, 10, 25, 0, 0, -1372.235
4.24496471357267, 10, 40, 0, 0, -1372.235
4.24493953325721, 4, 2846, 0, 0, -1372.235
4.23954291970804, 9, 88, 0, 0, -1372.235
4.23780123366094, 9, 24, 0, 0, -1372.235
4.23221724883422, 7, 254, 0, 0, -1372.235
4.22385862764494, 10, 45, 0, 0, -1372.235
4.22122430911049, 10, 53, 0, 0, -1372.235
4.21936088459609, 9, 68, 0, 0, -1372.235
4.21606410760177, 10, 48, 0, 0, -1372.235
4.19778380547328, 9, 69, 0, 0, -1372.235
4.19049798565867, 9, 94, 0, 0, -1372.235
4.18746471069515, 8, 172, 0, 0, -1372.235
4.18393752551251, 7, 322, 0, 0, -1372.235
4.18270966557654, 8, 110, 0, 0, -1372.235
4.18254064097192, 10, 22, 0, 0, -1372.235
4.18254064097192, 10, 22, 0, 0, -1372.235
4.16835771152688, 8, 167, 0, 0, -1372.235
4.15209643213512, 10, 12, 0, 0, -1372.235
4.15209643213512, 10, 12, 0, 0, -1372.235
4.15040031884885, 9, 48, 0, 0, -1372.235
4.14470329301109, 10, 23, 0, 0, -1372.235
4.14139658616479, 8, 123, 0, 0, -1372.235
4.13189173640397, 10, 42, 0, 0, -1372.235
4.13093424672305, 10, 12, 0, 0, -1372.235
4.12940714596018, 10, 22, 0, 0, -1372.235
4.12882178872379, 10, 25, 0, 0, -1372.235
4.12669070271363, 4, 2359, 0, 0, -1372.235
4.113317519367, 10, 20, 0, 0, -1372.235
4.10907301403755, 10, 27, 0, 0, -1372.235
4.10611718383243, 10, 27, 0, 0, -1372.235
4.10050333815852, 10, 29, 0, 0, -1372.235
4.08681668058385, 9, 61, 0, 0, -1372.235
4.08074099725084, 10, 21, 0, 0, -1372.235
4.07622366710277, 9, 76, 0, 0, -1372.235
4.07005179961473, 8, 271, 0, 0, -1372.235
4.0688447365509, 10, 22, 0, 0, -1372.235
4.06814039237886, 10, 16, 0, 0, -1372.235
4.06788188205324, 10, 67, 0, 0, -1372.235
4.06436617947907, 7, 228, 0, 0, -1372.235
4.02133051828537, 10, 71, 0, 0, -1372.235
4.01928940170426, 9, 71, 0, 0, -1372.235
4.01854216464222, 7, 179, 0, 0, -1372.235
4.00835726879562, 10, 51, 0, 0, -1372.235
4.0049225894714, 6, 646, 0, 0, -1372.235
4.00061330723462, 8, 121, 0, 0, -1372.235
3.98641763428104, 10, 17, 0, 0, -1372.235
3.98641004937634, 10, 28, 0, 0, -1372.235
3.9849958269406, 10, 40, 0, 0, -1372.235
3.98381108484605, 7, 224, 0, 0, -1372.235
3.98367619142372, 6, 520, 0, 0, -1372.235
3.97921662647348, 10, 25, 0, 0, -1372.235
3.97921662647347, 10, 25, 0, 0, -1372.235
3.97791928833673, 9, 61, 0, 0, -1372.235
3.97672104032563, 10, 18, 0, 0, -1372.235
3.9696203108943, 10, 11, 0, 0, -1372.235
3.96203760508083, 9, 48, 0, 0, -1372.235
3.95734232260574, 9, 61, 0, 0, -1372.235
3.95086016132073, 8, 67, 0, 0, -1372.235
3.95063348601423, 8, 89, 0, 0, -1372.235
3.94373588205257, 8, 121, 0, 0, -1372.235
3.93718775749587, 10, 19, 0, 0, -1372.235
3.91487615202948, 9, 62, 0, 0, -1372.235
3.91084199067132, 9, 95, 0, 0, -1372.235
3.90973824801788, 7, 480, 0, 0, -1372.235
3.90853867298465, 9, 35, 0, 0, -1372.235
3.90208762140948, 10, 30, 0, 0, -1372.235
3.89105669299276, 8, 110, 0, 0, -1372.235
3.88352382542364, 9, 29, 0, 0, -1372.235
3.8793466932375, 7, 340, 0, 0, -1372.235
3.86915540111171, 10, 21, 0, 0, -1372.235
3.86418512099729, 9, 61, 0, 0, -1372.235
3.85757578462099, 7, 454, 0, 0, -1372.235
3.85380979117728, 10, 47, 0, 0, -1372.235
3.84485991684782, 8, 184, 0, 0, -1372.235
3.84199955240973, 7, 248, 0, 0, -1372.235
3.83520029346802, 10, 56, 0, 0, -1372.235
3.83096305347391, 10, 18, 0, 0, -1372.235
3.82398577953132, 10, 21, 0, 0, -1372.235
3.81394419856044, 10, 52, 0, 0, -1372.235
3.80851750103196, 8, 93, 0, 0, -1372.235
3.8021435, 9, 64, 0, 0, -1372.235
3.79303718450473, 9, 116, 0, 0, -1372.235
3.78963792941212, 7, 290, 0, 0, -1372.235
3.77904757514101, 10, 57, 0, 0, -1372.235
3.77396581548087, 5, 691, 0, 0, -1372.235
3.76921905414494, 10, 50, 0, 0, -1372.235
3.76642175581924, 7, 502, 0, 0, -1372.235
3.76520987706033, 9, 98, 0, 0, -1372.235
3.75484398685476, 9, 45, 0, 0, -1372.235
3.75396498043238, 10, 33, 0, 0, -1372.235
3.7466502498994, 10, 22, 0, 0, -1372.235
3.74179410234613, 10, 18, 0, 0, -1372.235
3.74014433808495, 9, 85, 0, 0, -1372.235
3.72857877564215, 9, 137, 0, 0, -1372.235
3.7196953018239, 9, 99, 0, 0, -1372.235
3.71625462301631, 9, 101, 0, 0, -1372.235
3.71213075364135, 10, 25, 0, 0, -1372.235
3.71115587338341, 10, 47, 0, 0, -1372.235
3.70642982868717, 7, 376, 0, 0, -1372.235
3.70568951381743, 8, 186, 0, 0, -1372.235
3.70126586708209, 10, 50, 0, 0, -1372.235
3.6891585074821, 6, 380, 0, 0, -1372.235
3.68154179298601, 10, 49, 0, 0, -1372.235
3.67908428828937, 10, 30, 0, 0, -1372.235
3.67705602202603, 10, 33, 0, 0, -1372.235
3.66572231596397, 10, 42, 0, 0, -1372.235
3.65750510810085, 10, 20, 0, 0, -1372.235
3.65191393997481, 10, 28, 0, 0, -1372.235
3.65015284524502, 10, 30, 0, 0, -1372.235
3.64847308609893, 10, 29, 0, 0, -1372.235
3.64840560491671, 10, 32, 0, 0, -1372.235
3.64839858341643, 7, 213, 0, 0, -1372.235
3.64801762980678, 10, 52, 0, 0, -1372.235
3.64649876559392, 7, 433, 0, 0, -1372.235
3.64115947064019, 10, 39, 0, 0, -1372.235
3.63513116475913, 8, 113, 0, 0, -1372.235
3.63388447037667, 10, 14, 0, 0, -1372.235
3.63326417525774, 10, 64, 0, 0, -1372.235
3.63078812763208, 10, 25, 0, 0, -1372.235
3.62631149771934, 10, 37, 0, 0, -1372.235
3.60951195547153, 9, 31, 0, 0, -1372.235
3.60513347234219, 10, 34, 0, 0, -1372.235
3.59570712143693, 10, 15, 0, 0, -1372.235
3.5953611111111, 9, 64, 0, 0, -1372.235
3.59190104504839, 10, 14, 0, 0, -1372.235
3.59190104504838, 10, 14, 0, 0, -1372.235
3.58599263454115, 9, 61, 0, 0, -1372.235
3.58274068045323, 10, 27, 0, 0, -1372.235
3.57857792579198, 10, 31, 0, 0, -1372.235
3.57857792579198, 10, 31, 0, 0, -1372.235
3.57846055319297, 10, 30, 0, 0, -1372.235
3.57766212680855, 9, 32, 0, 0, -1372.235
3.57596136952852, 10, 51, 0, 0, -1372.235
3.5751811316016, 10, 22, 0, 0, -1372.235
3.57467482454471, 10, 41, 0, 0, -1372.235
3.56410836814699, 10, 20, 0, 0, -1372.235
3.56369196966651, 9, 176, 0, 0, -1372.235
3.56260472261776, 8, 195, 0, 0, -1372.235
3.56101545013754, 10, 65, 0, 0, -1372.235
3.55637792353226, 8, 125, 0, 0, -1372.235
3.5535163793961, 9, 81, 0, 0, -1372.235
3.54964153438677, 8, 140, 0, 0, -1372.235
3.54952685983558, 8, 209, 0, 0, -1372.235
3.54759402717823, 7, 276, 0, 0, -1372.235
3.5466682113241, 10, 29, 0, 0, -1372.235
3.54541432491007, 10, 31, 0, 0, -1372.235
3.5440933795121, 10, 24, 0, 0, -1372.235
3.54234329579689, 9, 115, 0, 0, -1372.235
3.54202898807689, 10, 51, 0, 0, -1372.235
3.54052651894396, 9, 99, 0, 0, -1372.235
3.5351836658687, 7, 134, 0, 0, -1372.235
3.52982937558919, 10, 31, 0, 0, -1372.235
3.52663879378954, 8, 254, 0, 0, -1372.235
3.52646964989094, 8, 135, 0, 0, -1372.235
3.51782787841922, 10, 18, 0, 0, -1372.235
3.51361265012011, 8, 103, 0, 0, -1372.235
3.5109804509185, 8, 159, 0, 0, -1372.235
3.509705211824, 9, 55, 0, 0, -1372.235
3.50724580821117, 8, 12, 0, 0, -1372.235
3.50693925515203, 10, 15, 0, 0, -1372.235
3.50631112297188, 8, 118, 0, 0, -1372.235
3.49541204552868, 10, 29, 0, 0, -1372.235
3.48847411577514, 10, 41, 0, 0, -1372.235
3.48727925005147, 10, 27, 0, 0, -1372.235
3.48576373329782, 10, 32, 0, 0, -1372.235
3.48480715580539, 7, 213, 0, 0, -1372.235
3.48137344282608, 10, 19, 0, 0, -1372.235
3.47380362280768, 10, 35, 0, 0, -1372.235
3.46968620251694, 6, 360, 0, 0, -1372.235
3.46271249212447, 10, 29, 0, 0, -1372.235
3.45452502136549, 10, 46, 0, 0, -1372.235
3.44943002071921, 7, 215, 0, 0, -1372.235
3.444673363963, 10, 35, 0, 0, -1372.235
3.44143463432001, 8, 75, 0, 0, -1372.235
3.43766439433041, 10, 32, 0, 0, -1372.235
3.4308502562747, 10, 15, 0, 0, -1372.235
3.42956453740242, 9, 57, 0, 0, -1372.235
3.42500949248426, 9, 73, 0, 0, -1372.235
3.42443298662857, 10, 23, 0, 0, -1372.235
3.42113919237399, 8, 163, 0, 0, -1372.235
3.41814737565774, 9, 44, 0, 0, -1372.235
3.4165516601057, 10, 71, 0, 0, -1372.235
3.41397237312566, 9, 36, 0, 0, -1372.235
3.41009772851329, 8, 102, 0, 0, -1372.235
3.40696661236865, 7, 416, 0, 0, -1372.235
3.40049697580443, 5, 1019, 0, 0, -1372.235
3.39630615175784, 10, 68, 0, 0, -1372.235
3.39204429151248, 7, 373, 0, 0, -1372.235
3.38587867830841, 10, 35, 0, 0, -1372.235
3.37719819927935, 8, 133, 0, 0, -1372.235
3.37540683413979, 8, 29, 0, 0, -1372.235
3.36542660280512, 10, 33, 0, 0, -1372.235
3.36402245064816, 9, 90, 0, 0, -1372.235
3.36286358722711, 10, 84, 0, 0, -1372.235
3.35775924774921, 9, 58, 0, 0, -1372.235
3.35678553484794, 10, 7, 0, 0, -1372.235
3.35214873273025, 9, 41, 0, 0, -1372.235
3.35031537247562, 8, 224, 0, 0, -1372.235
3.34349004895664, 6, 471, 0, 0, -1372.235
3.34266860191758, 10, 74, 0, 0, -1372.235
3.33389187282731, 10, 66, 0, 0, -1372.235
3.33285688027649, 10, 21, 0, 0, -1372.235
3.32981843612728, 9, 108, 0, 0, -1372.235
3.32969917912081, 10, 33, 0, 0, -1372.235
3.32067950288668, 8, 119, 0, 0, -1372.235
3.31436127012373, 10, 47, 0, 0, -1372.235
3.3075857026319, 10, 35, 0, 0, -1372.235
3.30493885088295, 7, 153, 0, 0, -1372.235
3.30403284142272, 10, 46, 0, 0, -1372.235
3.30333774742199, 8, 170, 0, 0, -1372.235
3.29887592602272, 7, 413, 0, 0, -1372.235
3.2976031623487, 8, 120, 0, 0, -1372.235
3.28567697382197, 10, 29, 0, 0, -1372.235
3.28198193286976, 9, 138, 0, 0, -1372.235
3.27802005492766, 10, 61, 0, 0, -1372.235
3.27669901354834, 8, 112, 0, 0, -1372.235
3.27055653356642, 9, 59, 0, 0, -1372.235
3.26859112857523, 10, 20, 0, 0, -1372.235
3.2665787468772, 10, 34, 0, 0, -1372.235
3.25299898627409, 10, 31, 0, 0, -1372.235
3.2526270597109, 9, 79, 0, 0, -1372.235
3.24874825408695, 9, 46, 0, 0, -1372.235
3.24670687374339, 10, 47, 0, 0, -1372.235
3.24061663396782, 8, 137, 0, 0, -1372.235
3.23990440627598, 7, 499, 0, 0, -1372.235
3.2350976254016, 6, 490, 0, 0, -1372.235
3.23494476283382, 9, 66, 0, 0, -1372.235
3.23461982318904, 7, 157, 0, 0, -1372.235
3.23215133483129, 10, 29, 0, 0, -1372.235
3.2299357740981, 9, 44, 0, 0, -1372.235
3.22556889012863, 10, 30, 0, 0, -1372.235
3.21844579237927, 9, 54, 0, 0, -1372.235
3.21512861300613, 9, 55, 0, 0, -1372.235
3.21390925122026, 10, 25, 0, 0, -1372.235
3.2005143834908, 8, 116, 0, 0, -1372.235
3.19631596071218, 7, 362, 0, 0, -1372.235
3.19024177466149, 10, 48, 0, 0, -1372.235
3.18999339156859, 10, 32, 0, 0, -1372.235
3.18885141394734, 9, 61, 0, 0, -1372.235
3.1790716507721, 9, 48, 0, 0, -1372.235
3.1769533324287, 8, 153, 0, 0, -1372.235
3.17120189021859, 10, 37, 0, 0, -1372.235
3.1679208707907, 9, 43, 0, 0, -1372.235
3.1670873883009, 9, 93, 0, 0, -1372.235
3.16027279486971, 5, 855, 0, 0, -1372.235
3.15820888392807, 9, 49, 0, 0, -1372.235
3.15435811466615, 10, 28, 0, 0, -1372.235
3.1529891400335, 9, 81, 0, 0, -1372.235
3.14799136175523, 9, 107, 0, 0, -1372.235
3.13657672313831, 10, 32, 0, 0, -1372.235
3.13654971261892, 10, 40, 0, 0, -1372.235
3.1305563635783, 9, 48, 0, 0, -1372.235
3.12928872851047, 9, 56, 0, 0, -1372.235
3.12792142473848, 10, 31, 0, 0, -1372.235
3.12705022581733, 8, 163, 0, 0, -1372.235
3.12250328238741, 10, 33, 0, 0, -1372.235
3.11513503364737, 9, 79, 0, 0, -1372.235
3.1142525740735, 7, 247, 0, 0, -1372.235
3.11329214406921, 9, 37, 0, 0, -1372.235
3.10156103942688, 10, 35, 0, 0, -1372.235
3.10150389717682, 10, 38, 0, 0, -1372.235
3.10115411228393, 7, 245, 0, 0, -1372.235
3.09385216604295, 8, 166, 0, 0, -1372.235
3.09076953784779, 10, 40, 0, 0, -1372.235
3.08691056747901, 8, 113, 0, 0, -1372.235
3.0862582202438, 9, 112, 0, 0, -1372.235
3.08124587788262, 10, 49, 0, 0, -1372.235
3.08051112967845, 10, 45, 0, 0, -1372.235
3.07229759102786, 7, 328, 0, 0, -1372.235
3.06811816551558, 10, 43, 0, 0, -1372.235
3.06765495455861, 9, 100, 0, 0, -1372.235
3.06549179084207, 10, 15, 0, 0, -1372.235
3.05619944105689, 9, 64, 0, 0, -1372.235
3.05524813181998, 7, 308, 0, 0, -1372.235
3.05258331071437, 7, 253, 0, 0, -1372.235
3.04384540891178, 10, 29, 0, 0, -1372.235
3.04092710019784, 10, 37, 0, 0, -1372.235
3.03011007539252, 10, 82, 0, 0, -1372.235
3.02494192055848, 10, 18, 0, 0, -1372.235
3.02321326723858, 9, 85, 0, 0, -1372.235
3.02289795052377, 8, 121, 0, 0, -1372.235
3.02287181977507, 5, 1089, 0, 0, -1372.235
3.01691318871654, 8, 149, 0, 0, -1372.235
3.01158920646435, 9, 91, 0, 0, -1372.235
3.01000707671164, 10, 62, 0, 0, -1372.235
3.00885081271236, 10, 28, 0, 0, -1372.235
3.00765837958173, 10, 13, 0, 0, -1372.235
3.00765837958171, 10, 13, 0, 0, -1372.235
3.0064003173327, 10, 37, 0, 0, -1372.235
3.00270487558903, 10, 25, 0, 0, -1372.235
3.00238830085813, 6, 414, 0, 0, -1372.235
2.99479094757716, 9, 46, 0, 0, -1372.235
2.99434241603136, 8, 57, 0, 0, -1372.235
2.99422847079225, 8, 140, 0, 0, -1372.235
2.98527382066417, 9, 80, 0, 0, -1372.235
2.98514499160582, 8, 94, 0, 0, -1372.235
2.98478500048951, 7, 393, 0, 0, -1372.235
2.98364062556576, 8, 124, 0, 0, -1372.235
2.97684341917355, 8, 155, 0, 0, -1372.235
2.97664046448565, 10, 19, 0, 0, -1372.235
2.97612832558891, 9, 31, 0, 0, -1372.235
2.97611315747018, 10, 22, 0, 0, -1372.235
2.97045534704367, 10, 29, 0, 0, -1372.235
2.96983331172483, 10, 25, 0, 0, -1372.235
2.9651853497189, 9, 87, 0, 0, -1372.235
2.96099495772102, 10, 33, 0, 0, -1372.235
2.95290416925589, 10, 29, 0, 0, -1372.235
2.95064970164585, 8, 212, 0, 0, -1372.235
2.9302536928913, 9, 44, 0, 0, -1372.235
2.92765160110038, 8, 214, 0, 0, -1372.235
2.92757446924359, 7, 338, 0, 0, -1372.235
2.9266570157488, 9, 90, 0, 0, -1372.235
2.92611238898292, 6, 753, 0, 0, -1372.235
2.9260197119443, 6, 427, 0, 0, -1372.235
2.91365677060931, 10, 39, 0, 0, -1372.235
2.90340883442366, 8, 127, 0, 0, -1372.235
2.8999038420786, 10, 33, 0, 0, -1372.235
2.89895454208606, 10, 45, 0, 0, -1372.235
2.89487602178258, 9, 93, 0, 0, -1372.235
2.89238999276731, 9, 88, 0, 0, -1372.235
2.88988571414623, 9, 58, 0, 0, -1372.235
2.88885949911105, 10, 38, 0, 0, -1372.235
2.88771047077388, 10, 30, 0, 0, -1372.235
2.88639530677433, 9, 116, 0, 0, -1372.235
2.88515547869776, 7, 171, 0, 0, -1372.235
2.88214661489631, 10, 25, 0, 0, -1372.235
2.8814984936658, 9, 73, 0, 0, -1372.235
2.87975579771978, 10, 40, 0, 0, -1372.235
2.8792951015551, 10, 31, 0, 0, -1372.235
2.86463059169849, 10, 60, 0, 0, -1372.235
2.86338522286519, 10, 31, 0, 0, -1372.235
2.86141397721001, 9, 92, 0, 0, -1372.235
2.8545834024882, 8, 163, 0, 0, -1372.235
2.85391614305994, 10, 12, 0, 0, -1372.235
2.84343480611129, 9, 91, 0, 0, -1372.235
2.84158930144911, 8, 73, 0, 0, -1372.235
2.84099479285743, 8, 189, 0, 0, -1372.235
2.83650327612357, 10, 40, 0, 0, -1372.235
2.82830221806147, 10, 16, 0, 0, -1372.235
2.82830221806146, 10, 16, 0, 0, -1372.235
2.82791081373134, 6, 932, 0, 0, -1372.235
2.82291953453619, 9, 13, 0, 0, -1372.235
2.82276514913467, 7, 465, 0, 0, -1372.235
2.82148483416681, 9, 130, 0, 0, -1372.235
2.81454359640133, 9, 78, 0, 0, -1372.235
2.81334807814663, 7, 270, 0, 0, -1372.235
2.8106090934941, 8, 181, 0, 0, -1372.235
2.80728209047817, 10, 34, 0, 0, -1372.235
2.80612722398253, 9, 15, 0, 0, -1372.235
2.80061224242576, 8, 127, 0, 0, -1372.235
2.80001372544298, 10, 33, 0, 0, -1372.235
2.79772586321416, 9, 126, 0, 0, -1372.235
2.79656563675552, 10, 54, 0, 0, -1372.235
2.79379362707151, 10, 45, 0, 0, -1372.235
2.77629368989852, 10, 54, 0, 0, -1372.235
2.76765238454999, 9, 51, 0, 0, -1372.235
2.76233572202062, 8, 174, 0, 0, -1372.235
2.75400215048393, 6, 475, 0, 0, -1372.235
2.74791375075093, 9, 99, 0, 0, -1372.235
2.74419049817907, 9, 58, 0, 0, -1372.235
2.74207376697762, 9, 42, 0, 0, -1372.235
2.73879511446668, 8, 104, 0, 0, -1372.235
2.73850293326041, 10, 94, 0, 0, -1372.235
2.73610674703802, 10, 42, 0, 0, -1372.235
2.73556107021965, 10, 19, 0, 0, -1372.235
2.72936271402483, 5, 1231, 0, 0, -1372.235
2.72906152774453, 9, 45, 0, 0, -1372.235
2.72759767961311, 10, 38, 0, 0, -1372.235
2.72080694471363, 9, 59, 0, 0, -1372.235
2.718423748692, 10, 41, 0, 0, -1372.235
2.70794504133287, 9, 60, 0, 0, -1372.235
2.707451552094, 10, 35, 0, 0, -1372.235
2.70740189835736, 6, 982, 0, 0, -1372.235
2.70219729809409, 10, 28, 0, 0, -1372.235
2.70102172313977, 10, 72, 0, 0, -1372.235
2.69832764530709, 9, 139, 0, 0, -1372.235
2.69745083772787, 9, 63, 0, 0, -1372.235
2.69388634525479, 10, 30, 0, 0, -1372.235
2.69263531473593, 10, 28, 0, 0, -1372.235
2.69226402782079, 10, 23, 0, 0, -1372.235
2.69226402782079, 10, 23, 0, 0, -1372.235
2.69091494206646, 10, 26, 0, 0, -1372.235
2.69067840696555, 9, 123, 0, 0, -1372.235
2.69044986680718, 10, 12, 0, 0, -1372.235
2.68581058525026, 8, 129, 0, 0, -1372.235
2.67832962535989, 10, 25, 0, 0, -1372.235
2.6780843866609, 9, 58, 0, 0, -1372.235
2.67676964190774, 8, 172, 0, 0, -1372.235
2.67440609935178, 10, 16, 0, 0, -1372.235
2.66998672687075, 9, 53, 0, 0, -1372.235
2.66877552384673, 5, 841, 0, 0, -1372.235
2.66581578382179, 8, 204, 0, 0, -1372.235
2.66564295448062, 10, 61, 0, 0, -1372.235
2.66214556395486, 10, 60, 0, 0, -1372.235
2.65999728916565, 10, 40, 0, 0, -1372.235
2.65392951789425, 10, 36, 0, 0, -1372.235
2.65162945670262, 9, 73, 0, 0, -1372.235
2.64264155137605, 10, 63, 0, 0, -1372.235
2.64230693482112, 9, 81, 0, 0, -1372.235
2.64229941689016, 9, 88, 0, 0, -1372.235
2.6397237639967, 9, 38, 0, 0, -1372.235
2.63942568144407, 10, 46, 0, 0, -1372.235
2.63120681754965, 10, 62, 0, 0, -1372.235
2.62977681206027, 9, 70, 0, 0, -1372.235
2.62705929415575, 5, 1273, 0, 0, -1372.235
2.62450367460133, 10, 28, 0, 0, -1372.235
2.62336575966602, 9, 101, 0, 0, -1372.235
2.6184914893146, 5, 1278, 0, 0, -1372.235
2.61591620963327, 9, 88, 0, 0, -1372.235
2.61078339206684, 10, 16, 0, 0, -1372.235
2.60719243034141, 9, 162, 0, 0, -1372.235
2.60608776784068, 10, 43, 0, 0, -1372.235
2.60424699455954, 10, 25, 0, 0, -1372.235
2.59709814736131, 8, 199, 0, 0, -1372.235
2.59445497083276, 9, 104, 0, 0, -1372.235
2.59402027021238, 10, 37, 0, 0, -1372.235
2.59254298184293, 9, 70, 0, 0, -1372.235
2.59127033686464, 1, 14870, 0, 0, -1372.235
2.58467712092959, 10, 31, 0, 0, -1372.235
2.57795449731274, 9, 85, 0, 0, -1372.235
2.57690727865764, 10, 41, 0, 0, -1372.235
2.5768683176036, 7, 300, 0, 0, -1372.235
2.57456218607749, 10, 29, 0, 0, -1372.235
2.56898647523416, 10, 15, 0, 0, -1372.235
2.56835869740106, 9, 46, 0, 0, -1372.235
2.56464075042055, 6, 507, 0, 0, -1372.235
2.56378161782737, 9, 61, 0, 0, -1372.235
2.55813526055336, 7, 499, 0, 0, -1372.235
2.55701488464498, 10, 66, 0, 0, -1372.235
2.55398878552881, 7, 260, 0, 0, -1372.235
2.55171219613895, 7, 281, 0, 0, -1372.235
2.54968830461702, 10, 69, 0, 0, -1372.235
2.54390461724241, 9, 80, 0, 0, -1372.235
2.53628579031949, 7, 43, 0, 0, -1372.235
2.53626197221388, 5, 894, 0, 0, -1372.235
2.53106281272477, 7, 368, 0, 0, -1372.235
2.53087493950007, 9, 66, 0, 0, -1372.235
2.52936320904127, 9, 168, 0, 0, -1372.235
2.52594791033503, 6, 310, 0, 0, -1372.235
2.52268635453029, 10, 35, 0, 0, -1372.235
2.51647180703641, 7, 391, 0, 0, -1372.235
2.51469887783982, 9, 72, 0, 0, -1372.235
2.51198021190209, 9, 82, 0, 0, -1372.235
2.50747309952615, 9, 83, 0, 0, -1372.235
2.50739790114049, 8, 92, 0, 0, -1372.235
2.50735329366577, 9, 48, 0, 0, -1372.235
2.5070769590255, 9, 127, 0, 0, -1372.235
2.50703145700102, 8, 112, 0, 0, -1372.235
2.50643239936393, 8, 115, 0, 0, -1372.235
2.50455438792604, 9, 60, 0, 0, -1372.235
2.50398263864032, 10, 39, 0, 0, -1372.235
2.4972663650845, 9, 128, 0, 0, -1372.235
2.49392973023648, 8, 141, 0, 0, -1372.235
2.48635628170617, 9, 58, 0, 0, -1372.235
2.47514027695931, 9, 59, 0, 0, -1372.235
2.47383818951783, 10, 48, 0, 0, -1372.235
2.47119135246197, 10, 36, 0, 0, -1372.235
2.46996009179702, 8, 199, 0, 0, -1372.235
2.46968897817578, 8, 36, 0, 0, -1372.235
2.46955941732423, 10, 44, 0, 0, -1372.235
2.46718314649211, 8, 172, 0, 0, -1372.235
2.46698184502972, 9, 100, 0, 0, -1372.235
2.4660143565325, 10, 36, 0, 0, -1372.235
2.46427842509077, 7, 380, 0, 0, -1372.235
2.46301296001873, 10, 47, 0, 0, -1372.235
2.46032817248432, 10, 32, 0, 0, -1372.235
2.4595451903034, 9, 56, 0, 0, -1372.235
2.45782676897735, 9, 144, 0, 0, -1372.235
2.45746591878212, 10, 15, 0, 0, -1372.235
2.45685445024552, 10, 29, 0, 0, -1372.235
2.45457981017936, 10, 29, 0, 0, -1372.235
2.45201911134585, 10, 43, 0, 0, -1372.235
2.45184105322753, 10, 54, 0, 0, -1372.235
2.44725509949969, 6, 322, 0, 0, -1372.235
2.44687484998592, 9, 116, 0, 0, -1372.235
2.44302637875204, 10, 38, 0, 0, -1372.235
2.44150747551096, 6, 231, 0, 0, -1372.235
2.44088850241444, 6, 538, 0, 0, -1372.235
2.4287838409053, 9, 112, 0, 0, -1372.235
2.42623708199968, 10, 36, 0, 0, -1372.235
2.42427395634634, 10, 34, 0, 0, -1372.235
2.41540719775639, 10, 37, 0, 0, -1372.235
2.4068839423187, 10, 54, 0, 0, -1372.235
2.40638256999934, 10, 20, 0, 0, -1372.235
2.4054846964001, 10, 69, 0, 0, -1372.235
2.40476541803054, 9, 63, 0, 0, -1372.235
2.40125085688581, 8, 225, 0, 0, -1372.235
2.39876703747153, 10, 22, 0, 0, -1372.235
2.39123707546354, 10, 18, 0, 0, -1372.235
2.39092670924182, 6, 623, 0, 0, -1372.235
2.38030514847383, 9, 39, 0, 0, -1372.235
2.37614337277683, 7, 391, 0, 0, -1372.235
2.37438591358805, 9, 16, 0, 0, -1372.235
2.37322111376825, 10, 36, 0, 0, -1372.235
2.37299879128136, 10, 41, 0, 0, -1372.235
2.37033390348671, 10, 32, 0, 0, -1372.235
2.36906925291382, 9, 60, 0, 0, -1372.235
2.36241067908578, 9, 56, 0, 0, -1372.235
2.36132193083124, 10, 33, 0, 0, -1372.235
2.36122627441644, 10, 33, 0, 0, -1372.235
2.36097605350474, 10, 19, 0, 0, -1372.235
2.35617134743449, 10, 45, 0, 0, -1372.235
2.35487659122596, 9, 59, 0, 0, -1372.235
2.35449451987731, 6, 394, 0, 0, -1372.235
2.35119343193998, 10, 33, 0, 0, -1372.235
2.3501163443827, 9, 61, 0, 0, -1372.235
2.34679361095239, 9, 75, 0, 0, -1372.235
2.34431218103525, 10, 63, 0, 0, -1372.235
2.34296528587328, 8, 183, 0, 0, -1372.235
2.34059952801358, 6, 656, 0, 0, -1372.235
2.33645532388511, 10, 67, 0, 0, -1372.235
2.33506495773136, 10, 36, 0, 0, -1372.235
2.33215947383395, 9, 101, 0, 0, -1372.235
2.33183837047817, 7, 290, 0, 0, -1372.235
2.33046877864899, 10, 42, 0, 0, -1372.235
2.32733714614322, 9, 55, 0, 0, -1372.235
2.32307939707585, 10, 48, 0, 0, -1372.235
2.32271223981586, 8, 126, 0, 0, -1372.235
2.31840845800404, 10, 24, 0, 0, -1372.235
2.31374729330709, 10, 64, 0, 0, -1372.235
2.31373077869238, 9, 108, 0, 0, -1372.235
2.31366026295907, 10, 57, 0, 0, -1372.235
2.31340909579716, 10, 46, 0, 0, -1372.235
2.31214140185495, 6, 532, 0, 0, -1372.235
2.31032906449298, 8, 39, 0, 0, -1372.235
2.30999902160537, 8, 159, 0, 0, -1372.235
2.30982146486898, 10, 39, 0, 0, -1372.235
2.30939175275578, 10, 53, 0, 0, -1372.235
2.30620525207142, 9, 148, 0, 0, -1372.235
2.30130372995597, 8, 192, 0, 0, -1372.235
2.29917921478739, 10, 31, 0, 0, -1372.235
2.29500739672429, 9, 52, 0, 0, -1372.235
2.29280815559314, 9, 45, 0, 0, -1372.235
2.29273774802202, 8, 236, 0, 0, -1372.235
2.29197525973263, 10, 26, 0, 0, -1372.235
2.29115402155344, 10, 25, 0, 0, -1372.235
2.29091107115366, 8, 149, 0, 0, -1372.235
2.29062077147806, 9, 78, 0, 0, -1372.235
2.28867395847846, 10, 33, 0, 0, -1372.235
2.28822995109832, 8, 208, 0, 0, -1372.235
2.28726173808704, 10, 61, 0, 0, -1372.235
2.28235369167747, 10, 37, 0, 0, -1372.235
2.27440114904377, 9, 56, 0, 0, -1372.235
2.2703329916384, 10, 12, 0, 0, -1372.235
2.26961967226611, 10, 30, 0, 0, -1372.235
2.2590846055767, 9, 57, 0, 0, -1372.235
2.25355803162068, 10, 34, 0, 0, -1372.235
2.25167376104646, 9, 129, 0, 0, -1372.235
2.25015605208807, 9, 76, 0, 0, -1372.235
2.24823922205047, 10, 35, 0, 0, -1372.235
2.24059415539514, 9, 80, 0, 0, -1372.235
2.24039343126688, 10, 30, 0, 0, -1372.235
2.238407870837, 7, 181, 0, 0, -1372.235
2.23730125159585, 10, 34, 0, 0, -1372.235
2.23344302051652, 10, 26, 0, 0, -1372.235
2.23344302051651, 10, 26, 0, 0, -1372.235
2.22691575280963, 10, 37, 0, 0, -1372.235
2.22499147027267, 4, 1880, 0, 0, -1372.235
2.22454912520469, 9, 89, 0, 0, -1372.235
2.22057056482375, 9, 67, 0, 0, -1372.235
2.21749580847145, 10, 49, 0, 0, -1372.235
2.2149579539869, 9, 92, 0, 0, -1372.235
2.21470658703011, 9, 108, 0, 0, -1372.235
2.20757049519945, 8, 178, 0, 0, -1372.235
2.20604128840741, 10, 55, 0, 0, -1372.235
2.20221477427851, 9, 60, 0, 0, -1372.235
2.20000147479102, 7, 598, 0, 0, -1372.235
2.19871554361037, 6, 370, 0, 0, -1372.235
2.19586155146281, 10, 36, 0, 0, -1372.235
2.19580477230279, 6, 566, 0, 0, -1372.235
2.19530676642139, 10, 20, 0, 0, -1372.235
2.19323831392408, 10, 17, 0, 0, -1372.235
2.18255543153588, 10, 28, 0, 0, -1372.235
2.1824582925885, 10, 33, 0, 0, -1372.235
2.17208850902829, 9, 61, 0, 0, -1372.235
2.16960410130417, 9, 27, 0, 0, -1372.235
2.16246408363398, 10, 77, 0, 0, -1372.235
2.1609338007035, 9, 67, 0, 0, -1372.235
2.16001383917698, 10, 61, 0, 0, -1372.235
2.15633024485839, 9, 135, 0, 0, -1372.235
2.1543853378863, 9, 28, 0, 0, -1372.235
2.15372730833528, 10, 9, 0, 0, -1372.235
2.14985775106701, 10, 34, 0, 0, -1372.235
2.14979753820495, 9, 53, 0, 0, -1372.235
2.14558696264127, 10, 8, 0, 0, -1372.235
2.14192428369364, 10, 66, 0, 0, -1372.235
2.13912818738561, 8, 143, 0, 0, -1372.235
2.13252099087108, 10, 28, 0, 0, -1372.235
2.13211811797129, 10, 21, 0, 0, -1372.235
2.13205477338952, 10, 38, 0, 0, -1372.235
2.13179068012551, 7, 489, 0, 0, -1372.235
2.12972173057102, 10, 25, 0, 0, -1372.235
2.12946451187716, 10, 41, 0, 0, -1372.235
2.12242371291952, 8, 110, 0, 0, -1372.235
2.12195490128847, 10, 47, 0, 0, -1372.235
2.12100522405412, 10, 13, 0, 0, -1372.235
2.11890681240986, 6, 748, 0, 0, -1372.235
2.1173360182629, 10, 28, 0, 0, -1372.235
2.11518450226477, 10, 60, 0, 0, -1372.235
2.11480898448169, 10, 33, 0, 0, -1372.235
2.11107241945151, 10, 18, 0, 0, -1372.235
2.10732909717751, 10, 50, 0, 0, -1372.235
2.10679117044902, 5, 1306, 0, 0, -1372.235
2.09985763748664, 6, 391, 0, 0, -1372.235
2.09715129878725, 7, 99, 0, 0, -1372.235
2.09574651762617, 6, 606, 0, 0, -1372.235
2.09424561341427, 9, 102, 0, 0, -1372.235
2.09237139020239, 9, 97, 0, 0, -1372.235
2.09181071147504, 10, 41, 0, 0, -1372.235
2.08898823663749, 9, 37, 0, 0, -1372.235
2.08861676209313, 10, 22, 0, 0, -1372.235
2.08620335926863, 10, 21, 0, 0, -1372.235
2.08257888051763, 10, 60, 0, 0, -1372.235
2.08209150501374, 10, 11, 0, 0, -1372.235
2.08107280275983, 10, 15, 0, 0, -1372.235
2.0792051390318, 10, 34, 0, 0, -1372.235
2.07622136340866, 10, 16, 0, 0, -1372.235
2.07622136340865, 10, 16, 0, 0, -1372.235
2.0758470977135, 10, 29, 0, 0, -1372.235
2.07425389881705, 10, 44, 0, 0, -1372.235
2.07420787926056, 8, 85, 0, 0, -1372.235
2.07393994503457, 10, 55, 0, 0, -1372.235
2.07010211801323, 10, 28, 0, 0, -1372.235
2.06884795661448, 9, 91, 0, 0, -1372.235
2.06740008978216, 9, 73, 0, 0, -1372.235
2.06467913395925, 10, 23, 0, 0, -1372.235
2.06421613976138, 10, 74, 0, 0, -1372.235
2.06282319149828, 10, 28, 0, 0, -1372.235
2.06041973698505, 9, 39, 0, 0, -1372.235
2.0603426661177, 9, 47, 0, 0, -1372.235
2.05892066431596, 10, 85, 0, 0, -1372.235
2.05435211841775, 10, 21, 0, 0, -1372.235
2.05261779496899, 10, 44, 0, 0, -1372.235
2.04909705133177, 10, 18, 0, 0, -1372.235
2.04644277650299, 10, 47, 0, 0, -1372.235
2.04481976895491, 10, 34, 0, 0, -1372.235
2.04432472931545, 10, 32, 0, 0, -1372.235
2.0425784683123, 9, 12, 0, 0, -1372.235
2.04251815536711, 6, 625, 0, 0, -1372.235
2.04218257207137, 8, 53, 0, 0, -1372.235
2.03772125120548, 8, 118, 0, 0, -1372.235
2.03352766183274, 8, 149, 0, 0, -1372.235
2.0333215278732, 8, 144, 0, 0, -1372.235
2.03261188179576, 10, 52, 0, 0, -1372.235
2.03225129915072, 10, 16, 0, 0, -1372.235
2.03215266676808, 9, 49, 0, 0, -1372.235
2.02344154240656, 10, 35, 0, 0, -1372.235
2.02034500145955, 6, 792, 0, 0, -1372.235
2.01884793958794, 10, 76, 0, 0, -1372.235
2.01557864324946, 10, 34, 0, 0, -1372.235
2.0136132473079, 10, 35, 0, 0, -1372.235
2.01313275178803, 8, 174, 0, 0, -1372.235
2.01043581260587, 7, 196, 0, 0, -1372.235
2.00996043479927, 10, 26, 0, 0, -1372.235
2.00506703610876, 10, 31, 0, 0, -1372.235
2.00363624571452, 10, 48, 0, 0, -1372.235
1.9980498944935, 10, 25, 0, 0, -1372.235
1.99716212040567, 9, 76, 0, 0, -1372.235
1.9956755421389, 10, 43, 0, 0, -1372.235
1.99321838206467, 6, 775, 0, 0, -1372.235
1.99256844092021, 10, 33, 0, 0, -1372.235
1.99053938645196, 5, 1114, 0, 0, -1372.235
1.9829190448711, 8, 247, 0, 0, -1372.235
1.98073984757647, 6, 570, 0, 0, -1372.235
1.9776766731242, 7, 210, 0, 0, -1372.235
1.97189205862475, 9, 38, 0, 0, -1372.235
1.97170094789914, 6, 749, 0, 0, -1372.235
1.96349079032145, 10, 23, 0, 0, -1372.235
1.95994093214827, 8, 114, 0, 0, -1372.235
1.95893578956476, 10, 15, 0, 0, -1372.235
1.95299267486877, 10, 27, 0, 0, -1372.235
1.95046079545456, 9, 64, 0, 0, -1372.235
1.94999586651997, 10, 17, 0, 0, -1372.235
1.9481918625802, 10, 32, 0, 0, -1372.235
1.94807028854673, 6, 550, 0, 0, -1372.235
1.94660016978789, 10, 15, 0, 0, -1372.235
1.94488090112986, 10, 32, 0, 0, -1372.235
1.93926792544975, 8, 96, 0, 0, -1372.235
1.93888595136279, 10, 48, 0, 0, -1372.235
1.936800293077, 6, 305, 0, 0, -1372.235
1.93567229897244, 10, 45, 0, 0, -1372.235
1.93264857745537, 10, 43, 0, 0, -1372.235
1.93049878159029, 6, 500, 0, 0, -1372.235
1.92941876179809, 7, 393, 0, 0, -1372.235
1.92917421091709, 10, 48, 0, 0, -1372.235
1.92196250487849, 10, 51, 0, 0, -1372.235
1.90799421563616, 8, 150, 0, 0, -1372.235
1.90768915405674, 6, 564, 0, 0, -1372.235
1.90176860321347, 9, 126, 0, 0, -1372.235
1.90110691143448, 10, 33, 0, 0, -1372.235
1.89986952628277, 9, 23, 0, 0, -1372.235
1.8976518287936, 9, 130, 0, 0, -1372.235
1.89726404694162, 2, 10180, 0, 0, -1372.235
1.89465707208366, 10, 45, 0, 0, -1372.235
1.89174006857954, 10, 45, 0, 0, -1372.235
1.89011691807289, 1, 21714, 0, 0, -1372.235
1.88958720324771, 10, 28, 0, 0, -1372.235
1.88640485172372, 10, 24, 0, 0, -1372.235
1.88553763601613, 10, 21, 0, 0, -1372.235
1.88191494917381, 10, 44, 0, 0, -1372.235
1.88040392006532, 7, 140, 0, 0, -1372.235
1.88012587827439, 9, 65, 0, 0, -1372.235
1.87831996957984, 10, 25, 0, 0, -1372.235
1.87685743981967, 10, 20, 0, 0, -1372.235
1.87465119422717, 9, 85, 0, 0, -1372.235
1.87464379761496, 10, 44, 0, 0, -1372.235
1.86928599950543, 9, 40, 0, 0, -1372.235
1.86777045863309, 9, 64, 0, 0, -1372.235
1.86737577483405, 10, 68, 0, 0, -1372.235
1.86716747913825, 10, 23, 0, 0, -1372.235
1.86619335953917, 9, 113, 0, 0, -1372.235
1.86500788510474, 9, 57, 0, 0, -1372.235
1.86452087493161, 10, 20, 0, 0, -1372.235
1.86405095427696, 9, 53, 0, 0, -1372.235
1.86145492097004, 7, 271, 0, 0, -1372.235
1.85993148889039, 10, 37, 0, 0, -1372.235
1.85962475931688, 10, 26, 0, 0, -1372.235
1.85636311730571, 10, 16, 0, 0, -1372.235
1.85241914480605, 10, 30, 0, 0, -1372.235
1.84970079795765, 9, 119, 0, 0, -1372.235
1.84925653992342, 10, 30, 0, 0, -1372.235
1.84855642617535, 10, 27, 0, 0, -1372.235
1.84740599520663, 10, 28, 0, 0, -1372.235
1.84634676053474, 10, 48, 0, 0, -1372.235
1.84483141702011, 10, 53, 0, 0, -1372.235
1.84479553484324, 10, 69, 0, 0, -1372.235
1.84031976628985, 7, 262, 0, 0, -1372.235
1.84008867708674, 10, 29, 0, 0, -1372.235
1.83930673505881, 8, 209, 0, 0, -1372.235
1.8372739472886, 9, 83, 0, 0, -1372.235
1.83642643750423, 5, 1540, 0, 0, -1372.235
1.83291913598706, 10, 18, 0, 0, -1372.235
1.83039084820124, 10, 16, 0, 0, -1372.235
1.82617181415709, 10, 69, 0, 0, -1372.235
1.82606725484033, 6, 755, 0, 0, -1372.235
1.82536110612439, 10, 29, 0, 0, -1372.235
1.8233117565237, 10, 25, 0, 0, -1372.235
1.81718804000106, 10, 26, 0, 0, -1372.235
1.81712635233202, 10, 22, 0, 0, -1372.235
1.81512762855817, 9, 103, 0, 0, -1372.235
1.81346077521979, 10, 37, 0, 0, -1372.235
1.81120775747198, 9, 77, 0, 0, -1372.235
1.81102728207796, 10, 14, 0, 0, -1372.235
1.80839972360553, 9, 82, 0, 0, -1372.235
1.80719271022953, 9, 72, 0, 0, -1372.235
1.80705369272738, 9, 118, 0, 0, -1372.235
1.80684082880197, 8, 39, 0, 0, -1372.235
1.79516953800336, 9, 42, 0, 0, -1372.235
1.79223093201831, 10, 47, 0, 0, -1372.235
1.78802785803946, 9, 105, 0, 0, -1372.235
1.78734075208639, 10, 30, 0, 0, -1372.235
1.78711142673377, 10, 48, 0, 0, -1372.235
1.78370614410293, 9, 48, 0, 0, -1372.235
1.7788823848834, 9, 54, 0, 0, -1372.235
1.77792191471927, 6, 848, 0, 0, -1372.235
1.77653713213499, 10, 25, 0, 0, -1372.235
1.7743486062868, 9, 26, 0, 0, -1372.235
1.77244691653336, 9, 84, 0, 0, -1372.235
1.77106550864636, 8, 127, 0, 0, -1372.235
1.77013364111845, 10, 52, 0, 0, -1372.235
1.76989407251485, 9, 33, 0, 0, -1372.235
1.76699805208123, 10, 17, 0, 0, -1372.235
1.76515229911263, 9, 86, 0, 0, -1372.235
1.76282287254974, 10, 40, 0, 0, -1372.235
1.76012515382644, 9, 53, 0, 0, -1372.235
1.75389366420334, 10, 41, 0, 0, -1372.235
1.75318180501403, 7, 231, 0, 0, -1372.235
1.74981027509893, 8, 94, 0, 0, -1372.235
1.74816571839706, 8, 83, 0, 0, -1372.235
1.74663982656328, 9, 68, 0, 0, -1372.235
1.74440361103977, 10, 57, 0, 0, -1372.235
1.74204634060471, 10, 26, 0, 0, -1372.235
1.73721467319517, 3, 3326, 0, 0, -1372.235
1.73469272056512, 9, 90, 0, 0, -1372.235
1.73303969161129, 9, 48, 0, 0, -1372.235
1.73105998255928, 10, 49, 0, 0, -1372.235
1.72822408740679, 10, 37, 0, 0, -1372.235
1.72717126021938, 10, 46, 0, 0, -1372.235
1.72670193370437, 9, 83, 0, 0, -1372.235
1.72599844995989, 8, 185, 0, 0, -1372.235
1.72596731990318, 9, 124, 0, 0, -1372.235
1.72165193485797, 10, 33, 0, 0, -1372.235
1.72144376696973, 9, 142, 0, 0, -1372.235
1.7200030456095, 9, 85, 0, 0, -1372.235
1.71816393957598, 9, 49, 0, 0, -1372.235
1.71561185993017, 8, 142, 0, 0, -1372.235
1.71228907777548, 10, 25, 0, 0, -1372.235
1.71096936392893, 7, 215, 0, 0, -1372.235
1.70975665446663, 2, 11534, 0, 0, -1372.235
1.70558264993396, 9, 52, 0, 0, -1372.235
1.7045916495238, 10, 17, 0, 0, -1372.235
1.70375306179923, 10, 22, 0, 0, -1372.235
1.69858291132019, 10, 49, 0, 0, -1372.235
1.69837334063333, 10, 17, 0, 0, -1372.235
1.69688786191669, 10, 21, 0, 0, -1372.235
1.69327273762096, 9, 49, 0, 0, -1372.235
1.69174753460671, 10, 50, 0, 0, -1372.235
1.6900309546946, 10, 24, 0, 0, -1372.235
1.68825110672069, 10, 38, 0, 0, -1372.235
1.68769201914894, 10, 21, 0, 0, -1372.235
1.68165902390743, 9, 46, 0, 0, -1372.235
1.68165305268383, 9, 48, 0, 0, -1372.235
1.67934995646372, 10, 34, 0, 0, -1372.235
1.67846454067606, 7, 370, 0, 0, -1372.235
1.6758488470612, 8, 99, 0, 0, -1372.235
1.6740530362601, 6, 838, 0, 0, -1372.235
1.6730475366619, 10, 36, 0, 0, -1372.235
1.6669883501135, 10, 48, 0, 0, -1372.235
1.66691345485906, 8, 179, 0, 0, -1372.235
1.66598080707486, 9, 39, 0, 0, -1372.235
1.66478327091772, 9, 75, 0, 0, -1372.235
1.66477823405028, 10, 41, 0, 0, -1372.235
1.66435310894042, 9, 42, 0, 0, -1372.235
1.66314900935283, 10, 46, 0, 0, -1372.235
1.66152467757569, 10, 54, 0, 0, -1372.235
1.66143563720545, 9, 88, 0, 0, -1372.235
1.65729079169087, 8, 135, 0, 0, -1372.235
1.65533786135093, 9, 89, 0, 0, -1372.235
1.65449790263448, 9, 41, 0, 0, -1372.235
1.65011476337399, 7, 132, 0, 0, -1372.235
1.64891629207307, 10, 26, 0, 0, -1372.235
1.64712958333359, 8, 136, 0, 0, -1372.235
1.64608658642752, 10, 45, 0, 0, -1372.235
1.64578562536191, 10, 43, 0, 0, -1372.235
1.64431382959359, 10, 38, 0, 0, -1372.235
1.64266010391037, 6, 604, 0, 0, -1372.235
1.64182941861402, 9, 55, 0, 0, -1372.235
1.64160430000211, 10, 38, 0, 0, -1372.235
1.64105080221104, 10, 37, 0, 0, -1372.235
1.63965450214344, 9, 56, 0, 0, -1372.235
1.6383834353461, 9, 66, 0, 0, -1372.235
1.63746361908933, 10, 20, 0, 0, -1372.235
1.63652418437432, 9, 75, 0, 0, -1372.235
1.63434940451833, 10, 13, 0, 0, -1372.235
1.6335600323415, 8, 175, 0, 0, -1372.235
1.63102910280892, 9, 24, 0, 0, -1372.235
1.63086340602699, 10, 44, 0, 0, -1372.235
1.62540831403075, 10, 56, 0, 0, -1372.235
1.62505976005658, 8, 131, 0, 0, -1372.235
1.62440160693503, 10, 26, 0, 0, -1372.235
1.62415033816188, 10, 29, 0, 0, -1372.235
1.61721382083491, 10, 18, 0, 0, -1372.235
1.6156647689128, 9, 91, 0, 0, -1372.235
1.61327577548842, 10, 71, 0, 0, -1372.235
1.61065930692839, 10, 10, 0, 0, -1372.235
1.6094028841721, 9, 53, 0, 0, -1372.235
1.60787025370789, 10, 15, 0, 0, -1372.235
1.60627315554115, 10, 36, 0, 0, -1372.235
1.60413536524593, 9, 77, 0, 0, -1372.235
1.6017723853143, 9, 102, 0, 0, -1372.235
1.60075539075551, 6, 736, 0, 0, -1372.235
1.59959346798275, 7, 310, 0, 0, -1372.235
1.59875295405897, 10, 34, 0, 0, -1372.235
1.59809115947875, 9, 136, 0, 0, -1372.235
1.59545204472831, 10, 55, 0, 0, -1372.235
1.59104303273187, 9, 60, 0, 0, -1372.235
1.582569604057, 7, 455, 0, 0, -1372.235
1.57890807626136, 10, 30, 0, 0, -1372.235
1.57874093439322, 10, 27, 0, 0, -1372.235
1.5760615082646, 9, 104, 0, 0, -1372.235
1.57578477131697, 10, 27, 0, 0, -1372.235
1.5735814506942, 9, 38, 0, 0, -1372.235
1.57201082608297, 9, 135, 0, 0, -1372.235
1.57041003062373, 8, 142, 0, 0, -1372.235
1.56684163072343, 8, 190, 0, 0, -1372.235
1.56450278408544, 8, 109, 0, 0, -1372.235
1.56430529732857, 9, 56, 0, 0, -1372.235
1.55933990948894, 10, 42, 0, 0, -1372.235
1.55668624557173, 7, 405, 0, 0, -1372.235
1.55632925500189, 10, 46, 0, 0, -1372.235
1.55169138683696, 10, 36, 0, 0, -1372.235
1.55021764905339, 10, 50, 0, 0, -1372.235
1.54889912146707, 9, 66, 0, 0, -1372.235
1.5485322864975, 9, 59, 0, 0, -1372.235
1.54248682726072, 10, 55, 0, 0, -1372.235
1.54124915102573, 10, 75, 0, 0, -1372.235
1.53918730602486, 10, 29, 0, 0, -1372.235
1.53802760464851, 8, 187, 0, 0, -1372.235
1.53459268620209, 10, 60, 0, 0, -1372.235
1.53457694157174, 8, 124, 0, 0, -1372.235
1.53279174024052, 10, 52, 0, 0, -1372.235
1.52926053489289, 10, 27, 0, 0, -1372.235
1.52826083033055, 10, 33, 0, 0, -1372.235
1.52820668859768, 10, 47, 0, 0, -1372.235
1.52767016541391, 4, 2952, 0, 0, -1372.235
1.52656575488591, 10, 15, 0, 0, -1372.235
1.52189415283421, 10, 68, 0, 0, -1372.235
1.52041080445513, 10, 43, 0, 0, -1372.235
1.52034051675845, 9, 95, 0, 0, -1372.235
1.51754182183223, 9, 73, 0, 0, -1372.235
1.5132546478279, 9, 146, 0, 0, -1372.235
1.5120730423085, 10, 61, 0, 0, -1372.235
1.51179558654242, 10, 49, 0, 0, -1372.235
1.5111179147549, 7, 182, 0, 0, -1372.235
1.5082400145914, 8, 154, 0, 0, -1372.235
1.50631555348017, 9, 62, 0, 0, -1372.235
1.50495005844983, 9, 66, 0, 0, -1372.235
1.50348449226023, 9, 85, 0, 0, -1372.235
1.50074521197563, 10, 37, 0, 0, -1372.235
1.5005057661462, 7, 351, 0, 0, -1372.235
1.50019515794611, 9, 153, 0, 0, -1372.235
1.50004621416345, 10, 44, 0, 0, -1372.235
1.49920806929686, 6, 674, 0, 0, -1372.235
1.49853503267206, 10, 20, 0, 0, -1372.235
1.49800458012744, 8, 139, 0, 0, -1372.235
1.4936826388373, 9, 62, 0, 0, -1372.235
1.49257273519736, 9, 69, 0, 0, -1372.235
1.49172175097209, 8, 114, 0, 0, -1372.235
1.49004556173172, 9, 75, 0, 0, -1372.235
1.48882948738165, 9, 123, 0, 0, -1372.235
1.48837889866385, 9, 65, 0, 0, -1372.235
1.48709031632618, 10, 34, 0, 0, -1372.235
1.48678117237588, 9, 91, 0, 0, -1372.235
1.4860874605914, 10, 39, 0, 0, -1372.235
1.48557132886534, 10, 70, 0, 0, -1372.235
1.48468745046416, 10, 29, 0, 0, -1372.235
1.48371219482656, 10, 29, 0, 0, -1372.235
1.48332996330057, 10, 38, 0, 0, -1372.235
1.48044203588253, 10, 32, 0, 0, -1372.235
1.48038189362614, 9, 80, 0, 0, -1372.235
1.47960423670752, 9, 69, 0, 0, -1372.235
1.47936149999103, 7, 256, 0, 0, -1372.235
1.4786686821392, 9, 113, 0, 0, -1372.235
1.47466399376962, 8, 128, 0, 0, -1372.235
1.47189887354375, 10, 34, 0, 0, -1372.235
1.47093240178535, 10, 30, 0, 0, -1372.235
1.46741362823721, 10, 25, 0, 0, -1372.235
1.4645108876817, 10, 37, 0, 0, -1372.235
1.46404271689237, 10, 43, 0, 0, -1372.235
1.46279577257798, 10, 55, 0, 0, -1372.235
1.46256258123761, 9, 90, 0, 0, -1372.235
1.45968712876539, 8, 158, 0, 0, -1372.235
1.45654033669996, 10, 34, 0, 0, -1372.235
1.45451129421409, 10, 36, 0, 0, -1372.235
1.45119454569468, 10, 26, 0, 0, -1372.235
1.45105784698992, 10, 10, 0, 0, -1372.235
1.44746968222119, 9, 84, 0, 0, -1372.235
1.44279731302448, 9, 32, 0, 0, -1372.235
1.43933356033091, 10, 56, 0, 0, -1372.235
1.43788418010073, 6, 491, 0, 0, -1372.235
1.43428100782261, 8, 92, 0, 0, -1372.235
1.43218725481544, 10, 21, 0, 0, -1372.235
1.4295509994706, 9, 34, 0, 0, -1372.235
1.42896419287165, 7, 179, 0, 0, -1372.235
1.42448173320489, 9, 46, 0, 0, -1372.235
1.41601099150667, 10, 24, 0, 0, -1372.235
1.41579397476777, 7, 181, 0, 0, -1372.235
1.41473483085454, 8, 101, 0, 0, -1372.235
1.41139556951215, 9, 59, 0, 0, -1372.235
1.41139556951214, 9, 59, 0, 0, -1372.235
1.41074586814472, 9, 61, 0, 0, -1372.235
1.41051483468511, 10, 56, 0, 0, -1372.235
1.41051162969828, 9, 94, 0, 0, -1372.235
1.40951937707391, 10, 39, 0, 0, -1372.235
1.40775863245865, 10, 54, 0, 0, -1372.235
1.40466544169599, 7, 525, 0, 0, -1372.235
1.40343289964508, 10, 36, 0, 0, -1372.235
1.4007205770058, 9, 90, 0, 0, -1372.235
1.39940999118558, 10, 50, 0, 0, -1372.235
1.39388556738462, 4, 1546, 0, 0, -1372.235
1.39172075355378, 9, 46, 0, 0, -1372.235
1.38928523855751, 10, 22, 0, 0, -1372.235
1.38890828490057, 9, 102, 0, 0, -1372.235
1.38692001974737, 10, 32, 0, 0, -1372.235
1.38281626497234, 8, 159, 0, 0, -1372.235
1.38260964686401, 9, 98, 0, 0, -1372.235
1.3807722720384, 7, 302, 0, 0, -1372.235
1.37831276102847, 9, 26, 0, 0, -1372.235
1.37290274707593, 10, 42, 0, 0, -1372.235
1.37234747518662, 10, 30, 0, 0, -1372.235
1.37074082335181, 8, 216, 0, 0, -1372.235
1.37032114082874, 10, 32, 0, 0, -1372.235
1.36865078873271, 10, 25, 0, 0, -1372.235
1.36802754845429, 10, 38, 0, 0, -1372.235
1.3668567942765, 10, 32, 0, 0, -1372.235
1.36425500343081, 3, 4445, 0, 0, -1372.235
1.36347231701355, 10, 29, 0, 0, -1372.235
1.35999640245797, 10, 16, 0, 0, -1372.235
1.35956161465012, 10, 48, 0, 0, -1372.235
1.35891439438476, 10, 60, 0, 0, -1372.235
1.35602055292377, 10, 26, 0, 0, -1372.235
1.35534281081023, 10, 43, 0, 0, -1372.235
1.35454681736803, 10, 69, 0, 0, -1372.235
1.35347963130123, 8, 218, 0, 0, -1372.235
1.3530437325517, 10, 27, 0, 0, -1372.235
1.3460595712883, 10, 51, 0, 0, -1372.235
1.34590502425414, 10, 14, 0, 0, -1372.235
1.34573832034835, 10, 57, 0, 0, -1372.235
1.34248175210986, 7, 234, 0, 0, -1372.235
1.33789817480854, 8, 108, 0, 0, -1372.235
1.33535597825242, 10, 31, 0, 0, -1372.235
1.33394563174173, 10, 56, 0, 0, -1372.235
1.33339704114014, 10, 16, 0, 0, -1372.235
1.33170785143996, 8, 147, 0, 0, -1372.235
1.33103249861339, 10, 22, 0, 0, -1372.235
1.33061361540389, 8, 61, 0, 0, -1372.235
1.32957925871161, 8, 79, 0, 0, -1372.235
1.32940869097488, 10, 31, 0, 0, -1372.235
1.32445327288019, 10, 52, 0, 0, -1372.235
1.31419345508866, 10, 29, 0, 0, -1372.235
1.31383425930824, 10, 13, 0, 0, -1372.235
1.31383425930823, 10, 13, 0, 0, -1372.235
1.31291963462334, 7, 193, 0, 0, -1372.235
1.31232171744738, 7, 321, 0, 0, -1372.235
1.30990782620458, 7, 241, 0, 0, -1372.235
1.30935332029116, 9, 73, 0, 0, -1372.235
1.30638908552943, 9, 95, 0, 0, -1372.235
1.30463865045981, 8, 268, 0, 0, -1372.235
1.30362089586307, 10, 24, 0, 0, -1372.235
1.3018506646025, 8, 89, 0, 0, -1372.235
1.30046442260863, 9, 72, 0, 0, -1372.235
1.29763774895387, 9, 62, 0, 0, -1372.235
1.29524083210507, 9, 55, 0, 0, -1372.235
1.29261165342305, 10, 53, 0, 0, -1372.235
1.29215833921169, 10, 38, 0, 0, -1372.235
1.28902662081792, 9, 51, 0, 0, -1372.235
1.28359962406829, 9, 71, 0, 0, -1372.235
1.28355990144959, 7, 256, 0, 0, -1372.235
1.28019252820094, 9, 63, 0, 0, -1372.235
1.2793956416035, 10, 16, 0, 0, -1372.235
1.27939564160349, 10, 16, 0, 0, -1372.235
1.27932552049101, 8, 205, 0, 0, -1372.235
1.27803986886675, 9, 103, 0, 0, -1372.235
1.27776940760412, 10, 23, 0, 0, -1372.235
1.27458507777186, 10, 23, 0, 0, -1372.235
1.27425855234686, 9, 94, 0, 0, -1372.235
1.27150111181153, 10, 29, 0, 0, -1372.235
1.27026900070399, 9, 54, 0, 0, -1372.235
1.26934279420961, 10, 8, 0, 0, -1372.235
1.26836805572545, 10, 33, 0, 0, -1372.235
1.26810141132684, 10, 84, 0, 0, -1372.235
1.26791504877893, 5, 1914, 0, 0, -1372.235
1.26480332273854, 10, 59, 0, 0, -1372.235
1.26443998917039, 8, 182, 0, 0, -1372.235
1.25820893473303, 10, 31, 0, 0, -1372.235
1.25608686564426, 10, 32, 0, 0, -1372.235
1.25362506775588, 9, 91, 0, 0, -1372.235
1.25333937162235, 10, 31, 0, 0, -1372.235
1.25241482991884, 10, 21, 0, 0, -1372.235
1.24926028267579, 10, 79, 0, 0, -1372.235
1.24893710466252, 8, 211, 0, 0, -1372.235
1.2477437044312, 9, 116, 0, 0, -1372.235
1.24693113795177, 9, 77, 0, 0, -1372.235
1.24617281406198, 10, 51, 0, 0, -1372.235
1.24617281406197, 10, 51, 0, 0, -1372.235
1.2415948805989, 10, 25, 0, 0, -1372.235
1.23941960281095, 4, 1780, 0, 0, -1372.235
1.23735435166874, 10, 45, 0, 0, -1372.235
1.23639184557971, 6, 458, 0, 0, -1372.235
1.23179582569218, 10, 29, 0, 0, -1372.235
1.22987668118119, 10, 43, 0, 0, -1372.235
1.22345105332678, 6, 596, 0, 0, -1372.235
1.21936570531965, 8, 147, 0, 0, -1372.235
1.21923798666699, 5, 1098, 0, 0, -1372.235
1.21599242186376, 9, 55, 0, 0, -1372.235
1.21375495986393, 10, 55, 0, 0, -1372.235
1.2100291018916, 6, 470, 0, 0, -1372.235
1.20739891890968, 10, 49, 0, 0, -1372.235
1.20376505336807, 10, 18, 0, 0, -1372.235
1.20337866902135, 9, 111, 0, 0, -1372.235
1.20276375145138, 10, 31, 0, 0, -1372.235
1.20215369517305, 8, 181, 0, 0, -1372.235
1.20115734656584, 10, 20, 0, 0, -1372.235
1.19966391872209, 10, 21, 0, 0, -1372.235
1.19906105354239, 10, 58, 0, 0, -1372.235
1.19453308204998, 10, 21, 0, 0, -1372.235
1.19407475929902, 9, 109, 0, 0, -1372.235
1.19324018170082, 9, 63, 0, 0, -1372.235
1.19275067040584, 10, 27, 0, 0, -1372.235
1.19206363019607, 10, 21, 0, 0, -1372.235
1.18845030642442, 9, 82, 0, 0, -1372.235
1.18415491536684, 7, 282, 0, 0, -1372.235
1.18365704120802, 8, 41, 0, 0, -1372.235
1.18214739376525, 10, 52, 0, 0, -1372.235
1.18138215394599, 10, 20, 0, 0, -1372.235
1.18003806026656, 10, 33, 0, 0, -1372.235
1.17885801367735, 10, 68, 0, 0, -1372.235
1.1769496090404, 8, 172, 0, 0, -1372.235
1.17492744906809, 10, 44, 0, 0, -1372.235
1.17441968519937, 10, 32, 0, 0, -1372.235
1.17275962510854, 7, 221, 0, 0, -1372.235
1.1724964458545, 8, 71, 0, 0, -1372.235
1.17093314677521, 10, 20, 0, 0, -1372.235
1.17091993355557, 9, 106, 0, 0, -1372.235
1.16890810381354, 4, 1168, 0, 0, -1372.235
1.16536370990859, 10, 49, 0, 0, -1372.235
1.16286401662888, 10, 19, 0, 0, -1372.235
1.16206834476774, 8, 234, 0, 0, -1372.235
1.15931267762557, 9, 32, 0, 0, -1372.235
1.15466810760009, 10, 9, 0, 0, -1372.235
1.15425788322818, 10, 63, 0, 0, -1372.235
1.15404685572201, 10, 22, 0, 0, -1372.235
1.15366900828029, 10, 26, 0, 0, -1372.235
1.15335342132879, 9, 69, 0, 0, -1372.235
1.15110818851126, 10, 32, 0, 0, -1372.235
1.14649558929218, 7, 243, 0, 0, -1372.235
1.14450776433653, 10, 59, 0, 0, -1372.235
1.14338298548872, 8, 104, 0, 0, -1372.235
1.14163433932842, 9, 59, 0, 0, -1372.235
1.14148347465476, 8, 121, 0, 0, -1372.235
1.13976552463267, 8, 125, 0, 0, -1372.235
1.1381748265249, 10, 42, 0, 0, -1372.235
1.13531884089511, 7, 271, 0, 0, -1372.235
1.13212280114804, 10, 28, 0, 0, -1372.235
1.13077009239412, 8, 140, 0, 0, -1372.235
1.13024726820463, 10, 36, 0, 0, -1372.235
1.12921152250042, 8, 215, 0, 0, -1372.235
1.12657809826353, 8, 133, 0, 0, -1372.235
1.12495060045019, 7, 274, 0, 0, -1372.235
1.12462710449208, 8, 160, 0, 0, -1372.235
1.12427965300543, 10, 21, 0, 0, -1372.235
1.12014447763948, 9, 47, 0, 0, -1372.235
1.11685222389933, 9, 106, 0, 0, -1372.235
1.11371119970799, 5, 1224, 0, 0, -1372.235
1.11151363908226, 10, 56, 0, 0, -1372.235
1.10943281910716, 10, 26, 0, 0, -1372.235
1.10598422304027, 9, 49, 0, 0, -1372.235
1.10380408711317, 10, 20, 0, 0, -1372.235
1.09691830943128, 8, 330, 0, 0, -1372.235
1.09348114468235, 10, 62, 0, 0, -1372.235
1.09249038287725, 10, 46, 0, 0, -1372.235
1.09226825399698, 9, 42, 0, 0, -1372.235
1.09186736923042, 9, 50, 0, 0, -1372.235
1.09185984940713, 9, 94, 0, 0, -1372.235
1.0903546503768, 8, 220, 0, 0, -1372.235
1.08996640870283, 9, 125, 0, 0, -1372.235
1.08770195539748, 10, 8, 0, 0, -1372.235
1.08585202230714, 10, 26, 0, 0, -1372.235
1.0812425325381, 10, 23, 0, 0, -1372.235
1.07853545689938, 10, 36, 0, 0, -1372.235
1.07457483175691, 8, 102, 0, 0, -1372.235
1.071068348726, 10, 78, 0, 0, -1372.235
1.0672596271143, 10, 59, 0, 0, -1372.235
1.06591585123997, 10, 42, 0, 0, -1372.235
1.06577498937605, 10, 32, 0, 0, -1372.235
1.06294236877585, 10, 54, 0, 0, -1372.235
1.06184243865714, 10, 30, 0, 0, -1372.235
1.05957622482926, 6, 452, 0, 0, -1372.235
1.05325617793107, 10, 30, 0, 0, -1372.235
1.05069587708361, 10, 29, 0, 0, -1372.235
1.04998758370639, 9, 73, 0, 0, -1372.235
1.04990676438766, 6, 457, 0, 0, -1372.235
1.04974180725846, 10, 52, 0, 0, -1372.235
1.04913313906128, 10, 35, 0, 0, -1372.235
1.04762693835415, 8, 265, 0, 0, -1372.235
1.04667194344181, 8, 198, 0, 0, -1372.235
1.04459152187585, 9, 66, 0, 0, -1372.235
1.04308217353512, 10, 32, 0, 0, -1372.235
1.0420182305811, 9, 100, 0, 0, -1372.235
1.03995738723686, 9, 56, 0, 0, -1372.235
1.03918607298216, 9, 27, 0, 0, -1372.235
1.03832987636428, 8, 135, 0, 0, -1372.235
1.03744680340673, 10, 42, 0, 0, -1372.235
1.03596551391744, 10, 44, 0, 0, -1372.235
1.03299349551617, 10, 25, 0, 0, -1372.235
1.03218215338566, 10, 32, 0, 0, -1372.235
1.02964173415868, 9, 52, 0, 0, -1372.235
1.02943694578334, 10, 67, 0, 0, -1372.235
1.02796377062515, 7, 277, 0, 0, -1372.235
1.02532464384978, 10, 20, 0, 0, -1372.235
1.01750052738516, 10, 50, 0, 0, -1372.235
1.01578438486512, 10, 9, 0, 0, -1372.235
1.01086329455628, 9, 63, 0, 0, -1372.235
1.0095809357767, 8, 101, 0, 0, -1372.235
1.0091473550937, 10, 30, 0, 0, -1372.235
1.00822524661411, 10, 32, 0, 0, -1372.235
1.00817107982037, 7, 187, 0, 0, -1372.235
1.0032612355237, 9, 43, 0, 0, -1372.235
1.00165740402529, 10, 37, 0, 0, -1372.235
1.00126462190597, 10, 33, 0, 0, -1372.235
1.00096751791289, 10, 49, 0, 0, -1372.235
1.00007741631177, 9, 61, 0, 0, -1372.235
0.998694884160753, 9, 78, 0, 0, -1372.235
0.998566544352936, 10, 12, 0, 0, -1372.235
0.998294157326283, 9, 68, 0, 0, -1372.235
0.998246009538414, 10, 30, 0, 0, -1372.235
0.995496804845391, 8, 142, 0, 0, -1372.235
0.994539809468869, 9, 47, 0, 0, -1372.235
0.991402712738569, 10, 29, 0, 0, -1372.235
0.990943071246634, 10, 33, 0, 0, -1372.235
0.989424914899482, 10, 42, 0, 0, -1372.235
0.989085426121398, 10, 35, 0, 0, -1372.235
0.988498029232116, 10, 79, 0, 0, -1372.235
0.987877706951601, 10, 40, 0, 0, -1372.235
0.983458595829359, 10, 57, 0, 0, -1372.235
0.981952074194237, 10, 25, 0, 0, -1372.235
0.980633203633897, 10, 20, 0, 0, -1372.235
0.972938465372324, 7, 187, 0, 0, -1372.235
0.972837069621468, 10, 33, 0, 0, -1372.235
0.970212512410936, 10, 43, 0, 0, -1372.235
0.966600929596848, 5, 1036, 0, 0, -1372.235
0.965081540277787, 9, 50, 0, 0, -1372.235
0.957922696672358, 10, 43, 0, 0, -1372.235
0.955845461668404, 10, 54, 0, 0, -1372.235
0.955024666535636, 5, 1140, 0, 0, -1372.235
0.949392821213971, 10, 33, 0, 0, -1372.235
0.949374609332617, 10, 26, 0, 0, -1372.235
0.949019430647785, 10, 58, 0, 0, -1372.235
0.948137150760977, 10, 59, 0, 0, -1372.235
0.9476667029893, 7, 193, 0, 0, -1372.235
0.945560416832225, 8, 238, 0, 0, -1372.235
0.942732419416065, 9, 63, 0, 0, -1372.235
0.942592869784627, 8, 157, 0, 0, -1372.235
0.941913289901653, 10, 44, 0, 0, -1372.235
0.941561831214244, 10, 21, 0, 0, -1372.235
0.939352461447734, 7, 170, 0, 0, -1372.235
0.933749275017717, 10, 31, 0, 0, -1372.235
0.930371054286722, 9, 74, 0, 0, -1372.235
0.929840797581012, 10, 36, 0, 0, -1372.235
0.928657815158696, 5, 1087, 0, 0, -1372.235
0.921967358417637, 9, 69, 0, 0, -1372.235
0.915013695531648, 9, 71, 0, 0, -1372.235
0.912148762037612, 4, 2551, 0, 0, -1372.235
0.910447583452058, 9, 55, 0, 0, -1372.235
0.909530322424599, 10, 33, 0, 0, -1372.235
0.9077654399546, 9, 118, 0, 0, -1372.235
0.907458184136031, 10, 26, 0, 0, -1372.235
0.906330136775829, 10, 47, 0, 0, -1372.235
0.904656328579804, 8, 272, 0, 0, -1372.235
0.904569582259585, 8, 251, 0, 0, -1372.235
0.904552848588484, 9, 44, 0, 0, -1372.235
0.899124127709962, 10, 58, 0, 0, -1372.235
0.898148057335055, 8, 77, 0, 0, -1372.235
0.896573438625552, 8, 98, 0, 0, -1372.235
0.896270902925284, 8, 175, 0, 0, -1372.235
0.893815634216796, 10, 24, 0, 0, -1372.235
0.893460326971849, 10, 28, 0, 0, -1372.235
0.891315213772314, 10, 29, 0, 0, -1372.235
0.890080934820094, 10, 48, 0, 0, -1372.235
0.888289758066913, 10, 20, 0, 0, -1372.235
0.88749434594387, 10, 35, 0, 0, -1372.235
0.88703183003282, 10, 26, 0, 0, -1372.235
0.886521158312106, 8, 58, 0, 0, -1372.235
0.886509755603085, 10, 43, 0, 0, -1372.235
0.88555282170858, 10, 30, 0, 0, -1372.235
0.885129261736227, 10, 13, 0, 0, -1372.235
0.88205576531478, 10, 59, 0, 0, -1372.235
0.871026568584368, 9, 72, 0, 0, -1372.235
0.870359179383375, 10, 66, 0, 0, -1372.235
0.869754507091832, 9, 74, 0, 0, -1372.235
0.868850229795456, 10, 24, 0, 0, -1372.235
0.867176410051945, 8, 102, 0, 0, -1372.235
0.866744994314304, 9, 52, 0, 0, -1372.235
0.862023820632266, 8, 101, 0, 0, -1372.235
0.861887822147112, 10, 15, 0, 0, -1372.235
0.861451682416788, 10, 25, 0, 0, -1372.235
0.861451682416782, 10, 25, 0, 0, -1372.235
0.86099453652484, 8, 80, 0, 0, -1372.235
0.858711302255323, 9, 59, 0, 0, -1372.235
0.856685388462766, 8, 123, 0, 0, -1372.235
0.856488998436605, 6, 266, 0, 0, -1372.235
0.855120145183172, 10, 62, 0, 0, -1372.235
0.855114546432691, 10, 10, 0, 0, -1372.235
0.852277630651074, 10, 74, 0, 0, -1372.235
0.851501098190821, 9, 56, 0, 0, -1372.235
0.850557840191467, 8, 119, 0, 0, -1372.235
0.846732997526777, 10, 50, 0, 0, -1372.235
0.838770432780061, 10, 17, 0, 0, -1372.235
0.835323445184435, 10, 26, 0, 0, -1372.235
0.834841407943715, 9, 69, 0, 0, -1372.235
0.833988036845647, 3, 5583, 0, 0, -1372.235
0.832120322987298, 10, 14, 0, 0, -1372.235
0.831517555694563, 9, 69, 0, 0, -1372.235
0.831204090586204, 10, 68, 0, 0, -1372.235
0.830594347930683, 9, 80, 0, 0, -1372.235
0.8291224360845, 10, 15, 0, 0, -1372.235
0.826775969260062, 4, 2123, 0, 0, -1372.235
0.825985258802319, 9, 103, 0, 0, -1372.235
0.82575976298075, 10, 35, 0, 0, -1372.235
0.822467462754077, 10, 17, 0, 0, -1372.235
0.822135446293433, 10, 41, 0, 0, -1372.235
0.820372352687961, 7, 200, 0, 0, -1372.235
0.819404769713485, 9, 98, 0, 0, -1372.235
0.818283184848656, 10, 28, 0, 0, -1372.235
0.817596938733807, 8, 101, 0, 0, -1372.235
0.817416944287564, 10, 36, 0, 0, -1372.235
0.816821115365576, 10, 45, 0, 0, -1372.235
0.814232235822734, 9, 101, 0, 0, -1372.235
0.811004913749582, 9, 74, 0, 0, -1372.235
0.8087971305344, 9, 124, 0, 0, -1372.235
0.808218215659356, 7, 318, 0, 0, -1372.235
0.804682629953217, 10, 29, 0, 0, -1372.235
0.803060651992988, 10, 83, 0, 0, -1372.235
0.803009444014306, 10, 59, 0, 0, -1372.235
0.801983683340583, 9, 75, 0, 0, -1372.235
0.80147831213528, 4, 1837, 0, 0, -1372.235
0.797451692247682, 8, 126, 0, 0, -1372.235
0.796796088129504, 10, 64, 0, 0, -1372.235
0.795683566652173, 10, 33, 0, 0, -1372.235
0.795342616171929, 9, 87, 0, 0, -1372.235
0.794735391960902, 10, 30, 0, 0, -1372.235
0.790784021813208, 3, 5951, 0, 0, -1372.235
0.787631417604275, 7, 328, 0, 0, -1372.235
0.787392787784234, 9, 49, 0, 0, -1372.235
0.786443945094849, 10, 30, 0, 0, -1372.235
0.786394777541841, 10, 40, 0, 0, -1372.235
0.785595006191878, 8, 206, 0, 0, -1372.235
0.782207938573833, 10, 34, 0, 0, -1372.235
0.780500694051233, 8, 90, 0, 0, -1372.235
0.777930211606083, 9, 65, 0, 0, -1372.235
0.77653491055153, 10, 24, 0, 0, -1372.235
0.776520083467649, 10, 17, 0, 0, -1372.235
0.774618799409383, 10, 28, 0, 0, -1372.235
0.773639932214059, 8, 115, 0, 0, -1372.235
0.769310074675514, 9, 60, 0, 0, -1372.235
0.767292572303794, 4, 2322, 0, 0, -1372.235
0.764031533283692, 10, 38, 0, 0, -1372.235
0.762634373961499, 9, 54, 0, 0, -1372.235
0.759958933065792, 9, 48, 0, 0, -1372.235
0.759154972877101, 9, 92, 0, 0, -1372.235
0.758147431504388, 9, 26, 0, 0, -1372.235
0.757787334050739, 10, 25, 0, 0, -1372.235
0.75757535779567, 8, 134, 0, 0, -1372.235
0.755062447463326, 10, 42, 0, 0, -1372.235
0.754058254776103, 10, 15, 0, 0, -1372.235
0.753987268055863, 7, 265, 0, 0, -1372.235
0.753379211299769, 8, 178, 0, 0, -1372.235
0.751739276095981, 10, 31, 0, 0, -1372.235
0.751304617960977, 9, 111, 0, 0, -1372.235
0.750777732183746, 6, 572, 0, 0, -1372.235
0.747012304619766, 9, 49, 0, 0, -1372.235
0.746436904913492, 10, 26, 0, 0, -1372.235
0.746217741311568, 8, 218, 0, 0, -1372.235
0.745555166313033, 6, 418, 0, 0, -1372.235
0.743521625794049, 10, 33, 0, 0, -1372.235
0.743238894969863, 10, 43, 0, 0, -1372.235
0.742088936342895, 10, 29, 0, 0, -1372.235
0.741420771055554, 10, 30, 0, 0, -1372.235
0.740206971382973, 9, 113, 0, 0, -1372.235
0.737738778070204, 9, 46, 0, 0, -1372.235
0.737686715890208, 10, 88, 0, 0, -1372.235
0.737550238627982, 9, 53, 0, 0, -1372.235
0.73111438409805, 10, 29, 0, 0, -1372.235
0.730748451088493, 9, 115, 0, 0, -1372.235
0.730236611762716, 7, 355, 0, 0, -1372.235
0.727704143553304, 9, 113, 0, 0, -1372.235
0.726560586539214, 10, 38, 0, 0, -1372.235
0.723325709654302, 10, 37, 0, 0, -1372.235
0.721131613261826, 5, 1597, 0, 0, -1372.235
0.72062252442083, 8, 95, 0, 0, -1372.235
0.718877092301915, 10, 42, 0, 0, -1372.235
0.717946293412731, 4, 3400, 0, 0, -1372.235
0.715144657947573, 9, 63, 0, 0, -1372.235
0.713758046964863, 8, 84, 0, 0, -1372.235
0.709239940042786, 10, 15, 0, 0, -1372.235
0.708479054098665, 10, 21, 0, 0, -1372.235
0.708069968486468, 9, 79, 0, 0, -1372.235
0.705241341623383, 8, 149, 0, 0, -1372.235
0.700935709282275, 10, 57, 0, 0, -1372.235
0.699902274893932, 9, 49, 0, 0, -1372.235
0.698635559740828, 10, 32, 0, 0, -1372.235
0.698309621508783, 9, 48, 0, 0, -1372.235
0.69814578242824, 10, 75, 0, 0, -1372.235
0.692408838297014, 10, 24, 0, 0, -1372.235
0.688466930612526, 7, 381, 0, 0, -1372.235
0.686904582568356, 9, 70, 0, 0, -1372.235
0.68647516004931, 10, 40, 0, 0, -1372.235
0.682715115177106, 9, 73, 0, 0, -1372.235
0.681979968344766, 10, 41, 0, 0, -1372.235
0.681510516365808, 10, 29, 0, 0, -1372.235
0.678454321889942, 9, 56, 0, 0, -1372.235
0.677877839102404, 10, 53, 0, 0, -1372.235
0.673186002778911, 6, 652, 0, 0, -1372.235
0.673046386698176, 8, 248, 0, 0, -1372.235
0.672493781051963, 10, 41, 0, 0, -1372.235
0.671090810163195, 10, 28, 0, 0, -1372.235
0.668819368700346, 10, 41, 0, 0, -1372.235
0.668072475183691, 10, 40, 0, 0, -1372.235
0.666584803493902, 10, 49, 0, 0, -1372.235
0.663632389695903, 10, 15, 0, 0, -1372.235
0.661120650569335, 10, 58, 0, 0, -1372.235
0.657181126535534, 9, 65, 0, 0, -1372.235
0.654539707223345, 10, 25, 0, 0, -1372.235
0.649953315047939, 10, 70, 0, 0, -1372.235
0.648024914513511, 6, 382, 0, 0, -1372.235
0.646896371989789, 10, 39, 0, 0, -1372.235
0.64537530098849, 10, 42, 0, 0, -1372.235
0.644546263677212, 10, 33, 0, 0, -1372.235
0.644320921180099, 6, 498, 0, 0, -1372.235
0.644190157290793, 8, 95, 0, 0, -1372.235
0.643429816666739, 7, 223, 0, 0, -1372.235
0.642216853714988, 10, 86, 0, 0, -1372.235
0.641585672778354, 10, 45, 0, 0, -1372.235
0.640350710558037, 10, 34, 0, 0, -1372.235
0.639321972199243, 10, 23, 0, 0, -1372.235
0.638885249884756, 10, 57, 0, 0, -1372.235
0.637536759995149, 10, 36, 0, 0, -1372.235
0.636111557235547, 10, 79, 0, 0, -1372.235
0.633575520343736, 8, 112, 0, 0, -1372.235
0.632070368052612, 9, 32, 0, 0, -1372.235
0.630596406813092, 10, 44, 0, 0, -1372.235
0.629196621955541, 9, 46, 0, 0, -1372.235
0.628894891637139, 10, 17, 0, 0, -1372.235
0.627960393108862, 10, 73, 0, 0, -1372.235
0.621530376013409, 10, 40, 0, 0, -1372.235
0.621530376013398, 10, 40, 0, 0, -1372.235
0.619732705995122, 9, 70, 0, 0, -1372.235
0.619266454912228, 10, 45, 0, 0, -1372.235
0.618341388367083, 10, 90, 0, 0, -1372.235
0.617063239381248, 10, 44, 0, 0, -1372.235
0.616068205682861, 9, 33, 0, 0, -1372.235
0.615316295622155, 8, 116, 0, 0, -1372.235
0.615068228557591, 10, 42, 0, 0, -1372.235
0.610917284285173, 7, 277, 0, 0, -1372.235
0.608387596630753, 10, 52, 0, 0, -1372.235
0.606610504793497, 8, 73, 0, 0, -1372.235
0.604030759001364, 10, 44, 0, 0, -1372.235
0.597686916087192, 8, 235, 0, 0, -1372.235
0.596119830428928, 10, 20, 0, 0, -1372.235
0.593709913991405, 10, 52, 0, 0, -1372.235
0.592454718965328, 10, 39, 0, 0, -1372.235
0.59179971862222, 9, 35, 0, 0, -1372.235
0.591734436452756, 9, 71, 0, 0, -1372.235
0.591624179682928, 10, 36, 0, 0, -1372.235
0.589433582472576, 8, 217, 0, 0, -1372.235
0.585287190029662, 9, 14, 0, 0, -1372.235
0.584007968337543, 10, 35, 0, 0, -1372.235
0.582062469647873, 8, 141, 0, 0, -1372.235
0.579993055750873, 8, 104, 0, 0, -1372.235
0.579605339488342, 6, 425, 0, 0, -1372.235
0.578038286857785, 10, 51, 0, 0, -1372.235
0.573871220436566, 10, 33, 0, 0, -1372.235
0.570445393242954, 10, 27, 0, 0, -1372.235
0.567874032376568, 10, 30, 0, 0, -1372.235
0.566894004317882, 7, 239, 0, 0, -1372.235
0.563515175537524, 10, 15, 0, 0, -1372.235
0.562085690289704, 8, 128, 0, 0, -1372.235
0.561819285378165, 10, 42, 0, 0, -1372.235
0.561001473484227, 8, 307, 0, 0, -1372.235
0.559772592777229, 10, 59, 0, 0, -1372.235
0.559214725102123, 10, 36, 0, 0, -1372.235
0.557792326456204, 9, 129, 0, 0, -1372.235
0.557457035830219, 10, 28, 0, 0, -1372.235
0.555900376087131, 8, 149, 0, 0, -1372.235
0.555355726955935, 9, 94, 0, 0, -1372.235
0.552567041321114, 10, 31, 0, 0, -1372.235
0.551775374287526, 9, 86, 0, 0, -1372.235
0.551519849280577, 10, 68, 0, 0, -1372.235
0.549455357142861, 9, 64, 0, 0, -1372.235
0.54900698790464, 8, 139, 0, 0, -1372.235
0.548965353355801, 10, 51, 0, 0, -1372.235
0.548243756355435, 10, 22, 0, 0, -1372.235
0.54713768995345, 9, 78, 0, 0, -1372.235
0.547122523176772, 10, 31, 0, 0, -1372.235
0.547068905201283, 9, 81, 0, 0, -1372.235
0.546189084759849, 9, 99, 0, 0, -1372.235
0.545848947671312, 10, 38, 0, 0, -1372.235
0.545697258431462, 9, 96, 0, 0, -1372.235
0.545325507923416, 10, 38, 0, 0, -1372.235
0.544345626559045, 9, 84, 0, 0, -1372.235
0.5432942415293, 9, 100, 0, 0, -1372.235
0.542325745500145, 6, 473, 0, 0, -1372.235
0.542095318293356, 9, 93, 0, 0, -1372.235
0.541894412708974, 10, 40, 0, 0, -1372.235
0.540060512441307, 10, 40, 0, 0, -1372.235
0.53735972099481, 8, 238, 0, 0, -1372.235
0.534558595344105, 9, 47, 0, 0, -1372.235
0.534240424913363, 10, 22, 0, 0, -1372.235
0.532220923930912, 9, 49, 0, 0, -1372.235
0.530347945883967, 9, 96, 0, 0, -1372.235
0.529994280435468, 10, 63, 0, 0, -1372.235
0.527361296393339, 8, 248, 0, 0, -1372.235
0.526384105630603, 10, 46, 0, 0, -1372.235
0.525261820111547, 9, 48, 0, 0, -1372.235
0.524513831480386, 10, 26, 0, 0, -1372.235
0.523646955578777, 9, 88, 0, 0, -1372.235
0.520125630015324, 10, 52, 0, 0, -1372.235
0.513113118030683, 10, 29, 0, 0, -1372.235
0.511720905172407, 10, 64, 0, 0, -1372.235
0.509688591826371, 10, 24, 0, 0, -1372.235
0.509316868029873, 9, 79, 0, 0, -1372.235
0.507334555785881, 9, 89, 0, 0, -1372.235
0.504044255667163, 9, 11, 0, 0, -1372.235
0.503764590875104, 7, 216, 0, 0, -1372.235
0.501534381664796, 10, 55, 0, 0, -1372.235
0.500875313029874, 10, 19, 0, 0, -1372.235
0.499293090625705, 10, 39, 0, 0, -1372.235
0.49882535450556, 10, 44, 0, 0, -1372.235
0.497597797858295, 9, 47, 0, 0, -1372.235
0.497597797858284, 9, 47, 0, 0, -1372.235
0.496126550548439, 9, 104, 0, 0, -1372.235
0.494637272281, 10, 52, 0, 0, -1372.235
0.494091806016846, 10, 49, 0, 0, -1372.235
0.493416885411425, 10, 17, 0, 0, -1372.235
0.492881633312549, 8, 264, 0, 0, -1372.235
0.491371346553206, 10, 45, 0, 0, -1372.235
0.485340587311239, 8, 17, 0, 0, -1372.235
0.48413608156569, 9, 63, 0, 0, -1372.235
0.483377506060235, 9, 55, 0, 0, -1372.235
0.482821146191379, 8, 96, 0, 0, -1372.235
0.480463036694721, 9, 20, 0, 0, -1372.235
0.475260266448249, 10, 52, 0, 0, -1372.235
0.474502158004341, 10, 51, 0, 0, -1372.235
0.472878140567356, 10, 11, 0, 0, -1372.235
0.472459742847292, 9, 52, 0, 0, -1372.235
0.472459742847288, 9, 52, 0, 0, -1372.235
0.471680599655388, 10, 48, 0, 0, -1372.235
0.470452966921031, 7, 379, 0, 0, -1372.235
0.466178279755677, 9, 55, 0, 0, -1372.235
0.465550741580863, 10, 30, 0, 0, -1372.235
0.464313336950204, 10, 48, 0, 0, -1372.235
0.462757711391816, 10, 19, 0, 0, -1372.235
0.459533080676178, 10, 53, 0, 0, -1372.235
0.459354296480738, 8, 149, 0, 0, -1372.235
0.455529362390615, 10, 27, 0, 0, -1372.235
0.452364634515053, 10, 40, 0, 0, -1372.235
0.449733266870851, 10, 39, 0, 0, -1372.235
0.449733266870836, 10, 39, 0, 0, -1372.235
0.44585340018579, 10, 42, 0, 0, -1372.235
0.44326208335905, 10, 63, 0, 0, -1372.235
0.438686980786268, 10, 35, 0, 0, -1372.235
0.42854887945325, 10, 74, 0, 0, -1372.235
0.427153196983515, 10, 51, 0, 0, -1372.235
0.426331095486423, 9, 73, 0, 0, -1372.235
0.421366163124105, 9, 110, 0, 0, -1372.235
0.415704457472779, 10, 55, 0, 0, -1372.235
0.41330275348095, 10, 46, 0, 0, -1372.235
0.41142468882409, 10, 13, 0, 0, -1372.235
0.410537184530445, 10, 31, 0, 0, -1372.235
0.408930993083784, 6, 518, 0, 0, -1372.235
0.408413066377768, 10, 63, 0, 0, -1372.235
0.408340143428046, 7, 223, 0, 0, -1372.235
0.408209411840215, 9, 89, 0, 0, -1372.235
0.406043000410587, 9, 115, 0, 0, -1372.235
0.405766885128613, 7, 357, 0, 0, -1372.235
0.403395925327956, 7, 282, 0, 0, -1372.235
0.401440239391443, 10, 31, 0, 0, -1372.235
0.400780599455891, 5, 916, 0, 0, -1372.235
0.396596626117753, 7, 323, 0, 0, -1372.235
0.395571208598499, 9, 24, 0, 0, -1372.235
0.3952377192615, 10, 46, 0, 0, -1372.235
0.394713301177976, 10, 27, 0, 0, -1372.235
0.394238300532843, 8, 179, 0, 0, -1372.235
0.394141733767134, 10, 39, 0, 0, -1372.235
0.393116444970745, 10, 42, 0, 0, -1372.235
0.389242145836532, 9, 15, 0, 0, -1372.235
0.387990492587065, 10, 67, 0, 0, -1372.235
0.387932769611149, 10, 39, 0, 0, -1372.235
0.385483009374068, 10, 43, 0, 0, -1372.235
0.384930684118073, 10, 26, 0, 0, -1372.235
0.383082930860791, 10, 34, 0, 0, -1372.235
0.380922877605333, 10, 27, 0, 0, -1372.235
0.380922877605332, 10, 27, 0, 0, -1372.235
0.377662279683779, 10, 33, 0, 0, -1372.235
0.374721966665637, 9, 58, 0, 0, -1372.235
0.368201222481278, 9, 73, 0, 0, -1372.235
0.367655401077619, 10, 33, 0, 0, -1372.235
0.365733075245305, 9, 48, 0, 0, -1372.235
0.365601942206401, 9, 79, 0, 0, -1372.235
0.362672615361841, 10, 51, 0, 0, -1372.235
0.361418460833102, 9, 103, 0, 0, -1372.235
0.361015383326838, 9, 25, 0, 0, -1372.235
0.358063639096496, 9, 81, 0, 0, -1372.235
0.351654776486812, 10, 67, 0, 0, -1372.235
0.351101625187311, 6, 622, 0, 0, -1372.235
0.351091449135861, 10, 94, 0, 0, -1372.235
0.350581242382779, 9, 94, 0, 0, -1372.235
0.350578053823916, 10, 48, 0, 0, -1372.235
0.350345976695673, 7, 268, 0, 0, -1372.235
0.349498604636201, 9, 121, 0, 0, -1372.235
0.348832581471006, 10, 38, 0, 0, -1372.235
0.340624793117375, 8, 26, 0, 0, -1372.235
0.338147830478133, 8, 88, 0, 0, -1372.235
0.338074265505544, 10, 46, 0, 0, -1372.235
0.335772839271022, 10, 38, 0, 0, -1372.235
0.335683623108627, 9, 127, 0, 0, -1372.235
0.33330662306382, 10, 51, 0, 0, -1372.235
0.331540918039515, 9, 54, 0, 0, -1372.235
0.330603958823441, 10, 59, 0, 0, -1372.235
0.328940537823381, 10, 37, 0, 0, -1372.235
0.326217396645996, 9, 34, 0, 0, -1372.235
0.325086130981218, 10, 37, 0, 0, -1372.235
0.32261353487168, 9, 102, 0, 0, -1372.235
0.320917827317946, 7, 394, 0, 0, -1372.235
0.317172908503102, 10, 41, 0, 0, -1372.235
0.31490274858153, 7, 426, 0, 0, -1372.235
0.311321745402342, 9, 104, 0, 0, -1372.235
0.311249785197439, 9, 32, 0, 0, -1372.235
0.310867191775171, 10, 42, 0, 0, -1372.235
0.300995658337013, 9, 53, 0, 0, -1372.235
0.294564062944953, 10, 45, 0, 0, -1372.235
0.291270472362821, 10, 32, 0, 0, -1372.235
0.291108886258009, 10, 25, 0, 0, -1372.235
0.288920598170238, 10, 42, 0, 0, -1372.235
0.287123677560553, 10, 48, 0, 0, -1372.235
0.286393474781708, 8, 134, 0, 0, -1372.235
0.285784548393753, 9, 60, 0, 0, -1372.235
0.285163640706588, 7, 454, 0, 0, -1372.235
0.282956019380673, 8, 183, 0, 0, -1372.235
0.280203976465718, 9, 123, 0, 0, -1372.235
0.279095607291387, 9, 41, 0, 0, -1372.235
0.277204423390167, 10, 34, 0, 0, -1372.235
0.269061650943883, 10, 40, 0, 0, -1372.235
0.267227686925142, 8, 196, 0, 0, -1372.235
0.265388261519657, 10, 51, 0, 0, -1372.235
0.264874679259594, 10, 28, 0, 0, -1372.235
0.264689168634862, 10, 48, 0, 0, -1372.235
0.264295115734113, 10, 63, 0, 0, -1372.235
0.263581696046138, 10, 41, 0, 0, -1372.235
0.260326435931538, 10, 57, 0, 0, -1372.235
0.257453017920877, 9, 91, 0, 0, -1372.235
0.255881444895097, 10, 43, 0, 0, -1372.235
0.255657210587015, 10, 54, 0, 0, -1372.235
0.254941732450502, 9, 85, 0, 0, -1372.235
0.253106486500096, 10, 43, 0, 0, -1372.235
0.252042948467819, 8, 127, 0, 0, -1372.235
0.250677284091426, 10, 27, 0, 0, -1372.235
0.24908011909914, 8, 127, 0, 0, -1372.235
0.247255188880941, 10, 39, 0, 0, -1372.235
0.242271505532596, 9, 39, 0, 0, -1372.235
0.24209903203756, 10, 45, 0, 0, -1372.235
0.241524022265175, 10, 45, 0, 0, -1372.235
0.239585415512096, 8, 166, 0, 0, -1372.235
0.237692743831609, 10, 29, 0, 0, -1372.235
0.236605471012382, 7, 320, 0, 0, -1372.235
0.233971543762597, 10, 15, 0, 0, -1372.235
0.232286160191817, 8, 184, 0, 0, -1372.235
0.230508921693996, 9, 73, 0, 0, -1372.235
0.230388451644079, 10, 66, 0, 0, -1372.235
0.230154095559217, 7, 273, 0, 0, -1372.235
0.229491061107674, 10, 49, 0, 0, -1372.235
0.229457026547593, 7, 332, 0, 0, -1372.235
0.229435803273184, 9, 150, 0, 0, -1372.235
0.227300430441359, 9, 82, 0, 0, -1372.235
0.224192199031362, 8, 192, 0, 0, -1372.235
0.222650344181168, 9, 100, 0, 0, -1372.235
0.221877928278397, 9, 81, 0, 0, -1372.235
0.220781621871454, 10, 58, 0, 0, -1372.235
0.220774578987719, 10, 38, 0, 0, -1372.235
0.220595185839247, 9, 85, 0, 0, -1372.235
0.213850757573979, 10, 62, 0, 0, -1372.235
0.213142070247967, 9, 85, 0, 0, -1372.235
0.211238750466946, 10, 53, 0, 0, -1372.235
0.209489590999355, 8, 89, 0, 0, -1372.235
0.206864366103482, 10, 34, 0, 0, -1372.235
0.205986191135137, 5, 2036, 0, 0, -1372.235
0.205912747524754, 10, 64, 0, 0, -1372.235
0.205362148587477, 10, 32, 0, 0, -1372.235
0.20480175903169, 9, 67, 0, 0, -1372.235
0.201286232712967, 10, 56, 0, 0, -1372.235
0.200305455238752, 9, 49, 0, 0, -1372.235
0.195773831176728, 10, 24, 0, 0, -1372.235
0.195773831176727, 10, 24, 0, 0, -1372.235
0.195037169447138, 7, 333, 0, 0, -1372.235
0.194989402808982, 8, 97, 0, 0, -1372.235
0.192879292502661, 9, 72, 0, 0, -1372.235
0.192803466487775, 10, 39, 0, 0, -1372.235
0.191508626141325, 9, 97, 0, 0, -1372.235
0.190512853423226, 10, 51, 0, 0, -1372.235
0.189900652649711, 9, 45, 0, 0, -1372.235
0.188305172648281, 10, 31, 0, 0, -1372.235
0.186031285942266, 9, 73, 0, 0, -1372.235
0.185895300514434, 8, 183, 0, 0, -1372.235
0.185594915816621, 10, 33, 0, 0, -1372.235
0.184031813494057, 9, 67, 0, 0, -1372.235
0.17989139018983, 9, 76, 0, 0, -1372.235
0.177435374720618, 9, 70, 0, 0, -1372.235
0.177033228052977, 6, 827, 0, 0, -1372.235
0.17548881052275, 10, 17, 0, 0, -1372.235
0.173648238482489, 10, 57, 0, 0, -1372.235
0.170192450417823, 10, 35, 0, 0, -1372.235
0.169993614967928, 10, 52, 0, 0, -1372.235
0.169868064176625, 10, 40, 0, 0, -1372.235
0.161475703646551, 10, 39, 0, 0, -1372.235
0.160332813906942, 9, 61, 0, 0, -1372.235
0.159579878074095, 9, 39, 0, 0, -1372.235
0.158957928860912, 10, 32, 0, 0, -1372.235
0.158328781693041, 9, 99, 0, 0, -1372.235
0.158263292417449, 9, 56, 0, 0, -1372.235
0.157945400958726, 9, 76, 0, 0, -1372.235
0.157008271374345, 9, 100, 0, 0, -1372.235
0.156187602243883, 10, 48, 0, 0, -1372.235
0.155116050968471, 10, 18, 0, 0, -1372.235
0.155024632679281, 10, 53, 0, 0, -1372.235
0.153681285037555, 6, 980, 0, 0, -1372.235
0.15206740913133, 9, 65, 0, 0, -1372.235
0.151768108553329, 10, 46, 0, 0, -1372.235
0.151126774479915, 10, 34, 0, 0, -1372.235
0.147154693733021, 10, 21, 0, 0, -1372.235
0.144777065378594, 10, 55, 0, 0, -1372.235
0.144322998487652, 10, 59, 0, 0, -1372.235
0.144305494975566, 10, 57, 0, 0, -1372.235
0.143927754161166, 10, 55, 0, 0, -1372.235
0.143438256262359, 10, 49, 0, 0, -1372.235
0.137022244030124, 10, 28, 0, 0, -1372.235
0.13603088631744, 10, 62, 0, 0, -1372.235
0.132734320934114, 10, 19, 0, 0, -1372.235
0.129366468548563, 10, 30, 0, 0, -1372.235
0.127611600230402, 9, 51, 0, 0, -1372.235
0.127180219461166, 10, 20, 0, 0, -1372.235
0.125800826558192, 10, 42, 0, 0, -1372.235
0.1251595096456, 10, 70, 0, 0, -1372.235
0.122050939237132, 10, 24, 0, 0, -1372.235
0.120170155902006, 10, 71, 0, 0, -1372.235
0.118841167708138, 10, 13, 0, 0, -1372.235
0.114545057606856, 10, 47, 0, 0, -1372.235
0.105348865561056, 8, 55, 0, 0, -1372.235
0.105326697578664, 10, 80, 0, 0, -1372.235
0.102918638849198, 10, 55, 0, 0, -1372.235
0.0999004003508621, 10, 57, 0, 0, -1372.235
0.0884311161356453, 3, 3005, 0, 0, -1372.235
0.0869256230554949, 9, 14, 0, 0, -1372.235
0.0862414759874729, 10, 52, 0, 0, -1372.235
0.085741817486273, 8, 157, 0, 0, -1372.235
0.0822632333199822, 8, 165, 0, 0, -1372.235
0.0799996171098512, 10, 24, 0, 0, -1372.235
0.0779069487043249, 8, 79, 0, 0, -1372.235
0.0776263126917265, 10, 59, 0, 0, -1372.235
0.0768739694586829, 10, 23, 0, 0, -1372.235
0.0763037996367196, 10, 30, 0, 0, -1372.235
0.0750517326648202, 9, 112, 0, 0, -1372.235
0.0717838834692453, 10, 27, 0, 0, -1372.235
0.0717838834692422, 10, 27, 0, 0, -1372.235
0.0694152377746543, 9, 123, 0, 0, -1372.235
0.0683416780498937, 3, 4094, 0, 0, -1372.235
0.0671053542476479, 10, 35, 0, 0, -1372.235
0.0642976223473387, 9, 61, 0, 0, -1372.235
0.063370554209296, 10, 29, 0, 0, -1372.235
0.06269217475931, 9, 97, 0, 0, -1372.235
0.0605193743396281, 10, 76, 0, 0, -1372.235
0.0598455017218442, 10, 34, 0, 0, -1372.235
0.0596442993593558, 9, 22, 0, 0, -1372.235
0.059382468307312, 9, 115, 0, 0, -1372.235
0.0589587474967229, 10, 67, 0, 0, -1372.235
0.0581661053988107, 10, 39, 0, 0, -1372.235
0.0577143724935683, 9, 119, 0, 0, -1372.235
0.0575311438517999, 10, 69, 0, 0, -1372.235
0.0573308097682285, 9, 70, 0, 0, -1372.235
0.0569517620836126, 10, 40, 0, 0, -1372.235
0.0569270423380723, 8, 98, 0, 0, -1372.235
0.0456316833425526, 10, 41, 0, 0, -1372.235
0.0443492620748206, 10, 26, 0, 0, -1372.235
0.0421927126670657, 10, 41, 0, 0, -1372.235
0.0413083904633493, 8, 144, 0, 0, -1372.235
0.0397814032408138, 10, 44, 0, 0, -1372.235
0.039667245679125, 9, 168, 0, 0, -1372.235
0.0363582165044155, 10, 33, 0, 0, -1372.235
0.0293641508656647, 10, 32, 0, 0, -1372.235
0.0260180249155879, 10, 37, 0, 0, -1372.235
0.0253596536993, 9, 59, 0, 0, -1372.235
0.0215413541320619, 10, 25, 0, 0, -1372.235
0.021347431758386, 9, 86, 0, 0, -1372.235
0.020180774075991, 9, 92, 0, 0, -1372.235
0.0194737300770916, 9, 81, 0, 0, -1372.235
0.0151962586579654, 10, 38, 0, 0, -1372.235
