norm, level, Npoints, dimSplit, MainGridIndexSplit
44.7399177874736, 0, 36584, -1, -1, -1
12.8778184582295, 4, 1166, 0, 0, -1372.235
12.7129963820148, 8, 58, 0, 0, -1372.235
10.3632675799955, 10, 30, 0, 0, -1372.235
10.3192962081749, 4, 1521, 0, 0, -1372.235
9.82558539002117, 3, 4138, 0, 0, -1372.235
9.79267436819643, 9, 35, 0, 0, -1372.235
9.30165946290054, 9, 85, 0, 0, -1372.235
9.08904492066177, 9, 25, 0, 0, -1372.235
8.92017303856229, 3, 4647, 0, 0, -1372.235
8.86435636536909, 10, 19, 0, 0, -1372.235
8.78044376788002, 10, 19, 0, 0, -1372.235
8.76998843514202, 4, 1500, 0, 0, -1372.235
8.64720152389869, 6, 480, 0, 0, -1372.235
8.61690541044839, 8, 110, 0, 0, -1372.235
8.53952530648281, 8, 113, 0, 0, -1372.235
8.48995737553212, 10, 14, 0, 0, -1372.235
8.43764691415994, 5, 642, 0, 0, -1372.235
8.42619783597262, 10, 26, 0, 0, -1372.235
8.37985349142185, 10, 45, 0, 0, -1372.235
8.32181863711617, 9, 97, 0, 0, -1372.235
8.2577777756063, 9, 103, 0, 0, -1372.235
8.12291309289554, 10, 29, 0, 0, -1372.235
7.94246000477888, 5, 980, 0, 0, -1372.235
7.91931684636497, 9, 7, 0, 0, -1372.235
7.73846197354399, 9, 106, 0, 0, -1372.235
7.67547362373685, 10, 50, 0, 0, -1372.235
7.5983289759492, 10, 17, 0, 0, -1372.235
7.58653069842928, 4, 1785, 0, 0, -1372.235
7.57733627981267, 8, 15, 0, 0, -1372.235
7.53359985685754, 6, 510, 0, 0, -1372.235
7.50584286848723, 7, 228, 0, 0, -1372.235
7.48152037049187, 10, 16, 0, 0, -1372.235
7.47426724586456, 8, 152, 0, 0, -1372.235
7.41855951278765, 9, 30, 0, 0, -1372.235
7.41591895327072, 9, 44, 0, 0, -1372.235
7.34511545018594, 7, 234, 0, 0, -1372.235
7.32341430935532, 7, 155, 0, 0, -1372.235
7.29371050566337, 10, 33, 0, 0, -1372.235
7.29096889207316, 5, 1086, 0, 0, -1372.235
7.27809176190902, 10, 33, 0, 0, -1372.235
7.22592353286664, 10, 18, 0, 0, -1372.235
7.22278681604731, 9, 69, 0, 0, -1372.235
7.10578133767329, 8, 204, 0, 0, -1372.235
7.063534760772, 9, 59, 0, 0, -1372.235
7.03640382835355, 9, 45, 0, 0, -1372.235
6.99242804195127, 9, 51, 0, 0, -1372.235
6.96152505908108, 9, 67, 0, 0, -1372.235
6.88575847510319, 10, 18, 0, 0, -1372.235
6.87429501677541, 9, 122, 0, 0, -1372.235
6.84426044307967, 9, 83, 0, 0, -1372.235
6.82125741015996, 9, 46, 0, 0, -1372.235
6.80968594610158, 10, 16, 0, 0, -1372.235
6.80705029892009, 6, 576, 0, 0, -1372.235
6.7379531369238, 9, 75, 0, 0, -1372.235
6.63432781767511, 8, 156, 0, 0, -1372.235
6.63418088166258, 9, 38, 0, 0, -1372.235
6.62614798929616, 5, 858, 0, 0, -1372.235
6.57800234660291, 8, 178, 0, 0, -1372.235
6.57737703930321, 10, 35, 0, 0, -1372.235
6.54433689736797, 5, 820, 0, 0, -1372.235
6.50879906550982, 6, 412, 0, 0, -1372.235
6.49153212367505, 8, 152, 0, 0, -1372.235
6.48873284066311, 9, 33, 0, 0, -1372.235
6.47676201451653, 8, 228, 0, 0, -1372.235
6.41803953578996, 7, 175, 0, 0, -1372.235
6.41480262042887, 10, 43, 0, 0, -1372.235
6.33890572784941, 8, 159, 0, 0, -1372.235
6.29490703128639, 9, 78, 0, 0, -1372.235
6.27783892014176, 8, 110, 0, 0, -1372.235
6.26750312699747, 9, 29, 0, 0, -1372.235
6.24110044493212, 10, 12, 0, 0, -1372.235
6.24110044493211, 10, 12, 0, 0, -1372.235
6.19958856116877, 10, 37, 0, 0, -1372.235
6.17360273104662, 8, 138, 0, 0, -1372.235
6.16679610428814, 9, 33, 0, 0, -1372.235
6.15903439931805, 6, 462, 0, 0, -1372.235
6.1377369268105, 6, 408, 0, 0, -1372.235
6.09260228448627, 6, 446, 0, 0, -1372.235
6.09245462538154, 9, 53, 0, 0, -1372.235
6.08803853213746, 6, 412, 0, 0, -1372.235
6.0536430000563, 9, 71, 0, 0, -1372.235
6.03943982873621, 6, 473, 0, 0, -1372.235
6.0385265443059, 9, 75, 0, 0, -1372.235
6.0298075457067, 3, 5572, 0, 0, -1372.235
6.01527437664756, 9, 34, 0, 0, -1372.235
5.99422621930928, 8, 199, 0, 0, -1372.235
5.95004188114034, 6, 188, 0, 0, -1372.235
5.92699284757363, 9, 106, 0, 0, -1372.235
5.9195083409188, 10, 7, 0, 0, -1372.235
5.86897499035493, 10, 20, 0, 0, -1372.235
5.85357947702259, 7, 222, 0, 0, -1372.235
5.85292078698282, 10, 48, 0, 0, -1372.235
5.83588202701553, 9, 78, 0, 0, -1372.235
5.82934690150429, 8, 157, 0, 0, -1372.235
5.82518954354007, 8, 205, 0, 0, -1372.235
5.80560342670001, 7, 284, 0, 0, -1372.235
5.78840747715332, 6, 777, 0, 0, -1372.235
5.78499700047851, 10, 30, 0, 0, -1372.235
5.76401091404022, 9, 102, 0, 0, -1372.235
5.74036634365276, 8, 182, 0, 0, -1372.235
5.73769705648629, 10, 22, 0, 0, -1372.235
5.71983032950049, 8, 123, 0, 0, -1372.235
5.7183063280657, 9, 41, 0, 0, -1372.235
5.71179198549104, 9, 59, 0, 0, -1372.235
5.70445453886881, 9, 59, 0, 0, -1372.235
5.69854398981126, 6, 198, 0, 0, -1372.235
5.6973339081931, 10, 53, 0, 0, -1372.235
5.68310102157172, 6, 735, 0, 0, -1372.235
5.64327393865394, 10, 15, 0, 0, -1372.235
5.59774093282461, 3, 6092, 0, 0, -1372.235
5.57972085778233, 10, 23, 0, 0, -1372.235
5.57601917434902, 9, 165, 0, 0, -1372.235
5.56917881274479, 9, 45, 0, 0, -1372.235
5.5569763338528, 10, 34, 0, 0, -1372.235
5.53594297243246, 9, 82, 0, 0, -1372.235
5.51112709772661, 8, 185, 0, 0, -1372.235
5.51107894563639, 8, 209, 0, 0, -1372.235
5.50577339961291, 10, 30, 0, 0, -1372.235
5.49409484908351, 9, 60, 0, 0, -1372.235
5.48513557465648, 8, 196, 0, 0, -1372.235
5.48030514751587, 9, 83, 0, 0, -1372.235
5.47307248184678, 10, 17, 0, 0, -1372.235
5.45928843030087, 9, 77, 0, 0, -1372.235
5.42970326710402, 9, 8, 0, 0, -1372.235
5.42469761361122, 8, 213, 0, 0, -1372.235
5.41264746345822, 9, 94, 0, 0, -1372.235
5.3960047345559, 10, 25, 0, 0, -1372.235
5.38726215607963, 9, 62, 0, 0, -1372.235
5.35986481857242, 10, 65, 0, 0, -1372.235
5.34494864638937, 9, 92, 0, 0, -1372.235
5.34244861940471, 6, 746, 0, 0, -1372.235
5.34066424418313, 10, 30, 0, 0, -1372.235
5.33932529390816, 9, 50, 0, 0, -1372.235
5.32612611392533, 10, 48, 0, 0, -1372.235
5.30808751576182, 6, 283, 0, 0, -1372.235
5.30295082398166, 1, 14757, 0, 0, -1372.235
5.29192238856635, 10, 16, 0, 0, -1372.235
5.27776172752829, 9, 88, 0, 0, -1372.235
5.27315700940503, 9, 20, 0, 0, -1372.235
5.23604067254052, 10, 28, 0, 0, -1372.235
5.22790743999819, 9, 98, 0, 0, -1372.235
5.2155349116859, 10, 32, 0, 0, -1372.235
5.2109758736553, 10, 44, 0, 0, -1372.235
5.20572874701436, 10, 39, 0, 0, -1372.235
5.20422970692055, 10, 36, 0, 0, -1372.235
5.19670714251078, 10, 31, 0, 0, -1372.235
5.19490993796958, 10, 24, 0, 0, -1372.235
5.18624214662796, 5, 1084, 0, 0, -1372.235
5.18606433324774, 9, 83, 0, 0, -1372.235
5.17089967734608, 10, 46, 0, 0, -1372.235
5.15872345116904, 9, 68, 0, 0, -1372.235
5.13725031075989, 10, 32, 0, 0, -1372.235
5.12407241312187, 8, 135, 0, 0, -1372.235
5.12194188195689, 4, 2047, 0, 0, -1372.235
5.11222768900872, 10, 25, 0, 0, -1372.235
5.11003969490723, 7, 370, 0, 0, -1372.235
5.10935854623761, 10, 18, 0, 0, -1372.235
5.09719106752175, 7, 332, 0, 0, -1372.235
5.05596619029099, 7, 233, 0, 0, -1372.235
5.024517084124, 7, 232, 0, 0, -1372.235
4.99155389411576, 10, 14, 0, 0, -1372.235
4.95659923543076, 10, 39, 0, 0, -1372.235
4.94206262847657, 7, 272, 0, 0, -1372.235
4.92623870455165, 10, 27, 0, 0, -1372.235
4.91424819788709, 6, 711, 0, 0, -1372.235
4.87053645653447, 9, 22, 0, 0, -1372.235
4.85957831203308, 7, 393, 0, 0, -1372.235
4.85909222591872, 6, 887, 0, 0, -1372.235
4.84204460729572, 7, 179, 0, 0, -1372.235
4.83705387624698, 10, 44, 0, 0, -1372.235
4.82873739454892, 8, 93, 0, 0, -1372.235
4.82269614512174, 8, 119, 0, 0, -1372.235
4.81600342599753, 10, 41, 0, 0, -1372.235
4.81023867735069, 10, 31, 0, 0, -1372.235
4.79955355242903, 9, 50, 0, 0, -1372.235
4.79718386345666, 10, 18, 0, 0, -1372.235
4.75289165002972, 7, 248, 0, 0, -1372.235
4.75062977637889, 10, 38, 0, 0, -1372.235
4.74320909538205, 8, 140, 0, 0, -1372.235
4.74278509370637, 9, 69, 0, 0, -1372.235
4.74081946644091, 6, 861, 0, 0, -1372.235
4.72165742324774, 10, 40, 0, 0, -1372.235
4.7005563261199, 9, 140, 0, 0, -1372.235
4.68487493296697, 8, 183, 0, 0, -1372.235
4.67988453449764, 10, 20, 0, 0, -1372.235
4.67846245330369, 4, 2282, 0, 0, -1372.235
4.66923366057161, 10, 30, 0, 0, -1372.235
4.66692078109241, 10, 23, 0, 0, -1372.235
4.65412760094977, 10, 16, 0, 0, -1372.235
4.6512850877594, 10, 28, 0, 0, -1372.235
4.64363207783366, 10, 22, 0, 0, -1372.235
4.6369408350416, 10, 42, 0, 0, -1372.235
4.63546696681701, 10, 28, 0, 0, -1372.235
4.62315477349661, 9, 94, 0, 0, -1372.235
4.62074255450353, 9, 63, 0, 0, -1372.235
4.59326758153216, 9, 118, 0, 0, -1372.235
4.5893997597096, 10, 21, 0, 0, -1372.235
4.56107924319005, 9, 119, 0, 0, -1372.235
4.55268310370653, 10, 17, 0, 0, -1372.235
4.53097654938024, 5, 769, 0, 0, -1372.235
4.52398451633092, 9, 86, 0, 0, -1372.235
4.52041836726626, 9, 78, 0, 0, -1372.235
4.5197632328791, 9, 65, 0, 0, -1372.235
4.51136230007272, 10, 33, 0, 0, -1372.235
4.49309172617208, 10, 22, 0, 0, -1372.235
4.48963036547294, 8, 111, 0, 0, -1372.235
4.48940810657988, 10, 27, 0, 0, -1372.235
4.48318038790025, 10, 82, 0, 0, -1372.235
4.48173921806532, 6, 876, 0, 0, -1372.235
4.47403943375753, 9, 21, 0, 0, -1372.235
4.46590152121264, 10, 16, 0, 0, -1372.235
4.44740269699872, 9, 25, 0, 0, -1372.235
4.44033277204251, 10, 20, 0, 0, -1372.235
4.42483931056282, 10, 17, 0, 0, -1372.235
4.41182911660443, 10, 16, 0, 0, -1372.235
4.41022282560553, 10, 47, 0, 0, -1372.235
4.40713361863365, 9, 96, 0, 0, -1372.235
4.39289135816999, 9, 78, 0, 0, -1372.235
4.37659723406529, 7, 359, 0, 0, -1372.235
4.37203090629015, 10, 83, 0, 0, -1372.235
4.36978643559749, 6, 903, 0, 0, -1372.235
4.36203137579076, 10, 37, 0, 0, -1372.235
4.35838824256508, 10, 51, 0, 0, -1372.235
4.3533128830921, 8, 135, 0, 0, -1372.235
4.34630749824059, 10, 48, 0, 0, -1372.235
4.32969850281366, 10, 23, 0, 0, -1372.235
4.32677917866302, 9, 87, 0, 0, -1372.235
4.32442260184989, 8, 71, 0, 0, -1372.235
4.31467182132315, 8, 202, 0, 0, -1372.235
4.30661927211757, 10, 18, 0, 0, -1372.235
4.30391467170588, 9, 22, 0, 0, -1372.235
4.30247495490122, 10, 42, 0, 0, -1372.235
4.29785662190772, 9, 34, 0, 0, -1372.235
4.29020860913849, 10, 36, 0, 0, -1372.235
4.28727554551177, 8, 227, 0, 0, -1372.235
4.27762484920399, 10, 37, 0, 0, -1372.235
4.26324771299087, 10, 26, 0, 0, -1372.235
4.25839093933844, 7, 219, 0, 0, -1372.235
4.24965305056172, 6, 336, 0, 0, -1372.235
4.24404834899303, 10, 45, 0, 0, -1372.235
4.24390999595443, 10, 41, 0, 0, -1372.235
4.24370950686666, 8, 160, 0, 0, -1372.235
4.23921980422971, 9, 55, 0, 0, -1372.235
4.23666314197893, 8, 119, 0, 0, -1372.235
4.2298719959583, 10, 29, 0, 0, -1372.235
4.22155841140471, 9, 22, 0, 0, -1372.235
4.21913644997994, 10, 76, 0, 0, -1372.235
4.21340578951413, 9, 85, 0, 0, -1372.235
4.2067582563177, 10, 34, 0, 0, -1372.235
4.19623726852429, 9, 15, 0, 0, -1372.235
4.18737613542552, 10, 23, 0, 0, -1372.235
4.18360943255872, 10, 38, 0, 0, -1372.235
4.18219112687492, 10, 31, 0, 0, -1372.235
4.17628278906136, 10, 34, 0, 0, -1372.235
4.16496294876031, 7, 381, 0, 0, -1372.235
4.16146586607136, 10, 32, 0, 0, -1372.235
4.1576349199263, 10, 27, 0, 0, -1372.235
4.1546706675223, 10, 14, 0, 0, -1372.235
4.15245664503713, 10, 48, 0, 0, -1372.235
4.14217328890484, 10, 53, 0, 0, -1372.235
4.13565818370111, 9, 67, 0, 0, -1372.235
4.13295563899448, 7, 227, 0, 0, -1372.235
4.1265633808996, 10, 19, 0, 0, -1372.235
4.12302976524484, 9, 60, 0, 0, -1372.235
4.10802277282551, 8, 176, 0, 0, -1372.235
4.09946705035869, 9, 56, 0, 0, -1372.235
4.07724484626974, 10, 43, 0, 0, -1372.235
4.0727992273013, 10, 27, 0, 0, -1372.235
4.06585631840413, 10, 52, 0, 0, -1372.235
4.0581964287236, 10, 36, 0, 0, -1372.235
4.05568818827165, 7, 315, 0, 0, -1372.235
4.05462748699293, 7, 154, 0, 0, -1372.235
4.05456563133633, 7, 152, 0, 0, -1372.235
4.03304616508609, 10, 50, 0, 0, -1372.235
4.03304616508609, 10, 50, 0, 0, -1372.235
4.0324990323552, 10, 37, 0, 0, -1372.235
4.03155091804878, 10, 53, 0, 0, -1372.235
4.02754352925426, 9, 120, 0, 0, -1372.235
4.01052499710626, 10, 19, 0, 0, -1372.235
4.01023196848443, 9, 76, 0, 0, -1372.235
4.00431836615553, 10, 16, 0, 0, -1372.235
4.00226447280484, 10, 23, 0, 0, -1372.235
3.9893818591703, 9, 84, 0, 0, -1372.235
3.98620770781047, 6, 914, 0, 0, -1372.235
3.96988017986971, 10, 17, 0, 0, -1372.235
3.96700066520237, 10, 32, 0, 0, -1372.235
3.96130789539043, 10, 28, 0, 0, -1372.235
3.95278635342247, 9, 75, 0, 0, -1372.235
3.94620613896992, 9, 23, 0, 0, -1372.235
3.94361974633296, 8, 152, 0, 0, -1372.235
3.92012817959063, 9, 105, 0, 0, -1372.235
3.91898147277183, 9, 124, 0, 0, -1372.235
3.91751990065971, 10, 47, 0, 0, -1372.235
3.91701635300401, 10, 16, 0, 0, -1372.235
3.90944693514956, 10, 30, 0, 0, -1372.235
3.9062961272074, 10, 25, 0, 0, -1372.235
3.90417258168885, 9, 37, 0, 0, -1372.235
3.9006187937183, 10, 50, 0, 0, -1372.235
3.88648348878014, 9, 46, 0, 0, -1372.235
3.87940824493188, 10, 38, 0, 0, -1372.235
3.87585237043338, 9, 112, 0, 0, -1372.235
3.87233442373877, 10, 34, 0, 0, -1372.235
3.86789575078974, 10, 14, 0, 0, -1372.235
3.86674275855479, 10, 45, 0, 0, -1372.235
3.86387184404321, 10, 22, 0, 0, -1372.235
3.85852858811045, 9, 31, 0, 0, -1372.235
3.84955574881272, 10, 41, 0, 0, -1372.235
3.82696323875594, 1, 21827, 0, 0, -1372.235
3.82640559232839, 9, 53, 0, 0, -1372.235
3.82297750286956, 10, 13, 0, 0, -1372.235
3.82180701770237, 10, 32, 0, 0, -1372.235
3.81836505417957, 9, 38, 0, 0, -1372.235
3.81013630241809, 7, 225, 0, 0, -1372.235
3.80870143703859, 9, 24, 0, 0, -1372.235
3.79613817861634, 3, 4329, 0, 0, -1372.235
3.79570287131263, 8, 153, 0, 0, -1372.235
3.78663903698085, 9, 80, 0, 0, -1372.235
3.76660481638064, 9, 76, 0, 0, -1372.235
3.75750847823958, 9, 19, 0, 0, -1372.235
3.74845744112446, 7, 88, 0, 0, -1372.235
3.7448963857702, 7, 335, 0, 0, -1372.235
3.73653298139292, 5, 1104, 0, 0, -1372.235
3.7351268753282, 10, 19, 0, 0, -1372.235
3.73492596652776, 10, 37, 0, 0, -1372.235
3.72336047376234, 10, 23, 0, 0, -1372.235
3.71573974499782, 10, 53, 0, 0, -1372.235
3.71040289782013, 10, 21, 0, 0, -1372.235
3.70834587814263, 10, 23, 0, 0, -1372.235
3.70723581364606, 9, 81, 0, 0, -1372.235
3.70549695181481, 10, 45, 0, 0, -1372.235
3.70129972984926, 10, 24, 0, 0, -1372.235
3.69918171362304, 10, 38, 0, 0, -1372.235
3.69882037805531, 4, 1904, 0, 0, -1372.235
3.69194403243886, 10, 37, 0, 0, -1372.235
3.69128363870309, 7, 128, 0, 0, -1372.235
3.68890218137383, 10, 41, 0, 0, -1372.235
3.68485390444693, 10, 16, 0, 0, -1372.235
3.67053090037119, 7, 326, 0, 0, -1372.235
3.67030817558276, 8, 121, 0, 0, -1372.235
3.66235851514828, 9, 126, 0, 0, -1372.235
3.65956926439941, 8, 167, 0, 0, -1372.235
3.65867498197618, 9, 85, 0, 0, -1372.235
3.65277167375147, 9, 20, 0, 0, -1372.235
3.65200155156957, 10, 22, 0, 0, -1372.235
3.64582611213507, 10, 54, 0, 0, -1372.235
3.64147746671514, 9, 107, 0, 0, -1372.235
3.63551894373583, 5, 971, 0, 0, -1372.235
3.61836418633715, 10, 43, 0, 0, -1372.235
3.6148209615561, 10, 42, 0, 0, -1372.235
3.61481495335815, 6, 408, 0, 0, -1372.235
3.61378492687355, 9, 48, 0, 0, -1372.235
3.61322167776845, 10, 27, 0, 0, -1372.235
3.60724590441199, 7, 103, 0, 0, -1372.235
3.60704103260869, 10, 64, 0, 0, -1372.235
3.60639975575646, 10, 38, 0, 0, -1372.235
3.60176185511052, 9, 96, 0, 0, -1372.235
3.5933415297661, 10, 39, 0, 0, -1372.235
3.59240816098958, 5, 1016, 0, 0, -1372.235
3.589592789388, 9, 107, 0, 0, -1372.235
3.58930949348675, 10, 39, 0, 0, -1372.235
3.58844312819018, 8, 140, 0, 0, -1372.235
3.57912936570635, 10, 24, 0, 0, -1372.235
3.56940503515929, 10, 7, 0, 0, -1372.235
3.56187386530931, 9, 108, 0, 0, -1372.235
3.56107370915666, 9, 11, 0, 0, -1372.235
3.55640924934007, 10, 22, 0, 0, -1372.235
3.55222063873064, 9, 49, 0, 0, -1372.235
3.54947590691122, 9, 58, 0, 0, -1372.235
3.53877569798442, 4, 3013, 0, 0, -1372.235
3.51413503418314, 9, 157, 0, 0, -1372.235
3.51388864204787, 8, 174, 0, 0, -1372.235
3.49741903102114, 10, 71, 0, 0, -1372.235
3.48427098301594, 10, 14, 0, 0, -1372.235
3.47844501968247, 9, 89, 0, 0, -1372.235
3.47830239237409, 10, 36, 0, 0, -1372.235
3.47808178040604, 10, 44, 0, 0, -1372.235
3.47544888183887, 4, 3079, 0, 0, -1372.235
3.45493195529178, 10, 20, 0, 0, -1372.235
3.45375713724789, 9, 53, 0, 0, -1372.235
3.45214769296588, 10, 54, 0, 0, -1372.235
3.45144614006371, 7, 357, 0, 0, -1372.235
3.44892345231372, 7, 187, 0, 0, -1372.235
3.44200577543585, 8, 208, 0, 0, -1372.235
3.43951562005297, 10, 23, 0, 0, -1372.235
3.43893447556628, 10, 45, 0, 0, -1372.235
3.42870578720461, 10, 41, 0, 0, -1372.235
3.42633625341562, 8, 173, 0, 0, -1372.235
3.42175927388739, 10, 67, 0, 0, -1372.235
3.41354443027212, 9, 64, 0, 0, -1372.235
3.4101432362021, 8, 150, 0, 0, -1372.235
3.40531479837223, 10, 81, 0, 0, -1372.235
3.40067092841052, 10, 61, 0, 0, -1372.235
3.39945489851675, 9, 103, 0, 0, -1372.235
3.39677638101354, 8, 53, 0, 0, -1372.235
3.39445830370471, 9, 93, 0, 0, -1372.235
3.38860436310039, 10, 24, 0, 0, -1372.235
3.38789888219697, 7, 215, 0, 0, -1372.235
3.38777400698682, 10, 40, 0, 0, -1372.235
3.3847322646539, 10, 29, 0, 0, -1372.235
3.3789191768255, 7, 379, 0, 0, -1372.235
3.35509556593053, 10, 10, 0, 0, -1372.235
3.35293286249698, 10, 28, 0, 0, -1372.235
3.35134644902275, 10, 53, 0, 0, -1372.235
3.35007328294564, 9, 47, 0, 0, -1372.235
3.3470137005994, 9, 51, 0, 0, -1372.235
3.34649123225836, 10, 48, 0, 0, -1372.235
3.33737911718587, 5, 1076, 0, 0, -1372.235
3.33672933956113, 6, 494, 0, 0, -1372.235
3.3366388526605, 10, 22, 0, 0, -1372.235
3.33354130102699, 9, 153, 0, 0, -1372.235
3.33275345503368, 10, 47, 0, 0, -1372.235
3.33012604358274, 9, 115, 0, 0, -1372.235
3.3289102609184, 10, 21, 0, 0, -1372.235
3.32107572016814, 8, 138, 0, 0, -1372.235
3.31261469012128, 3, 2687, 0, 0, -1372.235
3.31218881856521, 10, 33, 0, 0, -1372.235
3.31050484720292, 8, 173, 0, 0, -1372.235
3.30366023848826, 10, 84, 0, 0, -1372.235
3.30134959024041, 10, 25, 0, 0, -1372.235
3.29817343116807, 7, 377, 0, 0, -1372.235
3.2951353416231, 10, 33, 0, 0, -1372.235
3.29483905018561, 9, 61, 0, 0, -1372.235
3.28936490421923, 7, 244, 0, 0, -1372.235
3.28205921261187, 10, 67, 0, 0, -1372.235
3.27243510641734, 9, 97, 0, 0, -1372.235
3.26733286570296, 8, 105, 0, 0, -1372.235
3.26122632870021, 9, 48, 0, 0, -1372.235
3.26014484022663, 8, 222, 0, 0, -1372.235
3.25600291965917, 10, 12, 0, 0, -1372.235
3.25523643678556, 10, 16, 0, 0, -1372.235
3.25257639887692, 10, 58, 0, 0, -1372.235
3.25034657673658, 9, 56, 0, 0, -1372.235
3.25022110498209, 9, 72, 0, 0, -1372.235
3.24947831101033, 10, 55, 0, 0, -1372.235
3.24851143600546, 8, 159, 0, 0, -1372.235
3.2474232875095, 10, 47, 0, 0, -1372.235
3.24532590550051, 8, 111, 0, 0, -1372.235
3.24462412629047, 10, 21, 0, 0, -1372.235
3.23881932204609, 10, 66, 0, 0, -1372.235
3.238533934948, 9, 63, 0, 0, -1372.235
3.23754927993282, 4, 2234, 0, 0, -1372.235
3.221182265861, 10, 19, 0, 0, -1372.235
3.22030000287786, 10, 31, 0, 0, -1372.235
3.22010491222133, 9, 87, 0, 0, -1372.235
3.21999148779102, 7, 326, 0, 0, -1372.235
3.21490799522362, 7, 239, 0, 0, -1372.235
3.20802317444211, 8, 25, 0, 0, -1372.235
3.20334904037763, 10, 49, 0, 0, -1372.235
3.20244538953633, 8, 165, 0, 0, -1372.235
3.19781977903224, 10, 10, 0, 0, -1372.235
3.19540769472555, 7, 385, 0, 0, -1372.235
3.19236474246555, 10, 21, 0, 0, -1372.235
3.18721409625669, 9, 45, 0, 0, -1372.235
3.17483819372626, 8, 144, 0, 0, -1372.235
3.17023861813321, 9, 112, 0, 0, -1372.235
3.14981723820656, 10, 74, 0, 0, -1372.235
3.14617085117773, 8, 104, 0, 0, -1372.235
3.14475881790793, 10, 22, 0, 0, -1372.235
3.13756089935951, 9, 92, 0, 0, -1372.235
3.13756089935948, 9, 92, 0, 0, -1372.235
3.13557074437669, 5, 1396, 0, 0, -1372.235
3.12927603707303, 6, 555, 0, 0, -1372.235
3.12296676038752, 10, 32, 0, 0, -1372.235
3.12082047484664, 10, 25, 0, 0, -1372.235
3.12077335470844, 8, 126, 0, 0, -1372.235
3.11907169044412, 6, 623, 0, 0, -1372.235
3.11328519659582, 5, 1408, 0, 0, -1372.235
3.1094520855298, 9, 55, 0, 0, -1372.235
3.10741096499882, 10, 38, 0, 0, -1372.235
3.10702913818413, 9, 76, 0, 0, -1372.235
3.09763181151937, 6, 684, 0, 0, -1372.235
3.0918180479715, 9, 68, 0, 0, -1372.235
3.0861338194787, 8, 110, 0, 0, -1372.235
3.07936049400488, 10, 36, 0, 0, -1372.235
3.07504611860493, 10, 32, 0, 0, -1372.235
3.07323599618499, 10, 30, 0, 0, -1372.235
3.07213935896371, 7, 309, 0, 0, -1372.235
3.07021853918118, 9, 39, 0, 0, -1372.235
3.06555567027615, 9, 51, 0, 0, -1372.235
3.05983074283852, 10, 18, 0, 0, -1372.235
3.05958081927354, 10, 20, 0, 0, -1372.235
3.0582749583542, 10, 26, 0, 0, -1372.235
3.05643019283063, 8, 161, 0, 0, -1372.235
3.05551113713855, 10, 29, 0, 0, -1372.235
3.05482184033806, 10, 50, 0, 0, -1372.235
3.05079143149885, 9, 52, 0, 0, -1372.235
3.04861516372542, 9, 37, 0, 0, -1372.235
3.04054584918256, 8, 130, 0, 0, -1372.235
3.03598441823945, 10, 32, 0, 0, -1372.235
3.03344574558435, 9, 44, 0, 0, -1372.235
3.03030809267218, 8, 165, 0, 0, -1372.235
3.02546231414823, 10, 52, 0, 0, -1372.235
3.02436320422462, 9, 60, 0, 0, -1372.235
3.02412216404911, 6, 704, 0, 0, -1372.235
3.02394058042853, 9, 83, 0, 0, -1372.235
3.02006916168692, 9, 58, 0, 0, -1372.235
3.01344420166311, 10, 41, 0, 0, -1372.235
3.01135732595221, 7, 295, 0, 0, -1372.235
3.01113402888234, 9, 33, 0, 0, -1372.235
2.99292106322, 10, 49, 0, 0, -1372.235
2.98779198787267, 2, 10163, 0, 0, -1372.235
2.98652971520768, 9, 22, 0, 0, -1372.235
2.98060052615832, 8, 62, 0, 0, -1372.235
2.97204591371093, 10, 48, 0, 0, -1372.235
2.96714777214698, 10, 47, 0, 0, -1372.235
2.96046306025097, 3, 5834, 0, 0, -1372.235
2.95335444332339, 8, 216, 0, 0, -1372.235
2.95284887361438, 10, 40, 0, 0, -1372.235
2.95041560818807, 9, 57, 0, 0, -1372.235
2.94574830130465, 10, 53, 0, 0, -1372.235
2.94566913904356, 10, 27, 0, 0, -1372.235
2.94471149129539, 6, 597, 0, 0, -1372.235
2.94369597415403, 10, 38, 0, 0, -1372.235
2.94077849958369, 7, 324, 0, 0, -1372.235
2.93965003883421, 8, 85, 0, 0, -1372.235
2.93753112682907, 9, 72, 0, 0, -1372.235
2.93525708941428, 10, 40, 0, 0, -1372.235
2.93369289735364, 10, 57, 0, 0, -1372.235
2.93174348290156, 5, 1477, 0, 0, -1372.235
2.9296464300473, 10, 38, 0, 0, -1372.235
2.9292910076869, 7, 256, 0, 0, -1372.235
2.9285239115275, 9, 74, 0, 0, -1372.235
2.92668751460001, 10, 25, 0, 0, -1372.235
2.92461232938731, 10, 36, 0, 0, -1372.235
2.91802993738529, 10, 50, 0, 0, -1372.235
2.91391233930805, 6, 676, 0, 0, -1372.235
2.90422546683163, 7, 270, 0, 0, -1372.235
2.9036866535362, 7, 124, 0, 0, -1372.235
2.90327613347296, 10, 21, 0, 0, -1372.235
2.90302190756198, 10, 26, 0, 0, -1372.235
2.90166140649792, 10, 16, 0, 0, -1372.235
2.9015526068737, 7, 312, 0, 0, -1372.235
2.90141821876584, 9, 73, 0, 0, -1372.235
2.90124957108118, 10, 38, 0, 0, -1372.235
2.89963572687725, 10, 51, 0, 0, -1372.235
2.89719004386017, 9, 17, 0, 0, -1372.235
2.89689820720084, 10, 27, 0, 0, -1372.235
2.89138182070223, 10, 24, 0, 0, -1372.235
2.88456885209954, 10, 33, 0, 0, -1372.235
2.88217617169239, 10, 12, 0, 0, -1372.235
2.88173306119702, 10, 57, 0, 0, -1372.235
2.87600013920188, 10, 26, 0, 0, -1372.235
2.87380271856425, 9, 84, 0, 0, -1372.235
2.87369753410172, 8, 169, 0, 0, -1372.235
2.87210354789893, 10, 58, 0, 0, -1372.235
2.87152886078496, 9, 51, 0, 0, -1372.235
2.86589230442118, 9, 97, 0, 0, -1372.235
2.85960386036575, 8, 170, 0, 0, -1372.235
2.85757680174778, 8, 184, 0, 0, -1372.235
2.85635122703557, 9, 61, 0, 0, -1372.235
2.85381956911476, 9, 56, 0, 0, -1372.235
2.85205208631277, 10, 34, 0, 0, -1372.235
2.84979891990385, 9, 54, 0, 0, -1372.235
2.84638007394943, 7, 378, 0, 0, -1372.235
2.84443405135515, 9, 71, 0, 0, -1372.235
2.84077784332078, 9, 38, 0, 0, -1372.235
2.83965021018701, 10, 11, 0, 0, -1372.235
2.83679747073919, 9, 75, 0, 0, -1372.235
2.82872918794557, 7, 318, 0, 0, -1372.235
2.8211473831619, 10, 43, 0, 0, -1372.235
2.81882147455662, 7, 346, 0, 0, -1372.235
2.81782518404872, 10, 59, 0, 0, -1372.235
2.81675689935066, 8, 64, 0, 0, -1372.235
2.81652949609373, 10, 17, 0, 0, -1372.235
2.80842850351869, 9, 128, 0, 0, -1372.235
2.8029704327946, 10, 19, 0, 0, -1372.235
2.80186904966116, 3, 3285, 0, 0, -1372.235
2.79688984830236, 6, 431, 0, 0, -1372.235
2.79292573060706, 9, 142, 0, 0, -1372.235
2.77509859589586, 10, 38, 0, 0, -1372.235
2.77369059711787, 9, 75, 0, 0, -1372.235
2.76687333229349, 10, 51, 0, 0, -1372.235
2.76648708305473, 10, 30, 0, 0, -1372.235
2.75887513101993, 10, 21, 0, 0, -1372.235
2.75610464457431, 9, 56, 0, 0, -1372.235
2.74867754551648, 9, 83, 0, 0, -1372.235
2.74091046757487, 10, 30, 0, 0, -1372.235
2.74053991596639, 9, 64, 0, 0, -1372.235
2.73899910305004, 8, 63, 0, 0, -1372.235
2.7319816645712, 7, 184, 0, 0, -1372.235
2.72541192532328, 8, 93, 0, 0, -1372.235
2.7242479807095, 9, 57, 0, 0, -1372.235
2.72072794994533, 9, 83, 0, 0, -1372.235
2.70240581159908, 8, 129, 0, 0, -1372.235
2.6998897113629, 9, 66, 0, 0, -1372.235
2.69894004988541, 10, 63, 0, 0, -1372.235
2.68722017966903, 7, 311, 0, 0, -1372.235
2.68719687423774, 9, 45, 0, 0, -1372.235
2.68719687423774, 9, 45, 0, 0, -1372.235
2.6819038666589, 10, 61, 0, 0, -1372.235
2.67236568752841, 10, 31, 0, 0, -1372.235
2.6685860865637, 8, 65, 0, 0, -1372.235
2.66524238349706, 9, 76, 0, 0, -1372.235
2.66376374583397, 2, 11664, 0, 0, -1372.235
2.6617198032624, 8, 206, 0, 0, -1372.235
2.66001574249973, 8, 33, 0, 0, -1372.235
2.65776192538955, 10, 10, 0, 0, -1372.235
2.65136655762851, 10, 27, 0, 0, -1372.235
2.64602192237807, 9, 44, 0, 0, -1372.235
2.64590010245902, 10, 64, 0, 0, -1372.235
2.64103635367023, 10, 12, 0, 0, -1372.235
2.64010114749665, 9, 93, 0, 0, -1372.235
2.62106833677928, 10, 27, 0, 0, -1372.235
2.62049407407394, 9, 108, 0, 0, -1372.235
2.61081240759835, 9, 99, 0, 0, -1372.235
2.60813728304213, 9, 48, 0, 0, -1372.235
2.60782021932282, 8, 154, 0, 0, -1372.235
2.60605739935865, 9, 73, 0, 0, -1372.235
2.60595962114337, 10, 22, 0, 0, -1372.235
2.60594768287068, 6, 526, 0, 0, -1372.235
2.60577447698854, 10, 41, 0, 0, -1372.235
2.60343453506956, 8, 180, 0, 0, -1372.235
2.59675424208065, 7, 308, 0, 0, -1372.235
2.59502602118085, 9, 41, 0, 0, -1372.235
2.58999350763959, 7, 383, 0, 0, -1372.235
2.58890078550695, 8, 99, 0, 0, -1372.235
2.58705272685384, 8, 99, 0, 0, -1372.235
2.58650354680269, 8, 88, 0, 0, -1372.235
2.58306923282361, 8, 233, 0, 0, -1372.235
2.57758044926029, 9, 69, 0, 0, -1372.235
2.57576360684119, 10, 19, 0, 0, -1372.235
2.57456590952577, 10, 39, 0, 0, -1372.235
2.56767199855425, 10, 43, 0, 0, -1372.235
2.56079650968909, 9, 42, 0, 0, -1372.235
2.55298803452448, 10, 28, 0, 0, -1372.235
2.55083949037165, 10, 12, 0, 0, -1372.235
2.54975575453258, 10, 13, 0, 0, -1372.235
2.54954081556414, 9, 107, 0, 0, -1372.235
2.54857636965137, 7, 315, 0, 0, -1372.235
2.5351565869224, 9, 40, 0, 0, -1372.235
2.52888174600665, 8, 205, 0, 0, -1372.235
2.52659241899382, 10, 58, 0, 0, -1372.235
2.52449784350189, 7, 287, 0, 0, -1372.235
2.51950854404029, 9, 47, 0, 0, -1372.235
2.51869890231674, 10, 39, 0, 0, -1372.235
2.51803251245112, 7, 170, 0, 0, -1372.235
2.51735043428827, 8, 201, 0, 0, -1372.235
2.51450238292284, 10, 19, 0, 0, -1372.235
2.51298570947018, 8, 161, 0, 0, -1372.235
2.51119277274804, 10, 23, 0, 0, -1372.235
2.50204363142442, 9, 60, 0, 0, -1372.235
2.50184386343637, 10, 60, 0, 0, -1372.235
2.50184386343637, 10, 60, 0, 0, -1372.235
2.49874308703918, 9, 45, 0, 0, -1372.235
2.49785788594849, 9, 118, 0, 0, -1372.235
2.497065607607, 10, 19, 0, 0, -1372.235
2.495547039748, 7, 291, 0, 0, -1372.235
2.4893860174682, 9, 43, 0, 0, -1372.235
2.4857535865159, 8, 97, 0, 0, -1372.235
2.4806240507417, 10, 22, 0, 0, -1372.235
2.47640486228502, 9, 73, 0, 0, -1372.235
2.47569051392263, 9, 48, 0, 0, -1372.235
2.4728740853831, 10, 52, 0, 0, -1372.235
2.47274482358619, 9, 111, 0, 0, -1372.235
2.47194996340201, 10, 24, 0, 0, -1372.235
2.47094492003184, 9, 88, 0, 0, -1372.235
2.46781571188253, 9, 61, 0, 0, -1372.235
2.46696371676744, 9, 62, 0, 0, -1372.235
2.4651713792549, 9, 74, 0, 0, -1372.235
2.46494583559745, 9, 91, 0, 0, -1372.235
2.46061305261827, 6, 341, 0, 0, -1372.235
2.4526955913375, 9, 94, 0, 0, -1372.235
2.45234572169714, 10, 56, 0, 0, -1372.235
2.45017900099457, 10, 38, 0, 0, -1372.235
2.44141847634933, 10, 38, 0, 0, -1372.235
2.44137952184578, 10, 43, 0, 0, -1372.235
2.44022056836016, 10, 38, 0, 0, -1372.235
2.43761776648114, 10, 43, 0, 0, -1372.235
2.43428848906482, 9, 63, 0, 0, -1372.235
2.42734625366394, 10, 46, 0, 0, -1372.235
2.42510120205196, 9, 90, 0, 0, -1372.235
2.42361780219523, 8, 35, 0, 0, -1372.235
2.41902636475588, 9, 49, 0, 0, -1372.235
2.41636061759776, 10, 48, 0, 0, -1372.235
2.41089224556901, 10, 33, 0, 0, -1372.235
2.41039186752308, 10, 45, 0, 0, -1372.235
2.40995016339869, 9, 64, 0, 0, -1372.235
2.40905813616326, 6, 578, 0, 0, -1372.235
2.40692595567517, 10, 56, 0, 0, -1372.235
2.40679195718488, 10, 38, 0, 0, -1372.235
2.40352147950085, 6, 602, 0, 0, -1372.235
2.39980344214407, 9, 87, 0, 0, -1372.235
2.39814603116828, 9, 69, 0, 0, -1372.235
2.39464952254601, 10, 22, 0, 0, -1372.235
2.39348179901496, 10, 35, 0, 0, -1372.235
2.38971719644689, 10, 12, 0, 0, -1372.235
2.38913881961096, 10, 39, 0, 0, -1372.235
2.38609348706884, 8, 90, 0, 0, -1372.235
2.37604831526141, 10, 43, 0, 0, -1372.235
2.37186744115313, 10, 15, 0, 0, -1372.235
2.36622967731439, 10, 61, 0, 0, -1372.235
2.36527967893675, 9, 70, 0, 0, -1372.235
2.35951520628977, 7, 422, 0, 0, -1372.235
2.35592170755963, 10, 25, 0, 0, -1372.235
2.34798350377346, 10, 59, 0, 0, -1372.235
2.34711415440543, 10, 13, 0, 0, -1372.235
2.34711415440543, 10, 13, 0, 0, -1372.235
2.33884718459807, 8, 137, 0, 0, -1372.235
2.33811259389154, 10, 40, 0, 0, -1372.235
2.33743568306551, 8, 79, 0, 0, -1372.235
2.33679902178855, 6, 299, 0, 0, -1372.235
2.33655859071491, 8, 75, 0, 0, -1372.235
2.33557950268023, 10, 53, 0, 0, -1372.235
2.33512268696167, 10, 24, 0, 0, -1372.235
2.33446057656966, 10, 29, 0, 0, -1372.235
2.33233454767508, 8, 165, 0, 0, -1372.235
2.33191010815655, 10, 31, 0, 0, -1372.235
2.32992908632969, 10, 27, 0, 0, -1372.235
2.32818134035425, 10, 49, 0, 0, -1372.235
2.32288792108633, 10, 37, 0, 0, -1372.235
2.32219175547047, 10, 33, 0, 0, -1372.235
2.31892098571136, 7, 224, 0, 0, -1372.235
2.31543162925074, 10, 72, 0, 0, -1372.235
2.31454797645995, 10, 45, 0, 0, -1372.235
2.31280164578322, 10, 8, 0, 0, -1372.235
2.3060827610975, 10, 40, 0, 0, -1372.235
2.30303237533081, 10, 36, 0, 0, -1372.235
2.30136725526289, 9, 71, 0, 0, -1372.235
2.30119113707168, 10, 48, 0, 0, -1372.235
2.29933252773969, 7, 210, 0, 0, -1372.235
2.29788680407999, 10, 35, 0, 0, -1372.235
2.29725622731266, 9, 34, 0, 0, -1372.235
2.29622331766055, 9, 61, 0, 0, -1372.235
2.29611192311418, 8, 186, 0, 0, -1372.235
2.29389799632757, 10, 19, 0, 0, -1372.235
2.29389799632757, 10, 19, 0, 0, -1372.235
2.29203530806569, 9, 92, 0, 0, -1372.235
2.28920852115793, 7, 276, 0, 0, -1372.235
2.2837341344468, 10, 18, 0, 0, -1372.235
2.28150149229192, 8, 147, 0, 0, -1372.235
2.28016567892781, 10, 26, 0, 0, -1372.235
2.27616047793587, 10, 33, 0, 0, -1372.235
2.27475733284296, 10, 40, 0, 0, -1372.235
2.27185383161562, 10, 21, 0, 0, -1372.235
2.27157561714363, 8, 212, 0, 0, -1372.235
2.2654387852104, 10, 37, 0, 0, -1372.235
2.25966390955208, 8, 142, 0, 0, -1372.235
2.25756971101964, 6, 649, 0, 0, -1372.235
2.25683397141571, 10, 38, 0, 0, -1372.235
2.2568339714157, 10, 38, 0, 0, -1372.235
2.25273927675177, 8, 124, 0, 0, -1372.235
2.24992739891571, 9, 94, 0, 0, -1372.235
2.24775398365212, 10, 41, 0, 0, -1372.235
2.24409442738157, 10, 42, 0, 0, -1372.235
2.24333504288379, 10, 14, 0, 0, -1372.235
2.24311284078459, 8, 221, 0, 0, -1372.235
2.24270047332167, 10, 20, 0, 0, -1372.235
2.2366275451576, 9, 54, 0, 0, -1372.235
2.2361597016767, 8, 192, 0, 0, -1372.235
2.23577247300134, 10, 19, 0, 0, -1372.235
2.22995088983605, 10, 34, 0, 0, -1372.235
2.22585248838055, 9, 55, 0, 0, -1372.235
2.22584429129111, 10, 59, 0, 0, -1372.235
2.22126667591738, 8, 105, 0, 0, -1372.235
2.20355705931362, 7, 221, 0, 0, -1372.235
2.19510501099421, 9, 26, 0, 0, -1372.235
2.19442196872559, 9, 93, 0, 0, -1372.235
2.17824970782215, 9, 51, 0, 0, -1372.235
2.17495055495476, 9, 94, 0, 0, -1372.235
2.17489482189813, 9, 97, 0, 0, -1372.235
2.17363968684531, 10, 11, 0, 0, -1372.235
2.1736396868453, 10, 11, 0, 0, -1372.235
2.16476099058596, 10, 54, 0, 0, -1372.235
2.16276745833062, 10, 35, 0, 0, -1372.235
2.15676773208262, 10, 30, 0, 0, -1372.235
2.15599894403873, 10, 47, 0, 0, -1372.235
2.1509267256302, 9, 77, 0, 0, -1372.235
2.14829694700444, 10, 47, 0, 0, -1372.235
2.14728707205309, 8, 169, 0, 0, -1372.235
2.13607232401984, 10, 15, 0, 0, -1372.235
2.13554409524299, 7, 300, 0, 0, -1372.235
2.13408376000933, 10, 30, 0, 0, -1372.235
2.1280439147091, 10, 30, 0, 0, -1372.235
2.12721226140642, 10, 20, 0, 0, -1372.235
2.12013697684945, 8, 90, 0, 0, -1372.235
2.11603082930533, 8, 172, 0, 0, -1372.235
2.11510154868483, 9, 60, 0, 0, -1372.235
2.11130371625233, 10, 29, 0, 0, -1372.235
2.11021502100117, 7, 196, 0, 0, -1372.235
2.10693458372402, 10, 83, 0, 0, -1372.235
2.10613285806345, 10, 74, 0, 0, -1372.235
2.09915265374642, 9, 106, 0, 0, -1372.235
2.09791451455521, 10, 21, 0, 0, -1372.235
2.09781386914334, 10, 41, 0, 0, -1372.235
2.09664519504146, 10, 21, 0, 0, -1372.235
2.09546206490634, 9, 36, 0, 0, -1372.235
2.08971235242016, 10, 31, 0, 0, -1372.235
2.08650782663508, 8, 122, 0, 0, -1372.235
2.08145448482017, 9, 71, 0, 0, -1372.235
2.0805853499075, 10, 41, 0, 0, -1372.235
2.0805853499075, 10, 41, 0, 0, -1372.235
2.0800518644658, 10, 26, 0, 0, -1372.235
2.07531037443909, 8, 144, 0, 0, -1372.235
2.07417883988669, 9, 87, 0, 0, -1372.235
2.07413844322395, 8, 114, 0, 0, -1372.235
2.0715483030439, 8, 100, 0, 0, -1372.235
2.064919477572, 10, 21, 0, 0, -1372.235
2.06396865639922, 10, 20, 0, 0, -1372.235
2.05915265500659, 10, 42, 0, 0, -1372.235
2.05686691857141, 10, 21, 0, 0, -1372.235
2.04914093645079, 8, 111, 0, 0, -1372.235
2.04881061192439, 7, 119, 0, 0, -1372.235
2.04862985050664, 9, 53, 0, 0, -1372.235
2.04783368929498, 7, 352, 0, 0, -1372.235
2.04630645205777, 10, 25, 0, 0, -1372.235
2.04599261777866, 10, 20, 0, 0, -1372.235
2.04222598077272, 10, 46, 0, 0, -1372.235
2.04197692831403, 10, 28, 0, 0, -1372.235
2.03995547411621, 8, 147, 0, 0, -1372.235
2.03986379128527, 10, 50, 0, 0, -1372.235
2.02691644757227, 10, 38, 0, 0, -1372.235
2.02190285927029, 10, 37, 0, 0, -1372.235
2.01436728595678, 10, 74, 0, 0, -1372.235
2.01222331046443, 8, 125, 0, 0, -1372.235
2.00726253115392, 10, 21, 0, 0, -1372.235
2.00683728753189, 9, 82, 0, 0, -1372.235
2.00520243802832, 9, 53, 0, 0, -1372.235
2.00460417160611, 10, 42, 0, 0, -1372.235
2.00435181451612, 9, 64, 0, 0, -1372.235
2.00417093484041, 9, 29, 0, 0, -1372.235
2.00304679915849, 10, 115, 0, 0, -1372.235
1.99968019397218, 10, 34, 0, 0, -1372.235
1.99968019397218, 10, 34, 0, 0, -1372.235
1.99881833965904, 6, 645, 0, 0, -1372.235
1.99783996809044, 10, 34, 0, 0, -1372.235
1.9975817059185, 10, 37, 0, 0, -1372.235
1.99350902315849, 6, 439, 0, 0, -1372.235
1.99039116120286, 5, 1025, 0, 0, -1372.235
1.98716786362264, 10, 48, 0, 0, -1372.235
1.9856900935944, 7, 358, 0, 0, -1372.235
1.98393480381365, 8, 166, 0, 0, -1372.235
1.98238229653059, 10, 49, 0, 0, -1372.235
1.97365182695155, 10, 80, 0, 0, -1372.235
1.96850831938975, 8, 270, 0, 0, -1372.235
1.96721862013144, 10, 38, 0, 0, -1372.235
1.9669393419162, 9, 84, 0, 0, -1372.235
1.9669365942029, 9, 64, 0, 0, -1372.235
1.96469659442588, 10, 25, 0, 0, -1372.235
1.96462556465579, 10, 25, 0, 0, -1372.235
1.96447412621539, 10, 21, 0, 0, -1372.235
1.96206519897664, 10, 63, 0, 0, -1372.235
1.95945068706119, 10, 47, 0, 0, -1372.235
1.95732182101341, 7, 230, 0, 0, -1372.235
1.95437312004116, 8, 177, 0, 0, -1372.235
1.95410360648454, 9, 97, 0, 0, -1372.235
1.94467904376631, 10, 28, 0, 0, -1372.235
1.94407126535643, 10, 86, 0, 0, -1372.235
1.94357434937612, 10, 23, 0, 0, -1372.235
1.94222036812719, 7, 302, 0, 0, -1372.235
1.93971835323535, 10, 61, 0, 0, -1372.235
1.93648400590551, 10, 64, 0, 0, -1372.235
1.93367004869998, 10, 43, 0, 0, -1372.235
1.92831601007674, 5, 1463, 0, 0, -1372.235
1.92777318818915, 9, 83, 0, 0, -1372.235
1.92407755878114, 10, 22, 0, 0, -1372.235
1.9236916888295, 9, 76, 0, 0, -1372.235
1.91980576837932, 10, 30, 0, 0, -1372.235
1.91439617201084, 8, 245, 0, 0, -1372.235
1.91180822223981, 9, 76, 0, 0, -1372.235
1.90473966361825, 10, 34, 0, 0, -1372.235
1.90271997572105, 10, 30, 0, 0, -1372.235
1.90210739639106, 8, 96, 0, 0, -1372.235
1.89904313186483, 9, 141, 0, 0, -1372.235
1.89727666188522, 10, 60, 0, 0, -1372.235
1.89127456194644, 9, 49, 0, 0, -1372.235
1.88870683117694, 10, 35, 0, 0, -1372.235
1.88679554981755, 10, 20, 0, 0, -1372.235
1.88552088702644, 10, 40, 0, 0, -1372.235
1.88486411181965, 8, 112, 0, 0, -1372.235
1.87887151751574, 8, 22, 0, 0, -1372.235
1.87384344992981, 10, 44, 0, 0, -1372.235
1.87134460585021, 8, 88, 0, 0, -1372.235
1.8686421182999, 9, 67, 0, 0, -1372.235
1.86726563126619, 10, 47, 0, 0, -1372.235
1.86640716187411, 10, 31, 0, 0, -1372.235
1.8663112454124, 9, 44, 0, 0, -1372.235
1.86365368282156, 10, 38, 0, 0, -1372.235
1.86097647369646, 10, 50, 0, 0, -1372.235
1.85970037075068, 9, 50, 0, 0, -1372.235
1.85916488461985, 10, 28, 0, 0, -1372.235
1.85791334727104, 10, 42, 0, 0, -1372.235
1.8571825821701, 7, 212, 0, 0, -1372.235
1.85440037771398, 8, 181, 0, 0, -1372.235
1.84923944316854, 10, 30, 0, 0, -1372.235
1.84746618621934, 10, 24, 0, 0, -1372.235
1.84687199048843, 9, 100, 0, 0, -1372.235
1.84476403419898, 10, 36, 0, 0, -1372.235
1.84264792644249, 10, 27, 0, 0, -1372.235
1.84043673307391, 6, 488, 0, 0, -1372.235
1.83861091755904, 10, 30, 0, 0, -1372.235
1.8377771371627, 7, 231, 0, 0, -1372.235
1.83770098417108, 10, 36, 0, 0, -1372.235
1.83735928937184, 10, 32, 0, 0, -1372.235
1.83590957858435, 5, 1251, 0, 0, -1372.235
1.83372857047274, 8, 210, 0, 0, -1372.235
1.83090734861433, 9, 89, 0, 0, -1372.235
1.82966829111061, 10, 53, 0, 0, -1372.235
1.82851473464828, 10, 43, 0, 0, -1372.235
1.82438744950926, 10, 23, 0, 0, -1372.235
1.82060998658987, 9, 70, 0, 0, -1372.235
1.81820092747424, 7, 406, 0, 0, -1372.235
1.81767467007579, 10, 32, 0, 0, -1372.235
1.81636442613305, 9, 47, 0, 0, -1372.235
1.81613992457569, 10, 36, 0, 0, -1372.235
1.81542536821689, 10, 42, 0, 0, -1372.235
1.81542536821688, 10, 42, 0, 0, -1372.235
1.81455384210192, 10, 13, 0, 0, -1372.235
1.81355696728597, 10, 38, 0, 0, -1372.235
1.80706943673377, 9, 43, 0, 0, -1372.235
1.80287862577842, 8, 162, 0, 0, -1372.235
1.80071920795236, 10, 32, 0, 0, -1372.235
1.79472709636588, 9, 85, 0, 0, -1372.235
1.79207291277716, 9, 70, 0, 0, -1372.235
1.79135915981103, 10, 38, 0, 0, -1372.235
1.78845341219598, 9, 78, 0, 0, -1372.235
1.78335698287007, 10, 12, 0, 0, -1372.235
1.77624055186257, 8, 148, 0, 0, -1372.235
1.77149233743186, 9, 114, 0, 0, -1372.235
1.76945465339704, 5, 1622, 0, 0, -1372.235
1.76059621316524, 8, 111, 0, 0, -1372.235
1.75786816804593, 10, 30, 0, 0, -1372.235
1.75717965131027, 9, 87, 0, 0, -1372.235
1.75673910194508, 10, 38, 0, 0, -1372.235
1.75154435432817, 10, 51, 0, 0, -1372.235
1.7513007919822, 10, 37, 0, 0, -1372.235
1.75129799326806, 10, 17, 0, 0, -1372.235
1.75005695589172, 8, 99, 0, 0, -1372.235
1.74842160228942, 9, 55, 0, 0, -1372.235
1.74791741281248, 10, 51, 0, 0, -1372.235
1.74494215059741, 9, 101, 0, 0, -1372.235
1.74313714869529, 9, 87, 0, 0, -1372.235
1.74279874631757, 9, 74, 0, 0, -1372.235
1.73988807574816, 10, 32, 0, 0, -1372.235
1.73726543130062, 9, 37, 0, 0, -1372.235
1.73522420956299, 9, 136, 0, 0, -1372.235
1.73440222381857, 10, 36, 0, 0, -1372.235
1.7300496016612, 8, 136, 0, 0, -1372.235
1.72821959106086, 9, 65, 0, 0, -1372.235
1.7258620491321, 10, 28, 0, 0, -1372.235
1.72518018833027, 10, 42, 0, 0, -1372.235
1.72292340556338, 8, 55, 0, 0, -1372.235
1.72076903533724, 10, 26, 0, 0, -1372.235
1.71856115282588, 10, 43, 0, 0, -1372.235
1.71575565268807, 10, 34, 0, 0, -1372.235
1.71386556819944, 8, 138, 0, 0, -1372.235
1.71131996323077, 8, 101, 0, 0, -1372.235
1.70971835163892, 9, 26, 0, 0, -1372.235
1.70937017320489, 10, 45, 0, 0, -1372.235
1.70863917575287, 10, 30, 0, 0, -1372.235
1.70656790994933, 10, 30, 0, 0, -1372.235
1.70452663883245, 10, 18, 0, 0, -1372.235
1.70342995700149, 10, 20, 0, 0, -1372.235
1.70329333257909, 8, 96, 0, 0, -1372.235
1.70314468568102, 10, 50, 0, 0, -1372.235
1.70215539025303, 10, 19, 0, 0, -1372.235
1.70061590968793, 10, 29, 0, 0, -1372.235
1.69938653557311, 6, 537, 0, 0, -1372.235
1.69887689935257, 8, 118, 0, 0, -1372.235
1.69550308240305, 8, 75, 0, 0, -1372.235
1.69150696166812, 8, 136, 0, 0, -1372.235
1.68771027405237, 10, 31, 0, 0, -1372.235
1.67917357374145, 5, 1257, 0, 0, -1372.235
1.67711898651479, 8, 148, 0, 0, -1372.235
1.67700167090521, 10, 16, 0, 0, -1372.235
1.67613247888561, 10, 39, 0, 0, -1372.235
1.6754428193236, 10, 41, 0, 0, -1372.235
1.67394337415132, 10, 18, 0, 0, -1372.235
1.67091760397533, 10, 33, 0, 0, -1372.235
1.6701613481159, 10, 27, 0, 0, -1372.235
1.66966617980074, 9, 73, 0, 0, -1372.235
1.66167683022266, 9, 70, 0, 0, -1372.235
1.66057894736842, 10, 64, 0, 0, -1372.235
1.65983023031884, 7, 334, 0, 0, -1372.235
1.65662270809741, 9, 55, 0, 0, -1372.235
1.65650130618019, 10, 34, 0, 0, -1372.235
1.65240453706277, 7, 255, 0, 0, -1372.235
1.65077463409085, 9, 74, 0, 0, -1372.235
1.64936268591973, 8, 120, 0, 0, -1372.235
1.64821742178993, 10, 41, 0, 0, -1372.235
1.64787428002584, 10, 47, 0, 0, -1372.235
1.64759874747789, 10, 76, 0, 0, -1372.235
1.64742008571675, 9, 84, 0, 0, -1372.235
1.64720776998839, 10, 40, 0, 0, -1372.235
1.64364361551811, 10, 32, 0, 0, -1372.235
1.64213332936002, 10, 42, 0, 0, -1372.235
1.64170180032618, 9, 42, 0, 0, -1372.235
1.6389051418807, 8, 98, 0, 0, -1372.235
1.63789954014141, 10, 39, 0, 0, -1372.235
1.63237109177365, 10, 36, 0, 0, -1372.235
1.6291004445978, 7, 192, 0, 0, -1372.235
1.62643078705489, 10, 29, 0, 0, -1372.235
1.62613526217134, 8, 298, 0, 0, -1372.235
1.62613162586833, 9, 60, 0, 0, -1372.235
1.62318837767078, 10, 26, 0, 0, -1372.235
1.62294435495808, 9, 110, 0, 0, -1372.235
1.62084121530266, 10, 24, 0, 0, -1372.235
1.61921768903181, 8, 125, 0, 0, -1372.235
1.61873563578147, 7, 269, 0, 0, -1372.235
1.61866579355764, 10, 48, 0, 0, -1372.235
1.61866579355763, 10, 48, 0, 0, -1372.235
1.61582516478731, 10, 37, 0, 0, -1372.235
1.60962478461704, 10, 28, 0, 0, -1372.235
1.60807002874768, 10, 48, 0, 0, -1372.235
1.60646272192388, 10, 39, 0, 0, -1372.235
1.60599287106884, 8, 109, 0, 0, -1372.235
1.60357536568191, 7, 335, 0, 0, -1372.235
1.60299611875349, 6, 470, 0, 0, -1372.235
1.59985687419381, 10, 53, 0, 0, -1372.235
1.5968035432983, 7, 382, 0, 0, -1372.235
1.58735672839884, 10, 22, 0, 0, -1372.235
1.58592118728952, 8, 144, 0, 0, -1372.235
1.58551258473684, 10, 31, 0, 0, -1372.235
1.58002781592796, 7, 341, 0, 0, -1372.235
1.57460346634979, 5, 744, 0, 0, -1372.235
1.57109353262069, 10, 29, 0, 0, -1372.235
1.57040635074142, 9, 93, 0, 0, -1372.235
1.56827087126969, 7, 164, 0, 0, -1372.235
1.56673155656539, 9, 47, 0, 0, -1372.235
1.56622506686942, 10, 10, 0, 0, -1372.235
1.55922385603034, 8, 62, 0, 0, -1372.235
1.55593662762371, 10, 45, 0, 0, -1372.235
1.55533840055516, 7, 60, 0, 0, -1372.235
1.55468194170092, 10, 36, 0, 0, -1372.235
1.55446345288087, 10, 33, 0, 0, -1372.235
1.55404849521793, 10, 36, 0, 0, -1372.235
1.55122733280215, 10, 55, 0, 0, -1372.235
1.54958875275816, 10, 25, 0, 0, -1372.235
1.54809263056436, 9, 76, 0, 0, -1372.235
1.54809263056436, 9, 76, 0, 0, -1372.235
1.5458807483238, 10, 47, 0, 0, -1372.235
1.54299683273045, 10, 35, 0, 0, -1372.235
1.53963264491117, 10, 12, 0, 0, -1372.235
1.53792919846347, 8, 138, 0, 0, -1372.235
1.53706302645813, 10, 43, 0, 0, -1372.235
1.53501849837093, 10, 44, 0, 0, -1372.235
1.53208834478757, 10, 45, 0, 0, -1372.235
1.53142803105064, 9, 15, 0, 0, -1372.235
1.52947537155623, 10, 20, 0, 0, -1372.235
1.52730927511637, 10, 58, 0, 0, -1372.235
1.52723987436749, 6, 400, 0, 0, -1372.235
1.52697115899754, 10, 57, 0, 0, -1372.235
1.52652298163272, 10, 60, 0, 0, -1372.235
1.5244892258299, 8, 166, 0, 0, -1372.235
1.52281953951551, 8, 172, 0, 0, -1372.235
1.52021983013923, 10, 18, 0, 0, -1372.235
1.51867368290208, 5, 777, 0, 0, -1372.235
1.51658327779725, 10, 54, 0, 0, -1372.235
1.51636338312814, 9, 76, 0, 0, -1372.235
1.51583161278645, 10, 31, 0, 0, -1372.235
1.51436220666734, 10, 29, 0, 0, -1372.235
1.51024760489964, 10, 57, 0, 0, -1372.235
1.50914682600596, 8, 104, 0, 0, -1372.235
1.50789635635379, 10, 44, 0, 0, -1372.235
1.50781947468511, 10, 43, 0, 0, -1372.235
1.50640461624544, 10, 22, 0, 0, -1372.235
1.4976166826283, 10, 43, 0, 0, -1372.235
1.49729249810662, 4, 2066, 0, 0, -1372.235
1.49599523653874, 9, 101, 0, 0, -1372.235
1.49350495188621, 8, 41, 0, 0, -1372.235
1.49311802035385, 10, 49, 0, 0, -1372.235
1.48125741172929, 10, 44, 0, 0, -1372.235
1.47998074185888, 10, 67, 0, 0, -1372.235
1.4762527614261, 10, 32, 0, 0, -1372.235
1.47203637000952, 9, 58, 0, 0, -1372.235
1.47104957170524, 10, 37, 0, 0, -1372.235
1.47013752927246, 8, 89, 0, 0, -1372.235
1.46604293213864, 9, 101, 0, 0, -1372.235
1.46445305593959, 10, 61, 0, 0, -1372.235
1.46386181804717, 10, 47, 0, 0, -1372.235
1.46381256988927, 8, 42, 0, 0, -1372.235
1.46376755849776, 9, 96, 0, 0, -1372.235
1.46170573585265, 6, 462, 0, 0, -1372.235
1.45994638167432, 9, 104, 0, 0, -1372.235
1.45940096946693, 10, 32, 0, 0, -1372.235
1.45436405462161, 10, 39, 0, 0, -1372.235
1.45402516004065, 10, 18, 0, 0, -1372.235
1.45079710557663, 10, 14, 0, 0, -1372.235
1.44872111890493, 10, 50, 0, 0, -1372.235
1.44805613878658, 9, 20, 0, 0, -1372.235
1.44660490270549, 9, 27, 0, 0, -1372.235
1.44632641652417, 9, 74, 0, 0, -1372.235
1.4445819607958, 9, 109, 0, 0, -1372.235
1.44428447219532, 7, 371, 0, 0, -1372.235
1.44268561322309, 9, 32, 0, 0, -1372.235
1.44249674813925, 9, 87, 0, 0, -1372.235
1.44021084810094, 9, 78, 0, 0, -1372.235
1.44021084810092, 9, 78, 0, 0, -1372.235
1.43949087666138, 10, 33, 0, 0, -1372.235
1.4374790190074, 10, 42, 0, 0, -1372.235
1.43291183463382, 10, 26, 0, 0, -1372.235
1.43191351693039, 9, 24, 0, 0, -1372.235
1.42919381474391, 10, 31, 0, 0, -1372.235
1.42779287877773, 9, 119, 0, 0, -1372.235
1.42669005386046, 9, 99, 0, 0, -1372.235
1.42448394469783, 9, 87, 0, 0, -1372.235
1.42306286698155, 9, 129, 0, 0, -1372.235
1.42287717035861, 9, 63, 0, 0, -1372.235
1.42228196390455, 9, 87, 0, 0, -1372.235
1.42144738900473, 8, 70, 0, 0, -1372.235
1.41696622056035, 8, 235, 0, 0, -1372.235
1.41591708304653, 10, 25, 0, 0, -1372.235
1.40702327060232, 10, 37, 0, 0, -1372.235
1.40313160832194, 10, 38, 0, 0, -1372.235
1.40223729925855, 10, 70, 0, 0, -1372.235
1.40134964518945, 10, 35, 0, 0, -1372.235
1.40116051599653, 9, 48, 0, 0, -1372.235
1.39976394974696, 10, 21, 0, 0, -1372.235
1.39851761773663, 6, 656, 0, 0, -1372.235
1.39711367288793, 10, 52, 0, 0, -1372.235
1.39547112360049, 9, 95, 0, 0, -1372.235
1.39051991921259, 10, 35, 0, 0, -1372.235
1.38996652657698, 10, 19, 0, 0, -1372.235
1.38839028741296, 10, 28, 0, 0, -1372.235
1.38728016874145, 9, 74, 0, 0, -1372.235
1.38036712804712, 9, 103, 0, 0, -1372.235
1.37990495337463, 10, 50, 0, 0, -1372.235
1.37809031611888, 10, 33, 0, 0, -1372.235
1.37802546273166, 7, 117, 0, 0, -1372.235
1.37728972301472, 10, 33, 0, 0, -1372.235
1.37536521353858, 9, 67, 0, 0, -1372.235
1.37525168200771, 6, 296, 0, 0, -1372.235
1.37340525559527, 7, 226, 0, 0, -1372.235
1.37161087136292, 9, 34, 0, 0, -1372.235
1.37159734872693, 8, 195, 0, 0, -1372.235
1.36935034758598, 10, 45, 0, 0, -1372.235
1.36904930479742, 5, 1779, 0, 0, -1372.235
1.36696416528347, 8, 125, 0, 0, -1372.235
1.36160032695839, 8, 73, 0, 0, -1372.235
1.36154003203359, 7, 405, 0, 0, -1372.235
1.36074492181699, 10, 55, 0, 0, -1372.235
1.35931784716219, 9, 54, 0, 0, -1372.235
1.35594492815048, 10, 34, 0, 0, -1372.235
1.35507539529572, 9, 145, 0, 0, -1372.235
1.35438741212369, 10, 35, 0, 0, -1372.235
1.35402947873991, 10, 14, 0, 0, -1372.235
1.35206715005164, 10, 52, 0, 0, -1372.235
1.35122365468575, 10, 23, 0, 0, -1372.235
1.3504407383099, 10, 41, 0, 0, -1372.235
1.35039863220059, 10, 33, 0, 0, -1372.235
1.34905345715668, 9, 140, 0, 0, -1372.235
1.34888215088155, 9, 60, 0, 0, -1372.235
1.34833180468748, 6, 509, 0, 0, -1372.235
1.34725759901048, 9, 144, 0, 0, -1372.235
1.34653810933921, 10, 22, 0, 0, -1372.235
1.34495601882909, 7, 411, 0, 0, -1372.235
1.34002086407116, 10, 25, 0, 0, -1372.235
1.33878277285139, 10, 74, 0, 0, -1372.235
1.33233444363131, 10, 22, 0, 0, -1372.235
1.33199806506531, 9, 93, 0, 0, -1372.235
1.33188187132253, 8, 164, 0, 0, -1372.235
1.33088006559316, 2, 5972, 0, 0, -1372.235
1.33065178895225, 9, 40, 0, 0, -1372.235
1.32762741596408, 10, 23, 0, 0, -1372.235
1.32340504227588, 10, 6, 0, 0, -1372.235
1.32064094635044, 7, 247, 0, 0, -1372.235
1.31781487017484, 10, 36, 0, 0, -1372.235
1.31364073537678, 10, 38, 0, 0, -1372.235
1.31129309767769, 9, 55, 0, 0, -1372.235
1.31048407386125, 9, 71, 0, 0, -1372.235
1.30827234670194, 9, 52, 0, 0, -1372.235
1.3003468833304, 10, 43, 0, 0, -1372.235
1.29983576762307, 7, 384, 0, 0, -1372.235
1.29911990025487, 10, 51, 0, 0, -1372.235
1.29801870292054, 10, 34, 0, 0, -1372.235
1.29761123947736, 10, 63, 0, 0, -1372.235
1.29505860116518, 8, 130, 0, 0, -1372.235
1.29406330942719, 8, 137, 0, 0, -1372.235
1.29166384391033, 10, 41, 0, 0, -1372.235
1.29131109523992, 10, 63, 0, 0, -1372.235
1.28981214315284, 9, 75, 0, 0, -1372.235
1.28622754471327, 8, 174, 0, 0, -1372.235
1.28597489221114, 9, 70, 0, 0, -1372.235
1.28388352550997, 10, 23, 0, 0, -1372.235
1.28342044626043, 10, 59, 0, 0, -1372.235
1.28073464448256, 9, 58, 0, 0, -1372.235
1.27684314054339, 10, 56, 0, 0, -1372.235
1.27536193224665, 10, 28, 0, 0, -1372.235
1.27527341121637, 9, 74, 0, 0, -1372.235
1.27394922194615, 9, 154, 0, 0, -1372.235
1.27306675291136, 10, 25, 0, 0, -1372.235
1.27145518441922, 10, 42, 0, 0, -1372.235
1.27140180590937, 10, 23, 0, 0, -1372.235
1.26999999908613, 8, 268, 0, 0, -1372.235
1.26905536322421, 9, 45, 0, 0, -1372.235
1.26888587661547, 8, 143, 0, 0, -1372.235
1.26798539353946, 9, 46, 0, 0, -1372.235
1.26512654813388, 7, 324, 0, 0, -1372.235
1.26243589866215, 9, 59, 0, 0, -1372.235
1.26041893450723, 7, 236, 0, 0, -1372.235
1.25975712670419, 10, 38, 0, 0, -1372.235
1.2585692891727, 8, 166, 0, 0, -1372.235
1.25843156015315, 10, 32, 0, 0, -1372.235
1.258395827336, 9, 14, 0, 0, -1372.235
1.25724755768847, 10, 50, 0, 0, -1372.235
1.25691967069527, 10, 59, 0, 0, -1372.235
1.25648876526589, 9, 49, 0, 0, -1372.235
1.25330240156918, 8, 191, 0, 0, -1372.235
1.25319285666922, 9, 67, 0, 0, -1372.235
1.25268287190516, 7, 80, 0, 0, -1372.235
1.25118874923389, 10, 29, 0, 0, -1372.235
1.25025466419765, 10, 56, 0, 0, -1372.235
1.24602753742012, 7, 254, 0, 0, -1372.235
1.24382297877216, 4, 2581, 0, 0, -1372.235
1.24019883359865, 8, 178, 0, 0, -1372.235
1.24004700874594, 8, 147, 0, 0, -1372.235
1.23754931669102, 10, 31, 0, 0, -1372.235
1.23738497125133, 9, 97, 0, 0, -1372.235
1.23243867780692, 8, 107, 0, 0, -1372.235
1.22824026587851, 10, 41, 0, 0, -1372.235
1.22710008415438, 10, 24, 0, 0, -1372.235
1.22514596445074, 9, 76, 0, 0, -1372.235
1.22488775878852, 10, 69, 0, 0, -1372.235
1.22487462879596, 10, 45, 0, 0, -1372.235
1.22124417196324, 10, 39, 0, 0, -1372.235
1.22119699074074, 9, 64, 0, 0, -1372.235
1.21840967743819, 10, 16, 0, 0, -1372.235
1.21833390708519, 10, 55, 0, 0, -1372.235
1.21685437730027, 8, 55, 0, 0, -1372.235
1.21676462200638, 10, 21, 0, 0, -1372.235
1.21579732403481, 10, 37, 0, 0, -1372.235
1.21478854512724, 8, 218, 0, 0, -1372.235
1.21257797700357, 9, 150, 0, 0, -1372.235
1.21073280474225, 10, 33, 0, 0, -1372.235
1.20789000846719, 10, 46, 0, 0, -1372.235
1.20752239772994, 6, 346, 0, 0, -1372.235
1.20473746125868, 10, 35, 0, 0, -1372.235
1.20368146425212, 10, 40, 0, 0, -1372.235
1.20363015275354, 10, 32, 0, 0, -1372.235
1.20150985930074, 10, 44, 0, 0, -1372.235
1.20080111014876, 9, 135, 0, 0, -1372.235
1.20080111014876, 9, 135, 0, 0, -1372.235
1.20056808303849, 7, 171, 0, 0, -1372.235
1.19877170163726, 9, 114, 0, 0, -1372.235
1.19741636929386, 7, 286, 0, 0, -1372.235
1.19704872811341, 10, 59, 0, 0, -1372.235
1.19606627828192, 10, 71, 0, 0, -1372.235
1.1949616584695, 6, 685, 0, 0, -1372.235
1.19407504565014, 9, 71, 0, 0, -1372.235
1.19298106193643, 8, 116, 0, 0, -1372.235
1.19224976369376, 9, 71, 0, 0, -1372.235
1.18873407275279, 10, 61, 0, 0, -1372.235
1.18828976666931, 10, 31, 0, 0, -1372.235
1.18572839696433, 10, 39, 0, 0, -1372.235
1.18536133486864, 10, 34, 0, 0, -1372.235
1.18536133486864, 10, 34, 0, 0, -1372.235
1.18502315748914, 10, 54, 0, 0, -1372.235
1.18472653586162, 9, 77, 0, 0, -1372.235
1.18427277716398, 10, 67, 0, 0, -1372.235
1.18415212916808, 10, 15, 0, 0, -1372.235
1.18355605201325, 8, 208, 0, 0, -1372.235
1.18226418138438, 10, 31, 0, 0, -1372.235
1.1812827232166, 10, 47, 0, 0, -1372.235
1.18122582729732, 10, 15, 0, 0, -1372.235
1.17791325290619, 8, 147, 0, 0, -1372.235
1.17733724779948, 7, 383, 0, 0, -1372.235
1.1745898633425, 10, 37, 0, 0, -1372.235
1.17438701100006, 4, 2804, 0, 0, -1372.235
1.17417481710884, 10, 38, 0, 0, -1372.235
1.16594843078392, 6, 816, 0, 0, -1372.235
1.16548483930516, 10, 32, 0, 0, -1372.235
1.16527840763669, 9, 35, 0, 0, -1372.235
1.16100305316002, 6, 714, 0, 0, -1372.235
1.15675273536482, 10, 38, 0, 0, -1372.235
1.15569317024862, 10, 40, 0, 0, -1372.235
1.15405706649228, 10, 25, 0, 0, -1372.235
1.15203981115777, 7, 339, 0, 0, -1372.235
1.1483989378452, 9, 83, 0, 0, -1372.235
1.14829194750857, 10, 24, 0, 0, -1372.235
1.14740863509524, 9, 73, 0, 0, -1372.235
1.14483524395958, 9, 52, 0, 0, -1372.235
1.14479838961037, 6, 595, 0, 0, -1372.235
1.14335874258093, 9, 51, 0, 0, -1372.235
1.14324321804423, 10, 62, 0, 0, -1372.235
1.14238949079362, 6, 723, 0, 0, -1372.235
1.13641630444761, 9, 112, 0, 0, -1372.235
1.13544047247796, 9, 114, 0, 0, -1372.235
1.13520094282434, 10, 30, 0, 0, -1372.235
1.13503364220949, 10, 28, 0, 0, -1372.235
1.1332046727294, 8, 119, 0, 0, -1372.235
1.13111178425791, 10, 67, 0, 0, -1372.235
1.13090759145952, 9, 37, 0, 0, -1372.235
1.13056645402456, 9, 148, 0, 0, -1372.235
1.1303826571412, 9, 132, 0, 0, -1372.235
1.12667380913163, 10, 61, 0, 0, -1372.235
1.12651732540273, 9, 76, 0, 0, -1372.235
1.12000616485351, 9, 71, 0, 0, -1372.235
1.11903835368923, 10, 52, 0, 0, -1372.235
1.11903835368922, 10, 52, 0, 0, -1372.235
1.11704790198702, 9, 63, 0, 0, -1372.235
1.11664869050148, 7, 311, 0, 0, -1372.235
1.11643152345876, 10, 22, 0, 0, -1372.235
1.11604932541398, 9, 85, 0, 0, -1372.235
1.11598369851662, 9, 115, 0, 0, -1372.235
1.11373870303026, 9, 52, 0, 0, -1372.235
1.11280035601981, 9, 113, 0, 0, -1372.235
1.11165734363188, 9, 115, 0, 0, -1372.235
1.10769974647764, 9, 76, 0, 0, -1372.235
1.10351195972637, 10, 23, 0, 0, -1372.235
1.10240162292741, 9, 63, 0, 0, -1372.235
1.10094373337949, 10, 72, 0, 0, -1372.235
1.10092412793659, 4, 3030, 0, 0, -1372.235
1.10085118105103, 10, 39, 0, 0, -1372.235
1.10073918890644, 10, 43, 0, 0, -1372.235
1.10070521944006, 10, 40, 0, 0, -1372.235
1.09852873953416, 6, 763, 0, 0, -1372.235
1.09848239061335, 10, 60, 0, 0, -1372.235
1.09807598140929, 9, 72, 0, 0, -1372.235
1.09751776763977, 9, 77, 0, 0, -1372.235
1.09751556407553, 10, 47, 0, 0, -1372.235
1.09643223452425, 10, 56, 0, 0, -1372.235
1.09643223452424, 10, 56, 0, 0, -1372.235
1.09191673896616, 8, 161, 0, 0, -1372.235
1.09015348821193, 10, 74, 0, 0, -1372.235
1.0872731629008, 10, 23, 0, 0, -1372.235
1.08541444049541, 10, 60, 0, 0, -1372.235
1.08517286223257, 10, 30, 0, 0, -1372.235
1.08296122422174, 8, 80, 0, 0, -1372.235
1.08284440572736, 10, 30, 0, 0, -1372.235
1.08266340284705, 8, 125, 0, 0, -1372.235
1.08194218614145, 9, 71, 0, 0, -1372.235
1.08086313713186, 9, 38, 0, 0, -1372.235
1.07903615136867, 9, 92, 0, 0, -1372.235
1.07794041286323, 10, 36, 0, 0, -1372.235
1.07614408840613, 10, 22, 0, 0, -1372.235
1.07298240580244, 9, 51, 0, 0, -1372.235
1.07119926127406, 8, 132, 0, 0, -1372.235
1.06968715365666, 10, 31, 0, 0, -1372.235
1.06759279236645, 10, 35, 0, 0, -1372.235
1.06590329290892, 8, 244, 0, 0, -1372.235
1.06571232164067, 6, 616, 0, 0, -1372.235
1.06362866268076, 9, 91, 0, 0, -1372.235
1.06187179079112, 8, 219, 0, 0, -1372.235
1.06155684797737, 7, 290, 0, 0, -1372.235
1.05965542948642, 10, 44, 0, 0, -1372.235
1.05894914879106, 10, 35, 0, 0, -1372.235
1.05827427297714, 10, 24, 0, 0, -1372.235
1.05785825336655, 8, 238, 0, 0, -1372.235
1.05625759162268, 9, 84, 0, 0, -1372.235
1.05360721232225, 10, 37, 0, 0, -1372.235
1.05147223379943, 7, 543, 0, 0, -1372.235
1.05046462016721, 10, 13, 0, 0, -1372.235
1.04957566797928, 9, 111, 0, 0, -1372.235
1.04737934070609, 9, 109, 0, 0, -1372.235
1.04589192587274, 9, 85, 0, 0, -1372.235
1.04489164663122, 10, 40, 0, 0, -1372.235
1.04375347497703, 7, 334, 0, 0, -1372.235
1.04235878848452, 10, 50, 0, 0, -1372.235
1.04096086454975, 9, 97, 0, 0, -1372.235
1.03838374778218, 7, 384, 0, 0, -1372.235
1.03809485563348, 10, 27, 0, 0, -1372.235
1.03798525138996, 7, 503, 0, 0, -1372.235
1.03027270758266, 6, 729, 0, 0, -1372.235
1.03010186426511, 8, 187, 0, 0, -1372.235
1.02825869381297, 9, 106, 0, 0, -1372.235
1.02749526447256, 10, 36, 0, 0, -1372.235
1.02690305606115, 10, 28, 0, 0, -1372.235
1.02502913848184, 9, 67, 0, 0, -1372.235
1.02442087337967, 6, 734, 0, 0, -1372.235
1.02307219341638, 9, 54, 0, 0, -1372.235
1.01723929565638, 10, 18, 0, 0, -1372.235
1.01598321782344, 9, 54, 0, 0, -1372.235
1.01579143202207, 10, 38, 0, 0, -1372.235
1.01538304798448, 10, 33, 0, 0, -1372.235
1.01494995266282, 8, 97, 0, 0, -1372.235
1.01477286866328, 10, 67, 0, 0, -1372.235
1.01461013218477, 10, 66, 0, 0, -1372.235
1.01428933253075, 10, 25, 0, 0, -1372.235
1.01090890033141, 8, 86, 0, 0, -1372.235
1.00997807639807, 10, 38, 0, 0, -1372.235
1.0082594394078, 9, 49, 0, 0, -1372.235
1.00731803046336, 8, 69, 0, 0, -1372.235
1.00699620643669, 10, 43, 0, 0, -1372.235
1.00663905068136, 10, 38, 0, 0, -1372.235
1.00430080211921, 10, 37, 0, 0, -1372.235
1.00361617202613, 10, 25, 0, 0, -1372.235
1.00028885661118, 10, 26, 0, 0, -1372.235
0.997846663258484, 8, 106, 0, 0, -1372.235
0.99555914763896, 8, 43, 0, 0, -1372.235
0.992269718641191, 9, 100, 0, 0, -1372.235
0.988538048004612, 9, 60, 0, 0, -1372.235
0.984315854694647, 10, 59, 0, 0, -1372.235
0.981715854489939, 8, 90, 0, 0, -1372.235
0.976352163584168, 9, 38, 0, 0, -1372.235
0.975654304957362, 9, 19, 0, 0, -1372.235
0.975505372459979, 7, 108, 0, 0, -1372.235
0.972314449375183, 9, 65, 0, 0, -1372.235
0.970208041211688, 9, 12, 0, 0, -1372.235
0.969835199424982, 9, 66, 0, 0, -1372.235
0.969319055718701, 10, 27, 0, 0, -1372.235
0.968340697207176, 9, 26, 0, 0, -1372.235
0.968214739496057, 10, 17, 0, 0, -1372.235
0.967979604166183, 10, 60, 0, 0, -1372.235
0.967513076839214, 10, 33, 0, 0, -1372.235
0.966869665031421, 7, 179, 0, 0, -1372.235
0.964836995867544, 2, 8785, 0, 0, -1372.235
0.96250812712626, 9, 59, 0, 0, -1372.235
0.957347544445345, 10, 61, 0, 0, -1372.235
0.954553002787251, 6, 740, 0, 0, -1372.235
0.948956703812349, 9, 94, 0, 0, -1372.235
0.947380416747618, 10, 24, 0, 0, -1372.235
0.947099043260725, 8, 246, 0, 0, -1372.235
0.947090773557643, 8, 93, 0, 0, -1372.235
0.946454163879554, 10, 21, 0, 0, -1372.235
0.944672125592814, 9, 69, 0, 0, -1372.235
0.944387594916432, 7, 230, 0, 0, -1372.235
0.943731829525056, 9, 37, 0, 0, -1372.235
0.942633964237833, 10, 49, 0, 0, -1372.235
0.939552589588162, 10, 30, 0, 0, -1372.235
0.938166243127231, 9, 127, 0, 0, -1372.235
0.936651264662763, 10, 53, 0, 0, -1372.235
0.935987042793939, 10, 28, 0, 0, -1372.235
0.934655258089365, 10, 42, 0, 0, -1372.235
0.933069859112251, 9, 75, 0, 0, -1372.235
0.927472667036047, 8, 144, 0, 0, -1372.235
0.922215897020869, 9, 104, 0, 0, -1372.235
0.919517469455048, 9, 120, 0, 0, -1372.235
0.918761575550192, 10, 32, 0, 0, -1372.235
0.917183252831472, 9, 71, 0, 0, -1372.235
0.916979154528095, 7, 432, 0, 0, -1372.235
0.916053587113193, 10, 22, 0, 0, -1372.235
0.915573400339966, 10, 52, 0, 0, -1372.235
0.915458863727743, 8, 112, 0, 0, -1372.235
0.907008319773014, 10, 9, 0, 0, -1372.235
0.904690553606306, 10, 43, 0, 0, -1372.235
0.904622896336178, 10, 47, 0, 0, -1372.235
0.903978489873627, 9, 99, 0, 0, -1372.235
0.903765368485637, 8, 169, 0, 0, -1372.235
0.903139452105662, 10, 49, 0, 0, -1372.235
0.902093546131045, 7, 243, 0, 0, -1372.235
0.898092283461592, 9, 41, 0, 0, -1372.235
0.896257933302543, 7, 401, 0, 0, -1372.235
0.894350095465967, 9, 84, 0, 0, -1372.235
0.894030525074956, 10, 78, 0, 0, -1372.235
0.893402365978226, 10, 54, 0, 0, -1372.235
0.89332577268241, 5, 1388, 0, 0, -1372.235
0.890356275775662, 10, 32, 0, 0, -1372.235
0.889657146027618, 9, 48, 0, 0, -1372.235
0.888763093910783, 9, 125, 0, 0, -1372.235
0.887572553568869, 10, 36, 0, 0, -1372.235
0.883556320445184, 10, 16, 0, 0, -1372.235
0.882740902331886, 10, 23, 0, 0, -1372.235
0.882294924752107, 10, 45, 0, 0, -1372.235
0.881949976899182, 10, 45, 0, 0, -1372.235
0.881640344569865, 9, 74, 0, 0, -1372.235
0.876500524130177, 8, 118, 0, 0, -1372.235
0.872719682054346, 9, 74, 0, 0, -1372.235
0.87187439086575, 10, 35, 0, 0, -1372.235
0.87018783459022, 10, 51, 0, 0, -1372.235
0.869695837006961, 8, 139, 0, 0, -1372.235
0.869668671579526, 10, 42, 0, 0, -1372.235
0.869594719850381, 8, 177, 0, 0, -1372.235
0.869061726338388, 10, 24, 0, 0, -1372.235
0.869012698546325, 10, 37, 0, 0, -1372.235
0.865868436416686, 10, 45, 0, 0, -1372.235
0.865547938480012, 8, 110, 0, 0, -1372.235
0.863012034049142, 8, 107, 0, 0, -1372.235
0.862298850568974, 10, 42, 0, 0, -1372.235
0.860342550509166, 9, 88, 0, 0, -1372.235
0.860198728647628, 10, 38, 0, 0, -1372.235
0.85988460951992, 10, 22, 0, 0, -1372.235
0.858810412185156, 10, 27, 0, 0, -1372.235
0.85846662593236, 10, 22, 0, 0, -1372.235
0.855013282804166, 10, 31, 0, 0, -1372.235
0.853853397138413, 10, 40, 0, 0, -1372.235
0.853254320714586, 7, 471, 0, 0, -1372.235
0.851792790315087, 10, 16, 0, 0, -1372.235
0.850011153554929, 10, 55, 0, 0, -1372.235
0.850003733708899, 9, 89, 0, 0, -1372.235
0.84676639678953, 9, 44, 0, 0, -1372.235
0.8450984605114, 10, 51, 0, 0, -1372.235
0.828520384599302, 8, 166, 0, 0, -1372.235
0.828273484454098, 9, 69, 0, 0, -1372.235
0.828094089260901, 10, 60, 0, 0, -1372.235
0.827662038259811, 4, 2487, 0, 0, -1372.235
0.827046528157733, 9, 78, 0, 0, -1372.235
0.826745954152962, 10, 39, 0, 0, -1372.235
0.826336845799919, 10, 26, 0, 0, -1372.235
0.826336845799903, 10, 26, 0, 0, -1372.235
0.826013628749713, 10, 41, 0, 0, -1372.235
0.825064789716056, 9, 103, 0, 0, -1372.235
0.825034705151034, 5, 386, 0, 0, -1372.235
0.822910582705342, 10, 29, 0, 0, -1372.235
0.822910582705339, 10, 29, 0, 0, -1372.235
0.822688655907441, 10, 34, 0, 0, -1372.235
0.822624604778632, 10, 10, 0, 0, -1372.235
0.821833812500228, 10, 48, 0, 0, -1372.235
0.82180205778443, 9, 81, 0, 0, -1372.235
0.821531678557444, 10, 49, 0, 0, -1372.235
0.821140433538838, 10, 30, 0, 0, -1372.235
0.821140433538823, 10, 30, 0, 0, -1372.235
0.820391447848722, 10, 51, 0, 0, -1372.235
0.819839859090029, 10, 41, 0, 0, -1372.235
0.819449829931969, 9, 64, 0, 0, -1372.235
0.819061456348311, 10, 58, 0, 0, -1372.235
0.818096255181301, 10, 13, 0, 0, -1372.235
0.817348542751236, 9, 58, 0, 0, -1372.235
0.817198973181402, 7, 353, 0, 0, -1372.235
0.816965280079578, 10, 49, 0, 0, -1372.235
0.813308996263093, 9, 71, 0, 0, -1372.235
0.812684168281094, 8, 115, 0, 0, -1372.235
0.810322014606667, 10, 48, 0, 0, -1372.235
0.808038834209733, 9, 114, 0, 0, -1372.235
0.807222920383967, 10, 52, 0, 0, -1372.235
0.806444860267, 10, 34, 0, 0, -1372.235
0.803711253448352, 9, 114, 0, 0, -1372.235
0.8035965831986, 9, 89, 0, 0, -1372.235
0.803540617335455, 10, 42, 0, 0, -1372.235
0.799460888747695, 8, 121, 0, 0, -1372.235
0.798179948349633, 10, 28, 0, 0, -1372.235
0.796020505955663, 10, 46, 0, 0, -1372.235
0.795185183364332, 8, 130, 0, 0, -1372.235
0.791487808505964, 10, 61, 0, 0, -1372.235
0.791169239629901, 9, 97, 0, 0, -1372.235
0.790198111507275, 10, 26, 0, 0, -1372.235
0.788079881062537, 9, 85, 0, 0, -1372.235
0.785339454338711, 9, 67, 0, 0, -1372.235
0.785314653976173, 9, 83, 0, 0, -1372.235
0.785146443112193, 10, 47, 0, 0, -1372.235
0.783351382717338, 5, 1625, 0, 0, -1372.235
0.783077978146309, 9, 71, 0, 0, -1372.235
0.782269520439129, 10, 52, 0, 0, -1372.235
0.781983396122485, 10, 56, 0, 0, -1372.235
0.781345693994003, 10, 51, 0, 0, -1372.235
0.778561828009798, 10, 37, 0, 0, -1372.235
0.775703333891858, 9, 68, 0, 0, -1372.235
0.770963749978914, 9, 69, 0, 0, -1372.235
0.770747554684283, 10, 23, 0, 0, -1372.235
0.769314238568841, 10, 22, 0, 0, -1372.235
0.769101813175655, 10, 14, 0, 0, -1372.235
0.767619257902564, 10, 27, 0, 0, -1372.235
0.766891276997131, 8, 197, 0, 0, -1372.235
0.766713604932148, 10, 37, 0, 0, -1372.235
0.759814873797708, 10, 11, 0, 0, -1372.235
0.754879092437137, 10, 19, 0, 0, -1372.235
0.752135413137417, 8, 66, 0, 0, -1372.235
0.75154500880496, 10, 35, 0, 0, -1372.235
0.749822160064014, 10, 57, 0, 0, -1372.235
0.749613906424446, 5, 935, 0, 0, -1372.235
0.749571890308171, 10, 61, 0, 0, -1372.235
0.747679294238385, 10, 44, 0, 0, -1372.235
0.747484944182895, 10, 54, 0, 0, -1372.235
0.746798132925979, 10, 20, 0, 0, -1372.235
0.745109993119296, 9, 82, 0, 0, -1372.235
0.744534542733022, 9, 91, 0, 0, -1372.235
0.742586096660083, 10, 50, 0, 0, -1372.235
0.742208085059113, 10, 55, 0, 0, -1372.235
0.73982478936076, 9, 54, 0, 0, -1372.235
0.736715771593701, 9, 45, 0, 0, -1372.235
0.734922945204839, 10, 41, 0, 0, -1372.235
0.73341062883665, 10, 39, 0, 0, -1372.235
0.732941884675351, 8, 208, 0, 0, -1372.235
0.731146770975965, 10, 56, 0, 0, -1372.235
0.730178963946593, 10, 47, 0, 0, -1372.235
0.729227582301833, 9, 100, 0, 0, -1372.235
0.728236907864242, 8, 172, 0, 0, -1372.235
0.726091918775274, 8, 183, 0, 0, -1372.235
0.725987571217618, 9, 104, 0, 0, -1372.235
0.724303719296637, 10, 25, 0, 0, -1372.235
0.718391435880388, 10, 62, 0, 0, -1372.235
0.714750343705406, 10, 46, 0, 0, -1372.235
0.714085887238168, 10, 36, 0, 0, -1372.235
0.713285116525248, 8, 67, 0, 0, -1372.235
0.709249798623788, 9, 87, 0, 0, -1372.235
0.707223003540699, 9, 69, 0, 0, -1372.235
0.706140052008651, 10, 25, 0, 0, -1372.235
0.70555301111056, 8, 65, 0, 0, -1372.235
0.701458291202548, 7, 424, 0, 0, -1372.235
0.700054138916528, 9, 62, 0, 0, -1372.235
0.699562511507362, 10, 48, 0, 0, -1372.235
0.69819265622531, 9, 66, 0, 0, -1372.235
0.695825352463813, 10, 40, 0, 0, -1372.235
0.693248317279576, 9, 86, 0, 0, -1372.235
0.692200817522022, 8, 215, 0, 0, -1372.235
0.691624257456616, 4, 3085, 0, 0, -1372.235
0.691617652877047, 8, 194, 0, 0, -1372.235
0.690781838623754, 9, 63, 0, 0, -1372.235
0.689954675432257, 10, 41, 0, 0, -1372.235
0.68868332327443, 10, 23, 0, 0, -1372.235
0.686476826614398, 10, 49, 0, 0, -1372.235
0.682608846946901, 10, 63, 0, 0, -1372.235
0.681158711891513, 10, 41, 0, 0, -1372.235
0.678795258803621, 10, 61, 0, 0, -1372.235
0.676648896693386, 10, 42, 0, 0, -1372.235
0.67526593870978, 10, 26, 0, 0, -1372.235
0.67107622410285, 10, 34, 0, 0, -1372.235
0.668535220610482, 10, 48, 0, 0, -1372.235
0.664933288716665, 10, 57, 0, 0, -1372.235
0.664035601672167, 10, 30, 0, 0, -1372.235
0.663509899735726, 10, 43, 0, 0, -1372.235
0.662885212648567, 9, 38, 0, 0, -1372.235
0.661427328594518, 10, 35, 0, 0, -1372.235
0.660124517847518, 9, 53, 0, 0, -1372.235
0.65984298526671, 9, 83, 0, 0, -1372.235
0.658706301174028, 10, 41, 0, 0, -1372.235
0.658640607144384, 5, 1152, 0, 0, -1372.235
0.656194300614061, 10, 58, 0, 0, -1372.235
0.655859407767965, 10, 51, 0, 0, -1372.235
0.654071602584941, 10, 47, 0, 0, -1372.235
0.654062436555717, 10, 40, 0, 0, -1372.235
0.652479335544704, 10, 46, 0, 0, -1372.235
0.650964458219352, 10, 45, 0, 0, -1372.235
0.649503184874164, 8, 97, 0, 0, -1372.235
0.647361830089456, 10, 36, 0, 0, -1372.235
0.645138401395751, 9, 67, 0, 0, -1372.235
0.642703274262484, 9, 65, 0, 0, -1372.235
0.642503986025257, 10, 28, 0, 0, -1372.235
0.641556740465437, 7, 293, 0, 0, -1372.235
0.638823324859819, 10, 28, 0, 0, -1372.235
0.634091756351392, 9, 84, 0, 0, -1372.235
0.633380131469559, 8, 33, 0, 0, -1372.235
0.632299996361494, 10, 44, 0, 0, -1372.235
0.630798517931273, 9, 60, 0, 0, -1372.235
0.627869047749557, 9, 85, 0, 0, -1372.235
0.627476934204028, 9, 67, 0, 0, -1372.235
0.625755653735011, 10, 37, 0, 0, -1372.235
0.625269804661804, 10, 25, 0, 0, -1372.235
0.625269804661798, 10, 25, 0, 0, -1372.235
0.624697662734717, 9, 110, 0, 0, -1372.235
0.620159479087897, 8, 235, 0, 0, -1372.235
0.616246492211785, 10, 19, 0, 0, -1372.235
0.615387636080973, 9, 112, 0, 0, -1372.235
0.613968145631229, 10, 42, 0, 0, -1372.235
0.612321592994037, 8, 237, 0, 0, -1372.235
0.610519563563396, 9, 68, 0, 0, -1372.235
0.609306133598084, 10, 46, 0, 0, -1372.235
0.605786429191818, 10, 50, 0, 0, -1372.235
0.603936550431302, 10, 26, 0, 0, -1372.235
0.600137037222714, 10, 26, 0, 0, -1372.235
0.597104556098581, 10, 31, 0, 0, -1372.235
0.596787985300319, 10, 29, 0, 0, -1372.235
0.596071272632633, 10, 35, 0, 0, -1372.235
0.59596199236371, 9, 23, 0, 0, -1372.235
0.591497402911189, 6, 480, 0, 0, -1372.235
0.591418700936411, 10, 13, 0, 0, -1372.235
0.590460429300507, 10, 20, 0, 0, -1372.235
0.588739751101416, 10, 31, 0, 0, -1372.235
0.587675628939617, 8, 173, 0, 0, -1372.235
0.586158311278087, 8, 148, 0, 0, -1372.235
0.58520179017377, 10, 54, 0, 0, -1372.235
0.584982749730889, 8, 85, 0, 0, -1372.235
0.583171323801261, 10, 21, 0, 0, -1372.235
0.58249363023209, 5, 1335, 0, 0, -1372.235
0.58142655889414, 10, 73, 0, 0, -1372.235
0.579720900291384, 10, 41, 0, 0, -1372.235
0.579345924428649, 9, 101, 0, 0, -1372.235
0.577857245349271, 10, 74, 0, 0, -1372.235
0.574451020064504, 10, 41, 0, 0, -1372.235
0.571714055811432, 6, 500, 0, 0, -1372.235
0.571573339602522, 9, 63, 0, 0, -1372.235
0.569953840741443, 5, 1299, 0, 0, -1372.235
0.56856791178012, 8, 180, 0, 0, -1372.235
0.567781069318044, 10, 69, 0, 0, -1372.235
0.566703210624732, 10, 76, 0, 0, -1372.235
0.565283697909229, 10, 79, 0, 0, -1372.235
0.563307246777224, 7, 424, 0, 0, -1372.235
0.562986121898156, 10, 32, 0, 0, -1372.235
0.562190003758823, 10, 22, 0, 0, -1372.235
0.561539153631116, 10, 16, 0, 0, -1372.235
0.559425642516209, 9, 16, 0, 0, -1372.235
0.555093252277971, 10, 60, 0, 0, -1372.235
0.55207808148784, 9, 108, 0, 0, -1372.235
0.551640390801581, 8, 118, 0, 0, -1372.235
0.549321527243311, 9, 76, 0, 0, -1372.235
0.549312164851699, 10, 48, 0, 0, -1372.235
0.545443483499391, 7, 356, 0, 0, -1372.235
0.543857550903858, 10, 30, 0, 0, -1372.235
0.543572031499304, 10, 59, 0, 0, -1372.235
0.541745721190788, 10, 23, 0, 0, -1372.235
0.541229372880719, 10, 41, 0, 0, -1372.235
0.540595437374154, 10, 23, 0, 0, -1372.235
0.538196195776688, 10, 14, 0, 0, -1372.235
0.537953409463989, 9, 108, 0, 0, -1372.235
0.535376880917071, 9, 78, 0, 0, -1372.235
0.531671773227624, 10, 42, 0, 0, -1372.235
0.529775340645119, 10, 18, 0, 0, -1372.235
0.52975863499393, 8, 92, 0, 0, -1372.235
0.525989058420342, 10, 10, 0, 0, -1372.235
0.525457213872758, 10, 42, 0, 0, -1372.235
0.523160333331374, 8, 124, 0, 0, -1372.235
0.522884273004837, 10, 60, 0, 0, -1372.235
0.522438308593478, 10, 41, 0, 0, -1372.235
0.521190099111472, 6, 471, 0, 0, -1372.235
0.52016867169055, 10, 43, 0, 0, -1372.235
0.518922235634919, 10, 29, 0, 0, -1372.235
0.515780472992611, 8, 95, 0, 0, -1372.235
0.51547425895599, 10, 11, 0, 0, -1372.235
0.515254018732436, 10, 43, 0, 0, -1372.235
0.514609339041767, 9, 85, 0, 0, -1372.235
0.513523400395472, 9, 82, 0, 0, -1372.235
0.511754355878127, 10, 24, 0, 0, -1372.235
0.510879643521123, 10, 38, 0, 0, -1372.235
0.509758504433528, 10, 33, 0, 0, -1372.235
0.509338393156708, 10, 41, 0, 0, -1372.235
0.508125828231166, 10, 15, 0, 0, -1372.235
0.505718797016349, 10, 29, 0, 0, -1372.235
0.503924491234035, 10, 38, 0, 0, -1372.235
0.502915182099168, 10, 41, 0, 0, -1372.235
0.502000311156512, 10, 31, 0, 0, -1372.235
0.501827814777649, 9, 120, 0, 0, -1372.235
0.500214861152104, 8, 245, 0, 0, -1372.235
0.499758434381944, 8, 131, 0, 0, -1372.235
0.499212233135464, 10, 42, 0, 0, -1372.235
0.49686504065804, 10, 38, 0, 0, -1372.235
0.494638111576186, 10, 25, 0, 0, -1372.235
0.494309681979508, 10, 18, 0, 0, -1372.235
0.493509523629564, 8, 249, 0, 0, -1372.235
0.493365904631685, 8, 117, 0, 0, -1372.235
0.492855740769291, 10, 46, 0, 0, -1372.235
0.489576687748768, 10, 40, 0, 0, -1372.235
0.486528947072653, 9, 94, 0, 0, -1372.235
0.484783341028378, 9, 19, 0, 0, -1372.235
0.483102786013251, 10, 42, 0, 0, -1372.235
0.482353037848687, 8, 187, 0, 0, -1372.235
0.48154792694943, 10, 52, 0, 0, -1372.235
0.478379634770623, 10, 31, 0, 0, -1372.235
0.477592371343795, 9, 30, 0, 0, -1372.235
0.474173628344167, 10, 44, 0, 0, -1372.235
0.47407393664332, 10, 48, 0, 0, -1372.235
0.472731785699361, 10, 30, 0, 0, -1372.235
0.472532340289912, 10, 19, 0, 0, -1372.235
0.471920591988474, 10, 26, 0, 0, -1372.235
0.471712991610144, 8, 47, 0, 0, -1372.235
0.468638950166373, 10, 10, 0, 0, -1372.235
0.466638790134351, 10, 54, 0, 0, -1372.235
0.466298916759169, 9, 77, 0, 0, -1372.235
0.463561890266745, 10, 53, 0, 0, -1372.235
0.462858037737195, 10, 43, 0, 0, -1372.235
0.460773595248609, 8, 127, 0, 0, -1372.235
0.459074111711516, 5, 780, 0, 0, -1372.235
0.455721504955692, 10, 43, 0, 0, -1372.235
0.452689509970389, 10, 37, 0, 0, -1372.235
0.452628935722086, 9, 99, 0, 0, -1372.235
0.452127612880081, 10, 44, 0, 0, -1372.235
0.450291131229669, 9, 15, 0, 0, -1372.235
0.444012899599341, 10, 43, 0, 0, -1372.235
0.439878162710771, 10, 47, 0, 0, -1372.235
0.438438653821189, 10, 35, 0, 0, -1372.235
0.43830591087124, 10, 42, 0, 0, -1372.235
0.436932768260193, 10, 28, 0, 0, -1372.235
0.432567439480182, 10, 46, 0, 0, -1372.235
0.430773058140351, 9, 141, 0, 0, -1372.235
0.423297700294149, 7, 286, 0, 0, -1372.235
0.422691891174342, 10, 13, 0, 0, -1372.235
0.422315633199156, 10, 48, 0, 0, -1372.235
0.41843677941736, 6, 613, 0, 0, -1372.235
0.415653025892296, 9, 77, 0, 0, -1372.235
0.415574272837664, 10, 41, 0, 0, -1372.235
0.413283758733833, 9, 89, 0, 0, -1372.235
0.408778589577579, 7, 286, 0, 0, -1372.235
0.408720576768446, 10, 49, 0, 0, -1372.235
0.407309431326733, 7, 367, 0, 0, -1372.235
0.407010841289301, 10, 40, 0, 0, -1372.235
0.404479962664484, 8, 189, 0, 0, -1372.235
0.404256799148982, 10, 23, 0, 0, -1372.235
0.401645866110851, 10, 20, 0, 0, -1372.235
0.400266418728173, 10, 39, 0, 0, -1372.235
0.398244830030689, 10, 39, 0, 0, -1372.235
0.395963961271967, 7, 190, 0, 0, -1372.235
0.395773830321932, 8, 194, 0, 0, -1372.235
0.395253427348873, 10, 44, 0, 0, -1372.235
0.395015243855643, 10, 47, 0, 0, -1372.235
0.394880331995463, 8, 173, 0, 0, -1372.235
0.393044049356964, 10, 46, 0, 0, -1372.235
0.390794306809412, 10, 42, 0, 0, -1372.235
0.389177372135176, 9, 72, 0, 0, -1372.235
0.38834663571665, 9, 43, 0, 0, -1372.235
0.387519761720601, 10, 46, 0, 0, -1372.235
0.386820089994852, 9, 18, 0, 0, -1372.235
0.384128244179553, 10, 54, 0, 0, -1372.235
0.382787234373536, 9, 85, 0, 0, -1372.235
0.38165325867884, 10, 22, 0, 0, -1372.235
0.379546197729473, 8, 18, 0, 0, -1372.235
0.378049624675809, 9, 119, 0, 0, -1372.235
0.376814854014424, 8, 183, 0, 0, -1372.235
0.373730749742614, 9, 91, 0, 0, -1372.235
0.371962528001554, 10, 40, 0, 0, -1372.235
0.371535495318268, 10, 31, 0, 0, -1372.235
0.367247169614368, 10, 57, 0, 0, -1372.235
0.367084925842634, 10, 36, 0, 0, -1372.235
0.361494320847805, 9, 89, 0, 0, -1372.235
0.360659690069646, 10, 51, 0, 0, -1372.235
0.36064249929221, 8, 174, 0, 0, -1372.235
0.360285793238325, 10, 41, 0, 0, -1372.235
0.360158295248613, 10, 44, 0, 0, -1372.235
0.356154993126229, 10, 49, 0, 0, -1372.235
0.354373217558024, 10, 36, 0, 0, -1372.235
0.353693755909745, 10, 27, 0, 0, -1372.235
0.347794611533732, 7, 222, 0, 0, -1372.235
0.346266096941964, 10, 43, 0, 0, -1372.235
0.345398096396498, 9, 94, 0, 0, -1372.235
0.341389832379445, 9, 51, 0, 0, -1372.235
0.336346093204224, 5, 1472, 0, 0, -1372.235
0.336256631703052, 10, 45, 0, 0, -1372.235
0.336229108165285, 10, 40, 0, 0, -1372.235
0.33475522169513, 8, 95, 0, 0, -1372.235
0.334748913539669, 10, 44, 0, 0, -1372.235
0.334268663982813, 10, 15, 0, 0, -1372.235
0.331467134435349, 9, 52, 0, 0, -1372.235
0.329831197657211, 7, 370, 0, 0, -1372.235
0.3268276020554, 10, 59, 0, 0, -1372.235
0.326672416512654, 9, 40, 0, 0, -1372.235
0.324021277144, 9, 108, 0, 0, -1372.235
0.320373849187174, 10, 51, 0, 0, -1372.235
0.320050142133192, 7, 308, 0, 0, -1372.235
0.318142554358085, 8, 103, 0, 0, -1372.235
0.31796090845384, 7, 494, 0, 0, -1372.235
0.314586242976417, 8, 205, 0, 0, -1372.235
0.313215003683552, 10, 20, 0, 0, -1372.235
0.313189637408535, 10, 22, 0, 0, -1372.235
0.313043743655751, 10, 30, 0, 0, -1372.235
0.31262929067113, 5, 1607, 0, 0, -1372.235
0.311335546483269, 10, 48, 0, 0, -1372.235
0.310904557892642, 10, 41, 0, 0, -1372.235
0.304991509910699, 8, 97, 0, 0, -1372.235
0.302179946224048, 10, 62, 0, 0, -1372.235
0.29808846233192, 10, 52, 0, 0, -1372.235
0.295423206674763, 10, 74, 0, 0, -1372.235
0.29334713985867, 10, 46, 0, 0, -1372.235
0.282476360974946, 10, 46, 0, 0, -1372.235
0.280626121170043, 9, 48, 0, 0, -1372.235
0.272488698587624, 10, 26, 0, 0, -1372.235
0.270432674348476, 7, 377, 0, 0, -1372.235
0.266130582130406, 10, 18, 0, 0, -1372.235
0.259650916871239, 9, 26, 0, 0, -1372.235
0.259498903261286, 10, 58, 0, 0, -1372.235
0.258196122009156, 10, 66, 0, 0, -1372.235
0.253183728730977, 10, 36, 0, 0, -1372.235
0.251566168360096, 10, 39, 0, 0, -1372.235
0.248716818224537, 9, 45, 0, 0, -1372.235
0.244918853347395, 9, 107, 0, 0, -1372.235
0.244918853347393, 9, 107, 0, 0, -1372.235
0.233959269241991, 10, 54, 0, 0, -1372.235
0.231001685532994, 9, 75, 0, 0, -1372.235
0.22873382328095, 8, 137, 0, 0, -1372.235
0.224419601829355, 10, 25, 0, 0, -1372.235
0.223174077764386, 9, 108, 0, 0, -1372.235
0.222573491148914, 10, 42, 0, 0, -1372.235
0.221468287014761, 9, 41, 0, 0, -1372.235
0.220485209541136, 9, 52, 0, 0, -1372.235
0.21908675626906, 8, 158, 0, 0, -1372.235
0.218394988566532, 9, 32, 0, 0, -1372.235
0.216434865436872, 10, 42, 0, 0, -1372.235
0.214702597192377, 8, 99, 0, 0, -1372.235
0.214610679886025, 10, 51, 0, 0, -1372.235
0.211819410423853, 10, 74, 0, 0, -1372.235
0.210578420473987, 8, 169, 0, 0, -1372.235
0.209291939232828, 9, 30, 0, 0, -1372.235
0.205312110737104, 10, 37, 0, 0, -1372.235
0.204346343157562, 10, 35, 0, 0, -1372.235
0.203494970386848, 10, 43, 0, 0, -1372.235
0.202397525074557, 10, 25, 0, 0, -1372.235
0.202086700791322, 10, 37, 0, 0, -1372.235
0.20070427913964, 9, 3, 0, 0, -1372.235
0.19905359802323, 10, 21, 0, 0, -1372.235
0.198988054199939, 10, 28, 0, 0, -1372.235
0.195929710948633, 10, 45, 0, 0, -1372.235
0.19561287258111, 10, 57, 0, 0, -1372.235
0.194981666319374, 9, 127, 0, 0, -1372.235
0.194678361889766, 9, 34, 0, 0, -1372.235
0.193412853062085, 10, 39, 0, 0, -1372.235
0.190032002051734, 9, 35, 0, 0, -1372.235
0.189438663300317, 9, 67, 0, 0, -1372.235
0.186433129476575, 9, 97, 0, 0, -1372.235
0.18264842133045, 9, 70, 0, 0, -1372.235
0.178311497782997, 10, 14, 0, 0, -1372.235
0.178066618501072, 10, 33, 0, 0, -1372.235
0.17770216489059, 9, 92, 0, 0, -1372.235
0.176783454441561, 8, 125, 0, 0, -1372.235
0.175837193674398, 10, 51, 0, 0, -1372.235
0.173371428994118, 9, 115, 0, 0, -1372.235
0.172135100406111, 10, 25, 0, 0, -1372.235
0.165872643424941, 9, 58, 0, 0, -1372.235
0.164069633849458, 9, 85, 0, 0, -1372.235
0.16206371808651, 10, 40, 0, 0, -1372.235
0.160672986335467, 9, 41, 0, 0, -1372.235
0.159836278398569, 10, 47, 0, 0, -1372.235
0.15633551403448, 10, 33, 0, 0, -1372.235
0.155931757098031, 10, 55, 0, 0, -1372.235
0.155731289942224, 10, 59, 0, 0, -1372.235
0.154278604154509, 10, 38, 0, 0, -1372.235
0.153318452218528, 6, 638, 0, 0, -1372.235
0.152585082948384, 10, 43, 0, 0, -1372.235
0.148300111128621, 8, 156, 0, 0, -1372.235
0.148158275141179, 10, 51, 0, 0, -1372.235
0.145780110034218, 10, 52, 0, 0, -1372.235
0.145721036130342, 9, 98, 0, 0, -1372.235
0.145353663444162, 10, 56, 0, 0, -1372.235
0.143418999376977, 9, 50, 0, 0, -1372.235
0.140412763977651, 10, 34, 0, 0, -1372.235
0.139247163125582, 10, 63, 0, 0, -1372.235
0.138995134674842, 10, 38, 0, 0, -1372.235
0.137178012163351, 9, 77, 0, 0, -1372.235
0.137071205970462, 9, 62, 0, 0, -1372.235
0.137042562639104, 7, 253, 0, 0, -1372.235
0.13596088207851, 10, 24, 0, 0, -1372.235
0.133881407234109, 10, 36, 0, 0, -1372.235
0.133441299889852, 10, 42, 0, 0, -1372.235
0.133200072557054, 8, 152, 0, 0, -1372.235
0.132806904416064, 6, 758, 0, 0, -1372.235
0.130171297141187, 9, 82, 0, 0, -1372.235
0.128599133516168, 10, 38, 0, 0, -1372.235
0.127626482290587, 8, 160, 0, 0, -1372.235
0.127548447286171, 7, 265, 0, 0, -1372.235
0.127051699212417, 9, 45, 0, 0, -1372.235
0.127051699212413, 9, 45, 0, 0, -1372.235
0.122111637763414, 8, 156, 0, 0, -1372.235
0.116752192982457, 9, 64, 0, 0, -1372.235
0.113955116810776, 8, 214, 0, 0, -1372.235
0.113791549080849, 10, 24, 0, 0, -1372.235
0.113422094510657, 10, 12, 0, 0, -1372.235
0.109701701677208, 7, 430, 0, 0, -1372.235
0.109671263393067, 10, 46, 0, 0, -1372.235
0.109031552972934, 9, 49, 0, 0, -1372.235
0.108227229066365, 10, 54, 0, 0, -1372.235
0.107782141550558, 10, 12, 0, 0, -1372.235
0.107644851952546, 10, 11, 0, 0, -1372.235
0.107644851952546, 10, 11, 0, 0, -1372.235
0.106412185225786, 7, 446, 0, 0, -1372.235
0.10600646672116, 10, 36, 0, 0, -1372.235
0.10439711255032, 7, 337, 0, 0, -1372.235
0.0986265362880413, 9, 74, 0, 0, -1372.235
0.0984543131634513, 8, 202, 0, 0, -1372.235
0.0961213551269457, 9, 57, 0, 0, -1372.235
0.0951446083969713, 7, 392, 0, 0, -1372.235
0.093227356117662, 10, 42, 0, 0, -1372.235
0.0891904274722963, 10, 43, 0, 0, -1372.235
0.0875232674135409, 10, 72, 0, 0, -1372.235
0.0843665246473965, 9, 111, 0, 0, -1372.235
0.0834437836669879, 9, 90, 0, 0, -1372.235
0.0805813314023398, 10, 32, 0, 0, -1372.235
0.079340771705257, 10, 81, 0, 0, -1372.235
0.0773689693668188, 10, 51, 0, 0, -1372.235
0.0769468527507677, 10, 22, 0, 0, -1372.235
0.0768783568769122, 10, 18, 0, 0, -1372.235
0.0761193474552257, 10, 30, 0, 0, -1372.235
0.0728281455654061, 10, 21, 0, 0, -1372.235
0.0703074185287963, 10, 33, 0, 0, -1372.235
0.0699398333794949, 8, 137, 0, 0, -1372.235
0.0684431202920785, 10, 22, 0, 0, -1372.235
0.06750965908767, 9, 70, 0, 0, -1372.235
0.067346228059341, 9, 58, 0, 0, -1372.235
0.0669471312651332, 10, 26, 0, 0, -1372.235
0.0658928058478292, 10, 20, 0, 0, -1372.235
0.0655449958135841, 10, 41, 0, 0, -1372.235
0.0642510158549175, 10, 59, 0, 0, -1372.235
0.0620818147139905, 9, 51, 0, 0, -1372.235
0.0600825470459432, 10, 48, 0, 0, -1372.235
0.0594168531080738, 10, 30, 0, 0, -1372.235
0.0590589832994678, 10, 49, 0, 0, -1372.235
0.0585754820382885, 9, 83, 0, 0, -1372.235
0.0572658268794457, 8, 125, 0, 0, -1372.235
0.0561043000425733, 8, 181, 0, 0, -1372.235
0.0558872721217795, 10, 40, 0, 0, -1372.235
0.054711630400564, 10, 25, 0, 0, -1372.235
0.0541021201986072, 10, 30, 0, 0, -1372.235
0.0515143568595048, 9, 80, 0, 0, -1372.235
0.0506624058913756, 10, 45, 0, 0, -1372.235
0.050374038794151, 8, 209, 0, 0, -1372.235
0.0492279554430009, 9, 33, 0, 0, -1372.235
0.0491997951041553, 8, 215, 0, 0, -1372.235
0.0488482252357418, 9, 68, 0, 0, -1372.235
0.0468622291407084, 8, 159, 0, 0, -1372.235
0.0460009569463666, 10, 32, 0, 0, -1372.235
0.0459503084331404, 8, 230, 0, 0, -1372.235
0.0455804643144731, 7, 83, 0, 0, -1372.235
0.0451787698102535, 10, 23, 0, 0, -1372.235
0.0431817390311491, 10, 44, 0, 0, -1372.235
0.042690883682613, 10, 35, 0, 0, -1372.235
0.042002300128722, 9, 73, 0, 0, -1372.235
0.0419362979594494, 9, 40, 0, 0, -1372.235
0.0395279654299218, 10, 27, 0, 0, -1372.235
0.0365185289874983, 10, 47, 0, 0, -1372.235
0.0365185289874747, 10, 47, 0, 0, -1372.235
0.0347345989040199, 7, 115, 0, 0, -1372.235
0.0346379569287006, 9, 92, 0, 0, -1372.235
0.0340788610219088, 8, 153, 0, 0, -1372.235
0.0299008640202156, 8, 179, 0, 0, -1372.235
0.0180480208916962, 9, 74, 0, 0, -1372.235
0.0162122886870705, 10, 26, 0, 0, -1372.235
0.0160878473341593, 9, 62, 0, 0, -1372.235
0.0159235773592734, 9, 86, 0, 0, -1372.235
0.0129645173797808, 10, 34, 0, 0, -1372.235
0.0111585444887339, 8, 161, 0, 0, -1372.235
0.0109326595926077, 8, 165, 0, 0, -1372.235
0.00993638827154611, 8, 163, 0, 0, -1372.235
0.00954746625106659, 8, 171, 0, 0, -1372.235
0.00739888902720605, 10, 25, 0, 0, -1372.235
0.00624292150494475, 9, 69, 0, 0, -1372.235
0.00587067769035964, 10, 33, 0, 0, -1372.235
0.00573840158177369, 10, 70, 0, 0, -1372.235
0.00535217583688152, 9, 83, 0, 0, -1372.235
0.00513409990095185, 10, 80, 0, 0, -1372.235
0.00193585494142428, 10, 16, 0, 0, -1372.235
0.00133461537301748, 10, 25, 0, 0, -1372.235
0.000523881326119079, 9, 45, 0, 0, -1372.235
0.000385610527912918, 9, 65, 0, 0, -1372.235
