norm, level, Npoints, dimSplit, MainGridIndexSplit
44.5462437755462, 0, 36584, -1, -1, -1
13.7634796392525, 9, 17, 0, 0, -1372.235
12.0046737241881, 5, 1068, 0, 0, -1372.235
11.2107402798714, 7, 177, 0, 0, -1372.235
11.1745858533822, 5, 922, 0, 0, -1372.235
10.9649731835434, 4, 1378, 0, 0, -1372.235
10.4753498754825, 7, 218, 0, 0, -1372.235
10.1951962170932, 9, 43, 0, 0, -1372.235
9.75901188887335, 10, 15, 0, 0, -1372.235
9.75832919949756, 10, 5, 0, 0, -1372.235
9.59768064005288, 3, 3510, 0, 0, -1372.235
9.56225309417417, 4, 1624, 0, 0, -1372.235
9.5520055716529, 5, 1113, 0, 0, -1372.235
9.51256179034256, 5, 1412, 0, 0, -1372.235
9.48187783805211, 6, 329, 0, 0, -1372.235
9.24801610566197, 10, 16, 0, 0, -1372.235
9.19968171531843, 3, 3693, 0, 0, -1372.235
9.16253494855636, 7, 256, 0, 0, -1372.235
9.06256106609828, 10, 18, 0, 0, -1372.235
8.84390675281778, 9, 51, 0, 0, -1372.235
8.72031641287211, 8, 142, 0, 0, -1372.235
8.57933892153474, 7, 244, 0, 0, -1372.235
8.57369375746651, 9, 30, 0, 0, -1372.235
8.53032572045197, 10, 60, 0, 0, -1372.235
8.47641552493845, 10, 44, 0, 0, -1372.235
8.47641552493845, 10, 44, 0, 0, -1372.235
8.45501454924499, 9, 105, 0, 0, -1372.235
8.33887449551325, 9, 45, 0, 0, -1372.235
8.29049021110178, 4, 2326, 0, 0, -1372.235
8.23896836099734, 10, 28, 0, 0, -1372.235
8.18741068853598, 8, 96, 0, 0, -1372.235
7.97006667592811, 10, 21, 0, 0, -1372.235
7.90899887875503, 6, 409, 0, 0, -1372.235
7.83234268567761, 10, 26, 0, 0, -1372.235
7.80401381171349, 9, 47, 0, 0, -1372.235
7.79093542303788, 7, 118, 0, 0, -1372.235
7.74965727967125, 6, 587, 0, 0, -1372.235
7.66069143282043, 8, 134, 0, 0, -1372.235
7.63607413598093, 6, 286, 0, 0, -1372.235
7.62669839790356, 4, 2571, 0, 0, -1372.235
7.61246704992654, 10, 15, 0, 0, -1372.235
7.59248741776302, 10, 69, 0, 0, -1372.235
7.51903861801757, 10, 56, 0, 0, -1372.235
7.51689178796599, 9, 56, 0, 0, -1372.235
7.35676456428953, 10, 26, 0, 0, -1372.235
7.35676456428953, 10, 26, 0, 0, -1372.235
7.34848914036207, 8, 121, 0, 0, -1372.235
7.28038764874814, 5, 1101, 0, 0, -1372.235
7.12760571022021, 6, 649, 0, 0, -1372.235
7.12372344927418, 8, 181, 0, 0, -1372.235
7.05766588448415, 6, 509, 0, 0, -1372.235
7.05150742718703, 9, 48, 0, 0, -1372.235
7.04989300791968, 10, 19, 0, 0, -1372.235
7.04048704667045, 7, 167, 0, 0, -1372.235
7.03756025958955, 10, 55, 0, 0, -1372.235
7.02886998371625, 10, 41, 0, 0, -1372.235
7.01603641256072, 10, 29, 0, 0, -1372.235
6.99981869905919, 9, 61, 0, 0, -1372.235
6.99876206761872, 7, 136, 0, 0, -1372.235
6.9809957064289, 10, 15, 0, 0, -1372.235
6.91869540958137, 10, 33, 0, 0, -1372.235
6.87798348964845, 9, 57, 0, 0, -1372.235
6.87172000932492, 9, 31, 0, 0, -1372.235
6.79637150751078, 10, 37, 0, 0, -1372.235
6.79166356727103, 8, 133, 0, 0, -1372.235
6.67505985071843, 10, 24, 0, 0, -1372.235
6.66086343269898, 5, 1225, 0, 0, -1372.235
6.64287782333685, 7, 196, 0, 0, -1372.235
6.60658566518786, 8, 187, 0, 0, -1372.235
6.56756070188837, 9, 97, 0, 0, -1372.235
6.44904092052861, 10, 16, 0, 0, -1372.235
6.43361240872064, 9, 56, 0, 0, -1372.235
6.42674766035436, 10, 12, 0, 0, -1372.235
6.36480759508126, 7, 188, 0, 0, -1372.235
6.36239145485399, 9, 56, 0, 0, -1372.235
6.30388451868413, 4, 1499, 0, 0, -1372.235
6.27124374551205, 5, 1203, 0, 0, -1372.235
6.26930735969147, 10, 41, 0, 0, -1372.235
6.24213126335227, 9, 94, 0, 0, -1372.235
6.23930751262643, 10, 33, 0, 0, -1372.235
6.23257936206166, 9, 82, 0, 0, -1372.235
6.1917994649058, 8, 173, 0, 0, -1372.235
6.17941416422421, 6, 597, 0, 0, -1372.235
6.17213703547985, 10, 13, 0, 0, -1372.235
6.17213703547984, 10, 13, 0, 0, -1372.235
6.1697899763711, 10, 71, 0, 0, -1372.235
6.14756097171837, 10, 36, 0, 0, -1372.235
6.1361636963415, 8, 229, 0, 0, -1372.235
6.11510809840441, 10, 42, 0, 0, -1372.235
6.10701673574343, 8, 225, 0, 0, -1372.235
6.09428123572158, 10, 27, 0, 0, -1372.235
6.06035297129923, 9, 66, 0, 0, -1372.235
6.00878722116817, 10, 37, 0, 0, -1372.235
5.97196682834282, 10, 36, 0, 0, -1372.235
5.94399016823968, 10, 16, 0, 0, -1372.235
5.9438253998085, 10, 28, 0, 0, -1372.235
5.9127751718829, 8, 111, 0, 0, -1372.235
5.91138097798731, 10, 23, 0, 0, -1372.235
5.91078439051775, 10, 22, 0, 0, -1372.235
5.89787009274192, 10, 43, 0, 0, -1372.235
5.88449409651283, 10, 30, 0, 0, -1372.235
5.88093389896697, 9, 66, 0, 0, -1372.235
5.86069478718808, 9, 163, 0, 0, -1372.235
5.8290193643428, 10, 52, 0, 0, -1372.235
5.8274920225266, 10, 22, 0, 0, -1372.235
5.80408915811399, 7, 210, 0, 0, -1372.235
5.80275844161834, 10, 24, 0, 0, -1372.235
5.79381179643516, 7, 211, 0, 0, -1372.235
5.7864083993706, 10, 22, 0, 0, -1372.235
5.78462357844593, 5, 658, 0, 0, -1372.235
5.77313734911038, 8, 146, 0, 0, -1372.235
5.72693247541191, 10, 37, 0, 0, -1372.235
5.7095620059546, 6, 788, 0, 0, -1372.235
5.68351573722186, 10, 12, 0, 0, -1372.235
5.67918063030723, 7, 321, 0, 0, -1372.235
5.66273594802702, 8, 225, 0, 0, -1372.235
5.64547712394185, 8, 106, 0, 0, -1372.235
5.63425660559215, 5, 1368, 0, 0, -1372.235
5.59604922548807, 8, 94, 0, 0, -1372.235
5.59465554450886, 7, 417, 0, 0, -1372.235
5.57799780700564, 7, 328, 0, 0, -1372.235
5.50597098686094, 10, 19, 0, 0, -1372.235
5.49938169957873, 10, 16, 0, 0, -1372.235
5.47659706766936, 9, 78, 0, 0, -1372.235
5.47191222878755, 9, 75, 0, 0, -1372.235
5.47051684243235, 10, 27, 0, 0, -1372.235
5.43871347700409, 9, 53, 0, 0, -1372.235
5.43871347700409, 9, 53, 0, 0, -1372.235
5.42577068999259, 10, 35, 0, 0, -1372.235
5.39428294309507, 6, 434, 0, 0, -1372.235
5.38916787783001, 6, 398, 0, 0, -1372.235
5.38319096524675, 10, 29, 0, 0, -1372.235
5.37935409366362, 8, 262, 0, 0, -1372.235
5.37501533406574, 10, 76, 0, 0, -1372.235
5.37104761836879, 9, 34, 0, 0, -1372.235
5.36643987301449, 5, 720, 0, 0, -1372.235
5.36538482119407, 8, 93, 0, 0, -1372.235
5.35835918566382, 3, 3002, 0, 0, -1372.235
5.35600235493792, 9, 40, 0, 0, -1372.235
5.35435800118701, 9, 113, 0, 0, -1372.235
5.35085250118482, 10, 47, 0, 0, -1372.235
5.34821695997778, 9, 24, 0, 0, -1372.235
5.34388293125917, 10, 23, 0, 0, -1372.235
5.33620989646334, 10, 15, 0, 0, -1372.235
5.33180371633049, 10, 17, 0, 0, -1372.235
5.32783366196989, 10, 35, 0, 0, -1372.235
5.31698110137688, 1, 14720, 0, 0, -1372.235
5.31051926725736, 7, 184, 0, 0, -1372.235
5.30773494100729, 10, 34, 0, 0, -1372.235
5.30018423904891, 8, 273, 0, 0, -1372.235
5.29502810403941, 10, 33, 0, 0, -1372.235
5.29099533401704, 10, 12, 0, 0, -1372.235
5.2876742239811, 7, 393, 0, 0, -1372.235
5.28477379641397, 7, 188, 0, 0, -1372.235
5.2710887557053, 8, 95, 0, 0, -1372.235
5.21241396144333, 9, 128, 0, 0, -1372.235
5.21069203457258, 9, 70, 0, 0, -1372.235
5.17865451766449, 9, 91, 0, 0, -1372.235
5.17722157675657, 10, 10, 0, 0, -1372.235
5.17357444222784, 10, 20, 0, 0, -1372.235
5.16085180298374, 10, 29, 0, 0, -1372.235
5.12121115700763, 9, 36, 0, 0, -1372.235
5.10340640928997, 10, 34, 0, 0, -1372.235
5.08997267396589, 10, 14, 0, 0, -1372.235
5.08379270101113, 10, 18, 0, 0, -1372.235
5.0799798752766, 10, 10, 0, 0, -1372.235
5.07337315042523, 10, 45, 0, 0, -1372.235
5.05479488617632, 10, 10, 0, 0, -1372.235
5.04671508334278, 9, 51, 0, 0, -1372.235
5.02913388922819, 10, 34, 0, 0, -1372.235
5.01272574298406, 9, 85, 0, 0, -1372.235
4.98524793281312, 10, 18, 0, 0, -1372.235
4.94093044649255, 10, 37, 0, 0, -1372.235
4.93476206162177, 4, 2011, 0, 0, -1372.235
4.91600818785372, 7, 487, 0, 0, -1372.235
4.89854941959074, 10, 29, 0, 0, -1372.235
4.89011941586693, 6, 949, 0, 0, -1372.235
4.86990873157318, 9, 88, 0, 0, -1372.235
4.83788262196855, 10, 38, 0, 0, -1372.235
4.83765696408009, 8, 97, 0, 0, -1372.235
4.83465689938219, 10, 28, 0, 0, -1372.235
4.82487065739934, 10, 26, 0, 0, -1372.235
4.81563967048083, 7, 213, 0, 0, -1372.235
4.78723520834045, 9, 100, 0, 0, -1372.235
4.78517285024988, 10, 43, 0, 0, -1372.235
4.77877735631027, 10, 50, 0, 0, -1372.235
4.77855730192052, 10, 22, 0, 0, -1372.235
4.77470443787524, 8, 52, 0, 0, -1372.235
4.77389361698278, 10, 12, 0, 0, -1372.235
4.76707306096219, 6, 543, 0, 0, -1372.235
4.74328973786634, 6, 185, 0, 0, -1372.235
4.74325983263102, 9, 48, 0, 0, -1372.235
4.73919648211704, 6, 329, 0, 0, -1372.235
4.73614857725644, 9, 114, 0, 0, -1372.235
4.73246247967027, 8, 145, 0, 0, -1372.235
4.73049444832056, 8, 115, 0, 0, -1372.235
4.70230285787721, 8, 132, 0, 0, -1372.235
4.69761753263757, 9, 27, 0, 0, -1372.235
4.67777748911417, 9, 81, 0, 0, -1372.235
4.67744864884854, 9, 57, 0, 0, -1372.235
4.64923284106459, 10, 38, 0, 0, -1372.235
4.64895395107365, 10, 31, 0, 0, -1372.235
4.63337237767803, 7, 302, 0, 0, -1372.235
4.63233062516072, 9, 80, 0, 0, -1372.235
4.60957340112632, 10, 31, 0, 0, -1372.235
4.60834239375594, 10, 38, 0, 0, -1372.235
4.59082051066073, 10, 23, 0, 0, -1372.235
4.58461576218919, 9, 50, 0, 0, -1372.235
4.57814228751383, 6, 570, 0, 0, -1372.235
4.57144273138074, 10, 26, 0, 0, -1372.235
4.55905788647671, 10, 22, 0, 0, -1372.235
4.55203311777307, 10, 39, 0, 0, -1372.235
4.53798435616147, 9, 82, 0, 0, -1372.235
4.53105623303072, 10, 20, 0, 0, -1372.235
4.52916440007187, 10, 42, 0, 0, -1372.235
4.52808432628461, 6, 393, 0, 0, -1372.235
4.51438989763206, 10, 34, 0, 0, -1372.235
4.46837203049965, 9, 49, 0, 0, -1372.235
4.46007636449094, 10, 22, 0, 0, -1372.235
4.45696318977891, 10, 26, 0, 0, -1372.235
4.4566877327134, 9, 87, 0, 0, -1372.235
4.45393655467367, 10, 39, 0, 0, -1372.235
4.45195944668434, 5, 604, 0, 0, -1372.235
4.44045081068521, 8, 165, 0, 0, -1372.235
4.42990694374648, 10, 27, 0, 0, -1372.235
4.41669195389164, 8, 96, 0, 0, -1372.235
4.40018909583212, 9, 17, 0, 0, -1372.235
4.39770469710137, 9, 45, 0, 0, -1372.235
4.39477329447084, 10, 29, 0, 0, -1372.235
4.37890822835853, 10, 31, 0, 0, -1372.235
4.37860409797823, 9, 69, 0, 0, -1372.235
4.37137318350204, 8, 161, 0, 0, -1372.235
4.34719449582906, 9, 61, 0, 0, -1372.235
4.33744808202418, 9, 86, 0, 0, -1372.235
4.32069170430063, 10, 46, 0, 0, -1372.235
4.31681357011899, 10, 48, 0, 0, -1372.235
4.2945311011465, 10, 35, 0, 0, -1372.235
4.28552839656456, 7, 238, 0, 0, -1372.235
4.27381596055349, 10, 18, 0, 0, -1372.235
4.24483923522936, 10, 30, 0, 0, -1372.235
4.24121603770401, 10, 37, 0, 0, -1372.235
4.24022455508518, 8, 114, 0, 0, -1372.235
4.22966142379996, 9, 62, 0, 0, -1372.235
4.22603258240989, 9, 72, 0, 0, -1372.235
4.22043986566817, 9, 49, 0, 0, -1372.235
4.21039276556676, 7, 327, 0, 0, -1372.235
4.20397172224735, 10, 60, 0, 0, -1372.235
4.20105808987304, 10, 23, 0, 0, -1372.235
4.2004950273145, 9, 62, 0, 0, -1372.235
4.19562558247097, 7, 453, 0, 0, -1372.235
4.15715725398623, 10, 77, 0, 0, -1372.235
4.15011313534857, 9, 60, 0, 0, -1372.235
4.14358829712597, 9, 16, 0, 0, -1372.235
4.13712911245599, 8, 172, 0, 0, -1372.235
4.12820167551831, 8, 213, 0, 0, -1372.235
4.12815326396126, 10, 18, 0, 0, -1372.235
4.12730312798344, 10, 33, 0, 0, -1372.235
4.12360900237299, 10, 16, 0, 0, -1372.235
4.1189917940295, 10, 28, 0, 0, -1372.235
4.09085175220526, 10, 36, 0, 0, -1372.235
4.08430867315994, 10, 52, 0, 0, -1372.235
4.07922691022268, 7, 249, 0, 0, -1372.235
4.07745468319991, 9, 32, 0, 0, -1372.235
4.07319859161937, 7, 155, 0, 0, -1372.235
4.06432571978999, 10, 33, 0, 0, -1372.235
4.04850232592528, 9, 59, 0, 0, -1372.235
4.04146013018649, 9, 56, 0, 0, -1372.235
4.03993243215064, 9, 95, 0, 0, -1372.235
4.03968686595865, 9, 33, 0, 0, -1372.235
4.03124828185681, 10, 47, 0, 0, -1372.235
4.03093788417401, 10, 53, 0, 0, -1372.235
4.02804970780676, 9, 50, 0, 0, -1372.235
4.00717069234365, 7, 347, 0, 0, -1372.235
3.99101246535545, 10, 27, 0, 0, -1372.235
3.96000884430275, 7, 556, 0, 0, -1372.235
3.95790796182197, 10, 50, 0, 0, -1372.235
3.95593479840914, 10, 30, 0, 0, -1372.235
3.93804059945816, 10, 9, 0, 0, -1372.235
3.92811704884417, 3, 6395, 0, 0, -1372.235
3.92588844354849, 10, 43, 0, 0, -1372.235
3.92346990261183, 10, 38, 0, 0, -1372.235
3.91919973994879, 10, 43, 0, 0, -1372.235
3.91795136993856, 10, 30, 0, 0, -1372.235
3.91708428594131, 9, 73, 0, 0, -1372.235
3.9164976217348, 6, 722, 0, 0, -1372.235
3.90992972605489, 10, 17, 0, 0, -1372.235
3.89688153411768, 9, 14, 0, 0, -1372.235
3.89450930478175, 10, 47, 0, 0, -1372.235
3.88943901854697, 8, 55, 0, 0, -1372.235
3.88885342044863, 10, 30, 0, 0, -1372.235
3.87192366304112, 9, 118, 0, 0, -1372.235
3.87187381307841, 10, 28, 0, 0, -1372.235
3.87076603115942, 10, 29, 0, 0, -1372.235
3.87013757644508, 10, 30, 0, 0, -1372.235
3.86633546312239, 10, 37, 0, 0, -1372.235
3.8589239185457, 6, 421, 0, 0, -1372.235
3.85662314256289, 10, 47, 0, 0, -1372.235
3.85385540830257, 10, 55, 0, 0, -1372.235
3.85257125812494, 10, 51, 0, 0, -1372.235
3.85146062459997, 7, 502, 0, 0, -1372.235
3.83871487876624, 10, 23, 0, 0, -1372.235
3.82832627471262, 6, 742, 0, 0, -1372.235
3.82366887701504, 1, 21864, 0, 0, -1372.235
3.81882866999952, 10, 14, 0, 0, -1372.235
3.81351916467755, 3, 4515, 0, 0, -1372.235
3.80834606236553, 4, 1597, 0, 0, -1372.235
3.79600433666002, 3, 6663, 0, 0, -1372.235
3.7831575203252, 9, 64, 0, 0, -1372.235
3.76972352277111, 10, 46, 0, 0, -1372.235
3.76376715852969, 9, 38, 0, 0, -1372.235
3.75627277856182, 10, 16, 0, 0, -1372.235
3.75496468123726, 10, 23, 0, 0, -1372.235
3.7445198043769, 10, 67, 0, 0, -1372.235
3.74172100522082, 10, 9, 0, 0, -1372.235
3.7404665010214, 10, 17, 0, 0, -1372.235
3.73738530689991, 8, 240, 0, 0, -1372.235
3.73359812835932, 9, 68, 0, 0, -1372.235
3.71674420943181, 10, 43, 0, 0, -1372.235
3.70817300910539, 9, 91, 0, 0, -1372.235
3.70770981565213, 9, 65, 0, 0, -1372.235
3.70658245161488, 7, 333, 0, 0, -1372.235
3.70329799815951, 9, 84, 0, 0, -1372.235
3.69251158984555, 6, 502, 0, 0, -1372.235
3.69031091870367, 10, 57, 0, 0, -1372.235
3.69031091870367, 10, 57, 0, 0, -1372.235
3.68813254704864, 7, 335, 0, 0, -1372.235
3.67941197764938, 6, 296, 0, 0, -1372.235
3.67878860465518, 8, 133, 0, 0, -1372.235
3.67681885089971, 8, 142, 0, 0, -1372.235
3.66731271990288, 8, 165, 0, 0, -1372.235
3.64826623955235, 9, 127, 0, 0, -1372.235
3.64718565037627, 10, 53, 0, 0, -1372.235
3.64692623209642, 9, 72, 0, 0, -1372.235
3.64626690466893, 10, 40, 0, 0, -1372.235
3.64227400842241, 10, 29, 0, 0, -1372.235
3.64196132002022, 8, 121, 0, 0, -1372.235
3.63709026383506, 7, 212, 0, 0, -1372.235
3.63237957632378, 10, 39, 0, 0, -1372.235
3.62947083694674, 10, 77, 0, 0, -1372.235
3.62725841622593, 9, 138, 0, 0, -1372.235
3.62557071738389, 6, 976, 0, 0, -1372.235
3.62367233438021, 9, 65, 0, 0, -1372.235
3.61991351516404, 7, 349, 0, 0, -1372.235
3.61265783449728, 8, 168, 0, 0, -1372.235
3.58201420031914, 10, 48, 0, 0, -1372.235
3.57759749392166, 9, 95, 0, 0, -1372.235
3.57200370843624, 10, 41, 0, 0, -1372.235
3.57136099228263, 9, 62, 0, 0, -1372.235
3.56872818479287, 10, 38, 0, 0, -1372.235
3.56871015394553, 10, 56, 0, 0, -1372.235
3.56588109398173, 10, 28, 0, 0, -1372.235
3.55538871576852, 9, 82, 0, 0, -1372.235
3.55486373480282, 10, 53, 0, 0, -1372.235
3.54953132720133, 7, 235, 0, 0, -1372.235
3.5494402863546, 9, 22, 0, 0, -1372.235
3.5446543394555, 8, 178, 0, 0, -1372.235
3.54181309979028, 7, 295, 0, 0, -1372.235
3.53641792691635, 10, 21, 0, 0, -1372.235
3.53270141871795, 7, 362, 0, 0, -1372.235
3.52525369861814, 10, 24, 0, 0, -1372.235
3.51924320429018, 9, 73, 0, 0, -1372.235
3.49246086240332, 10, 20, 0, 0, -1372.235
3.49163311430976, 6, 670, 0, 0, -1372.235
3.49006802841956, 9, 81, 0, 0, -1372.235
3.48440702272214, 9, 59, 0, 0, -1372.235
3.48338329442649, 6, 1024, 0, 0, -1372.235
3.48020333879994, 8, 76, 0, 0, -1372.235
3.47811160714286, 9, 64, 0, 0, -1372.235
3.47526549475435, 4, 2973, 0, 0, -1372.235
3.47037338779781, 7, 120, 0, 0, -1372.235
3.46501288857542, 10, 43, 0, 0, -1372.235
3.46312235232364, 8, 143, 0, 0, -1372.235
3.46112261778482, 9, 135, 0, 0, -1372.235
3.45912199814579, 10, 51, 0, 0, -1372.235
3.45517192023639, 8, 153, 0, 0, -1372.235
3.44854190525255, 10, 26, 0, 0, -1372.235
3.44424061020472, 10, 30, 0, 0, -1372.235
3.42923162828806, 10, 72, 0, 0, -1372.235
3.41160354381861, 9, 78, 0, 0, -1372.235
3.40636300484707, 8, 47, 0, 0, -1372.235
3.4060640679896, 10, 36, 0, 0, -1372.235
3.38602879350133, 7, 231, 0, 0, -1372.235
3.38377662895187, 9, 150, 0, 0, -1372.235
3.38068068447671, 10, 31, 0, 0, -1372.235
3.37983973109252, 9, 97, 0, 0, -1372.235
3.35380250262817, 10, 19, 0, 0, -1372.235
3.35220425461423, 10, 101, 0, 0, -1372.235
3.34975661986965, 10, 41, 0, 0, -1372.235
3.34927052499958, 5, 884, 0, 0, -1372.235
3.34261574411573, 10, 20, 0, 0, -1372.235
3.34138761350523, 10, 39, 0, 0, -1372.235
3.33943025798269, 7, 45, 0, 0, -1372.235
3.33619534871687, 10, 45, 0, 0, -1372.235
3.33595168968653, 10, 32, 0, 0, -1372.235
3.33427820784883, 10, 4, 0, 0, -1372.235
3.3305111589821, 9, 84, 0, 0, -1372.235
3.32717153188517, 8, 152, 0, 0, -1372.235
3.31568803106504, 10, 67, 0, 0, -1372.235
3.3090398575798, 10, 52, 0, 0, -1372.235
3.29778208980986, 10, 26, 0, 0, -1372.235
3.29758643577481, 10, 58, 0, 0, -1372.235
3.2953661871153, 8, 236, 0, 0, -1372.235
3.29512999254087, 9, 100, 0, 0, -1372.235
3.29138987238839, 8, 174, 0, 0, -1372.235
3.28635471257636, 10, 89, 0, 0, -1372.235
3.28440880842963, 10, 45, 0, 0, -1372.235
3.28058252036365, 9, 67, 0, 0, -1372.235
3.27888052239696, 7, 393, 0, 0, -1372.235
3.27849775896294, 10, 62, 0, 0, -1372.235
3.27484214795307, 10, 49, 0, 0, -1372.235
3.27046367429071, 10, 33, 0, 0, -1372.235
3.25738209151727, 8, 197, 0, 0, -1372.235
3.24197620252435, 7, 262, 0, 0, -1372.235
3.23189123078329, 10, 30, 0, 0, -1372.235
3.22431729341578, 6, 599, 0, 0, -1372.235
3.21756641398379, 10, 27, 0, 0, -1372.235
3.21094694565178, 10, 24, 0, 0, -1372.235
3.2079637521791, 5, 895, 0, 0, -1372.235
3.20603249419795, 10, 16, 0, 0, -1372.235
3.18723456780333, 10, 28, 0, 0, -1372.235
3.18428343895905, 6, 378, 0, 0, -1372.235
3.1813211146579, 8, 70, 0, 0, -1372.235
3.17427698249576, 10, 15, 0, 0, -1372.235
3.1719639510079, 10, 34, 0, 0, -1372.235
3.16746597099986, 10, 51, 0, 0, -1372.235
3.1655331889954, 10, 46, 0, 0, -1372.235
3.15855309078819, 8, 226, 0, 0, -1372.235
3.14785128215305, 10, 40, 0, 0, -1372.235
3.14785128215304, 10, 40, 0, 0, -1372.235
3.13647709986888, 10, 38, 0, 0, -1372.235
3.13535393262995, 9, 84, 0, 0, -1372.235
3.1247633011345, 8, 50, 0, 0, -1372.235
3.12134742083206, 9, 47, 0, 0, -1372.235
3.11983396240247, 9, 24, 0, 0, -1372.235
3.11122224190377, 6, 362, 0, 0, -1372.235
3.10995084851998, 9, 46, 0, 0, -1372.235
3.10800360284062, 6, 626, 0, 0, -1372.235
3.10792218945665, 10, 30, 0, 0, -1372.235
3.1035223855553, 10, 38, 0, 0, -1372.235
3.09575223707043, 10, 30, 0, 0, -1372.235
3.09502170138942, 10, 54, 0, 0, -1372.235
3.09089136800751, 4, 3422, 0, 0, -1372.235
3.08969004696671, 8, 168, 0, 0, -1372.235
3.08920048874733, 10, 63, 0, 0, -1372.235
3.08668943327817, 10, 50, 0, 0, -1372.235
3.08586804908621, 10, 43, 0, 0, -1372.235
3.08453291485201, 7, 426, 0, 0, -1372.235
3.07556161667667, 8, 91, 0, 0, -1372.235
3.07496548127723, 9, 111, 0, 0, -1372.235
3.07496548127721, 9, 111, 0, 0, -1372.235
3.06087493790529, 10, 30, 0, 0, -1372.235
3.0546584560578, 9, 19, 0, 0, -1372.235
3.05191104885227, 9, 66, 0, 0, -1372.235
3.04801661908586, 9, 90, 0, 0, -1372.235
3.04185506111038, 8, 16, 0, 0, -1372.235
3.04145837252175, 10, 23, 0, 0, -1372.235
3.03884865200772, 9, 45, 0, 0, -1372.235
3.03879569212025, 10, 31, 0, 0, -1372.235
3.03626455056472, 10, 21, 0, 0, -1372.235
3.03620508862677, 4, 2096, 0, 0, -1372.235
3.03069344681759, 9, 81, 0, 0, -1372.235
3.0260078473991, 5, 1464, 0, 0, -1372.235
3.02404109135988, 9, 50, 0, 0, -1372.235
3.01605665561112, 9, 61, 0, 0, -1372.235
3.01100239468749, 10, 59, 0, 0, -1372.235
3.00387321618323, 10, 54, 0, 0, -1372.235
3.00387321618322, 10, 54, 0, 0, -1372.235
3.00064723663691, 8, 174, 0, 0, -1372.235
2.99957281476655, 10, 36, 0, 0, -1372.235
2.99611003385102, 9, 93, 0, 0, -1372.235
2.99433005454326, 10, 25, 0, 0, -1372.235
2.98983605616717, 9, 82, 0, 0, -1372.235
2.98743514467654, 10, 52, 0, 0, -1372.235
2.98711546224069, 9, 54, 0, 0, -1372.235
2.98401172546503, 9, 16, 0, 0, -1372.235
2.98302128122651, 10, 80, 0, 0, -1372.235
2.97938402362471, 10, 30, 0, 0, -1372.235
2.97546342782948, 9, 62, 0, 0, -1372.235
2.97092984677975, 8, 123, 0, 0, -1372.235
2.96585761820676, 9, 93, 0, 0, -1372.235
2.96120110389416, 9, 42, 0, 0, -1372.235
2.96047619617881, 8, 129, 0, 0, -1372.235
2.95810467849314, 8, 114, 0, 0, -1372.235
2.94664809492563, 9, 72, 0, 0, -1372.235
2.93517404007039, 10, 52, 0, 0, -1372.235
2.92837161248371, 10, 34, 0, 0, -1372.235
2.92593280525217, 10, 10, 0, 0, -1372.235
2.92592751868922, 8, 88, 0, 0, -1372.235
2.9178962104331, 9, 73, 0, 0, -1372.235
2.91342468537364, 10, 26, 0, 0, -1372.235
2.9129558678107, 10, 14, 0, 0, -1372.235
2.90754653365938, 10, 23, 0, 0, -1372.235
2.8994454805169, 7, 182, 0, 0, -1372.235
2.89865249774682, 10, 13, 0, 0, -1372.235
2.89805279262534, 9, 52, 0, 0, -1372.235
2.89794487872172, 9, 56, 0, 0, -1372.235
2.89468076505349, 7, 320, 0, 0, -1372.235
2.88013107954901, 9, 74, 0, 0, -1372.235
2.87217725901006, 10, 29, 0, 0, -1372.235
2.87122585434286, 9, 114, 0, 0, -1372.235
2.87007392033139, 10, 67, 0, 0, -1372.235
2.8676704770052, 10, 31, 0, 0, -1372.235
2.86375603060472, 9, 99, 0, 0, -1372.235
2.85479572188154, 8, 86, 0, 0, -1372.235
2.85020107241078, 9, 50, 0, 0, -1372.235
2.84138948833942, 10, 33, 0, 0, -1372.235
2.83849116275502, 10, 35, 0, 0, -1372.235
2.82962295689222, 9, 87, 0, 0, -1372.235
2.82775410827062, 10, 51, 0, 0, -1372.235
2.82464134621473, 9, 80, 0, 0, -1372.235
2.82270243914761, 10, 43, 0, 0, -1372.235
2.82200227386635, 9, 97, 0, 0, -1372.235
2.81913448813123, 10, 58, 0, 0, -1372.235
2.81530429933328, 10, 42, 0, 0, -1372.235
2.81530429933327, 10, 42, 0, 0, -1372.235
2.8105326277635, 10, 29, 0, 0, -1372.235
2.81004070475726, 9, 103, 0, 0, -1372.235
2.80523821008285, 10, 28, 0, 0, -1372.235
2.80144869369038, 10, 17, 0, 0, -1372.235
2.80075929787446, 9, 81, 0, 0, -1372.235
2.79827738987187, 9, 81, 0, 0, -1372.235
2.79356922312446, 10, 49, 0, 0, -1372.235
2.79314694314184, 9, 55, 0, 0, -1372.235
2.78258198826173, 10, 28, 0, 0, -1372.235
2.76914000909226, 10, 44, 0, 0, -1372.235
2.76666660164048, 9, 90, 0, 0, -1372.235
2.76233274270819, 10, 59, 0, 0, -1372.235
2.74409154902771, 10, 26, 0, 0, -1372.235
2.74373706470129, 9, 28, 0, 0, -1372.235
2.74197317755031, 9, 83, 0, 0, -1372.235
2.73720789397252, 7, 323, 0, 0, -1372.235
2.73562891175216, 5, 1127, 0, 0, -1372.235
2.73326125947202, 10, 35, 0, 0, -1372.235
2.72860842697311, 10, 19, 0, 0, -1372.235
2.72572780883011, 9, 19, 0, 0, -1372.235
2.72558744795721, 9, 91, 0, 0, -1372.235
2.72420580171191, 9, 60, 0, 0, -1372.235
2.71727508274139, 8, 219, 0, 0, -1372.235
2.71610357844038, 9, 56, 0, 0, -1372.235
2.71519432496795, 10, 45, 0, 0, -1372.235
2.71066129374719, 8, 70, 0, 0, -1372.235
2.70702626394571, 10, 29, 0, 0, -1372.235
2.69700564057924, 10, 30, 0, 0, -1372.235
2.69455274524352, 10, 24, 0, 0, -1372.235
2.69340068769021, 10, 16, 0, 0, -1372.235
2.69332261849673, 9, 84, 0, 0, -1372.235
2.68848485120389, 9, 93, 0, 0, -1372.235
2.68729183976564, 8, 39, 0, 0, -1372.235
2.68406382881365, 10, 52, 0, 0, -1372.235
2.67987488740308, 9, 54, 0, 0, -1372.235
2.66516986362475, 6, 255, 0, 0, -1372.235
2.6489439805269, 7, 217, 0, 0, -1372.235
2.64887371715686, 10, 54, 0, 0, -1372.235
2.64758919375202, 8, 61, 0, 0, -1372.235
2.6469168481651, 10, 17, 0, 0, -1372.235
2.64578899468776, 7, 81, 0, 0, -1372.235
2.64073439293999, 8, 65, 0, 0, -1372.235
2.63875843461132, 8, 162, 0, 0, -1372.235
2.63335710958191, 10, 22, 0, 0, -1372.235
2.63059201865915, 9, 96, 0, 0, -1372.235
2.62602196800336, 8, 110, 0, 0, -1372.235
2.62211656317027, 10, 62, 0, 0, -1372.235
2.61920274769345, 10, 18, 0, 0, -1372.235
2.61593180502781, 10, 48, 0, 0, -1372.235
2.61505735233877, 10, 20, 0, 0, -1372.235
2.61366208611326, 7, 280, 0, 0, -1372.235
2.59990133533001, 9, 23, 0, 0, -1372.235
2.59573917221132, 10, 49, 0, 0, -1372.235
2.59420169711724, 10, 55, 0, 0, -1372.235
2.59062215097909, 10, 28, 0, 0, -1372.235
2.58827429862157, 8, 287, 0, 0, -1372.235
2.58506943531548, 10, 21, 0, 0, -1372.235
2.57530511513364, 9, 103, 0, 0, -1372.235
2.56626461914874, 8, 103, 0, 0, -1372.235
2.56584927807117, 8, 77, 0, 0, -1372.235
2.56458196052186, 10, 38, 0, 0, -1372.235
2.56417547066968, 9, 60, 0, 0, -1372.235
2.56246659652056, 10, 29, 0, 0, -1372.235
2.56068440228261, 10, 31, 0, 0, -1372.235
2.55573440286484, 7, 128, 0, 0, -1372.235
2.55240418184727, 10, 50, 0, 0, -1372.235
2.5461467025848, 9, 43, 0, 0, -1372.235
2.54595956771622, 9, 43, 0, 0, -1372.235
2.54390669612616, 9, 46, 0, 0, -1372.235
2.53842176645345, 9, 52, 0, 0, -1372.235
2.53533462521699, 8, 91, 0, 0, -1372.235
2.53359477796339, 10, 26, 0, 0, -1372.235
2.53233305671997, 10, 75, 0, 0, -1372.235
2.51687370348314, 9, 99, 0, 0, -1372.235
2.51620974959444, 10, 31, 0, 0, -1372.235
2.51428569514996, 9, 24, 0, 0, -1372.235
2.49938301935823, 10, 56, 0, 0, -1372.235
2.49725440175742, 6, 506, 0, 0, -1372.235
2.49579262667973, 7, 279, 0, 0, -1372.235
2.49284334759736, 9, 100, 0, 0, -1372.235
2.48889013199568, 10, 36, 0, 0, -1372.235
2.48389068218829, 10, 17, 0, 0, -1372.235
2.48289257238563, 9, 79, 0, 0, -1372.235
2.47555881076925, 9, 108, 0, 0, -1372.235
2.47179864360719, 8, 111, 0, 0, -1372.235
2.46668160503388, 9, 114, 0, 0, -1372.235
2.46409921935101, 8, 59, 0, 0, -1372.235
2.46201101775022, 9, 63, 0, 0, -1372.235
2.46169796042543, 8, 148, 0, 0, -1372.235
2.46096896621262, 8, 219, 0, 0, -1372.235
2.44678590852873, 10, 59, 0, 0, -1372.235
2.44666513340082, 10, 38, 0, 0, -1372.235
2.44409021970818, 7, 412, 0, 0, -1372.235
2.43873696477424, 7, 371, 0, 0, -1372.235
2.43711575780857, 8, 156, 0, 0, -1372.235
2.43666577820105, 8, 104, 0, 0, -1372.235
2.43326413277973, 9, 48, 0, 0, -1372.235
2.42976986184258, 10, 30, 0, 0, -1372.235
2.42065270277073, 7, 307, 0, 0, -1372.235
2.41875482356446, 10, 17, 0, 0, -1372.235
2.41354773163201, 10, 42, 0, 0, -1372.235
2.41099902885091, 9, 68, 0, 0, -1372.235
2.40909742363231, 8, 106, 0, 0, -1372.235
2.40443955350899, 9, 21, 0, 0, -1372.235
2.4039262753691, 9, 38, 0, 0, -1372.235
2.39953855541926, 9, 114, 0, 0, -1372.235
2.39917311904812, 10, 38, 0, 0, -1372.235
2.39888016223538, 9, 65, 0, 0, -1372.235
2.3964418642294, 9, 65, 0, 0, -1372.235
2.39352120634713, 7, 402, 0, 0, -1372.235
2.39181114727295, 9, 49, 0, 0, -1372.235
2.38904315739797, 10, 28, 0, 0, -1372.235
2.38738579841677, 8, 167, 0, 0, -1372.235
2.38113707387713, 10, 31, 0, 0, -1372.235
2.37994921131786, 10, 31, 0, 0, -1372.235
2.36972362279949, 10, 28, 0, 0, -1372.235
2.36737702170931, 10, 21, 0, 0, -1372.235
2.36689287333017, 7, 239, 0, 0, -1372.235
2.3657427541932, 10, 34, 0, 0, -1372.235
2.36023164872778, 9, 37, 0, 0, -1372.235
2.35885339284009, 10, 58, 0, 0, -1372.235
2.34205152067482, 10, 71, 0, 0, -1372.235
2.34185973952723, 10, 33, 0, 0, -1372.235
2.3368450657286, 8, 78, 0, 0, -1372.235
2.33430625079396, 10, 24, 0, 0, -1372.235
2.33351430807403, 10, 32, 0, 0, -1372.235
2.33351430807403, 10, 32, 0, 0, -1372.235
2.33325721528967, 5, 2000, 0, 0, -1372.235
2.33029945483879, 9, 13, 0, 0, -1372.235
2.32024506578947, 9, 64, 0, 0, -1372.235
2.31654197716876, 10, 16, 0, 0, -1372.235
2.30572681147024, 8, 85, 0, 0, -1372.235
2.30164939033155, 10, 61, 0, 0, -1372.235
2.30106267144689, 10, 32, 0, 0, -1372.235
2.30078416131971, 8, 49, 0, 0, -1372.235
2.2987827237036, 10, 40, 0, 0, -1372.235
2.29753444041509, 9, 46, 0, 0, -1372.235
2.29115749633823, 10, 70, 0, 0, -1372.235
2.28701271631993, 10, 27, 0, 0, -1372.235
2.28581287075865, 5, 1236, 0, 0, -1372.235
2.28567744118786, 8, 113, 0, 0, -1372.235
2.27847759420256, 7, 260, 0, 0, -1372.235
2.27805805972863, 10, 36, 0, 0, -1372.235
2.27735782128251, 10, 22, 0, 0, -1372.235
2.27329844238896, 9, 31, 0, 0, -1372.235
2.269402933481, 9, 88, 0, 0, -1372.235
2.26768076550964, 9, 122, 0, 0, -1372.235
2.26627173964833, 8, 253, 0, 0, -1372.235
2.26321966342684, 9, 76, 0, 0, -1372.235
2.2611004510009, 8, 67, 0, 0, -1372.235
2.26052983022561, 9, 111, 0, 0, -1372.235
2.26030810016977, 8, 48, 0, 0, -1372.235
2.25642512896051, 9, 41, 0, 0, -1372.235
2.25231003654167, 5, 1328, 0, 0, -1372.235
2.25137974127407, 8, 196, 0, 0, -1372.235
2.24986612742891, 10, 44, 0, 0, -1372.235
2.24782316600149, 10, 35, 0, 0, -1372.235
2.2453310267187, 10, 15, 0, 0, -1372.235
2.2453310267187, 10, 15, 0, 0, -1372.235
2.24474857254156, 9, 45, 0, 0, -1372.235
2.23711320810129, 9, 76, 0, 0, -1372.235
2.23636466909316, 10, 20, 0, 0, -1372.235
2.23585552628762, 10, 47, 0, 0, -1372.235
2.23548426767378, 10, 25, 0, 0, -1372.235
2.23443692900065, 10, 22, 0, 0, -1372.235
2.23121591897811, 9, 90, 0, 0, -1372.235
2.23030405364821, 10, 31, 0, 0, -1372.235
2.22971299860322, 10, 57, 0, 0, -1372.235
2.22961218512045, 8, 258, 0, 0, -1372.235
2.2245065160413, 8, 125, 0, 0, -1372.235
2.21860174925258, 8, 161, 0, 0, -1372.235
2.21650977175544, 10, 88, 0, 0, -1372.235
2.215394567757, 10, 64, 0, 0, -1372.235
2.21263815250699, 10, 77, 0, 0, -1372.235
2.21151443902637, 4, 1678, 0, 0, -1372.235
2.21076474735612, 9, 91, 0, 0, -1372.235
2.2078795309761, 10, 52, 0, 0, -1372.235
2.2043505254894, 7, 87, 0, 0, -1372.235
2.20216489011573, 10, 33, 0, 0, -1372.235
2.20057811916301, 10, 23, 0, 0, -1372.235
2.19515433525182, 10, 28, 0, 0, -1372.235
2.18560665445371, 7, 209, 0, 0, -1372.235
2.18368208478642, 10, 26, 0, 0, -1372.235
2.18091799241321, 9, 86, 0, 0, -1372.235
2.18047868080427, 8, 241, 0, 0, -1372.235
2.17769577558972, 10, 38, 0, 0, -1372.235
2.17461791631203, 7, 474, 0, 0, -1372.235
2.1697054611071, 9, 61, 0, 0, -1372.235
2.16927652441126, 10, 20, 0, 0, -1372.235
2.16868162476438, 9, 43, 0, 0, -1372.235
2.16667291633989, 10, 39, 0, 0, -1372.235
2.16328073081807, 10, 23, 0, 0, -1372.235
2.15980681191224, 10, 37, 0, 0, -1372.235
2.15318066394516, 10, 23, 0, 0, -1372.235
2.15315195827148, 10, 31, 0, 0, -1372.235
2.14982761357207, 10, 40, 0, 0, -1372.235
2.14938692806337, 8, 103, 0, 0, -1372.235
2.14444140186839, 10, 49, 0, 0, -1372.235
2.1427201456004, 9, 127, 0, 0, -1372.235
2.13816089611287, 7, 270, 0, 0, -1372.235
2.13696944968139, 9, 23, 0, 0, -1372.235
2.13696944968138, 9, 23, 0, 0, -1372.235
2.13658957751842, 10, 63, 0, 0, -1372.235
2.13594309389083, 10, 32, 0, 0, -1372.235
2.13098858740276, 10, 35, 0, 0, -1372.235
2.12780530154181, 9, 79, 0, 0, -1372.235
2.1228192834192, 10, 29, 0, 0, -1372.235
2.12280139090212, 9, 38, 0, 0, -1372.235
2.12259384586127, 10, 49, 0, 0, -1372.235
2.11424773460878, 8, 198, 0, 0, -1372.235
2.11225985975844, 10, 37, 0, 0, -1372.235
2.1086047093611, 10, 26, 0, 0, -1372.235
2.10601627258606, 8, 135, 0, 0, -1372.235
2.1028919443112, 8, 43, 0, 0, -1372.235
2.10099374873646, 10, 26, 0, 0, -1372.235
2.09380543519044, 10, 36, 0, 0, -1372.235
2.08817351131967, 8, 112, 0, 0, -1372.235
2.08805759613936, 9, 131, 0, 0, -1372.235
2.08576335248779, 9, 85, 0, 0, -1372.235
2.08286275854057, 10, 31, 0, 0, -1372.235
2.08210598785238, 10, 38, 0, 0, -1372.235
2.08094282260036, 10, 25, 0, 0, -1372.235
2.07781138113178, 9, 72, 0, 0, -1372.235
2.07647023746797, 9, 92, 0, 0, -1372.235
2.07628204264301, 10, 27, 0, 0, -1372.235
2.07531596930149, 9, 45, 0, 0, -1372.235
2.06613721855766, 8, 108, 0, 0, -1372.235
2.06601522150443, 10, 68, 0, 0, -1372.235
2.06476581529487, 10, 60, 0, 0, -1372.235
2.0609061746902, 8, 137, 0, 0, -1372.235
2.05961959688191, 9, 59, 0, 0, -1372.235
2.05352148175666, 10, 52, 0, 0, -1372.235
2.05188896128984, 6, 349, 0, 0, -1372.235
2.05118620170866, 10, 20, 0, 0, -1372.235
2.04952635126272, 10, 44, 0, 0, -1372.235
2.04663034208578, 10, 17, 0, 0, -1372.235
2.04542939208072, 8, 129, 0, 0, -1372.235
2.04316431580438, 9, 118, 0, 0, -1372.235
2.0417822144479, 10, 44, 0, 0, -1372.235
2.03379581347492, 9, 27, 0, 0, -1372.235
2.02905093891984, 10, 46, 0, 0, -1372.235
2.014520391816, 10, 75, 0, 0, -1372.235
2.01402889946605, 10, 26, 0, 0, -1372.235
2.01136278342103, 10, 12, 0, 0, -1372.235
2.00576274196527, 8, 155, 0, 0, -1372.235
2.00499043369496, 9, 45, 0, 0, -1372.235
2.0008481812067, 8, 89, 0, 0, -1372.235
1.99905554394603, 8, 190, 0, 0, -1372.235
1.9895322936179, 10, 9, 0, 0, -1372.235
1.9874394190062, 9, 45, 0, 0, -1372.235
1.98587321399351, 8, 38, 0, 0, -1372.235
1.98518533319447, 10, 70, 0, 0, -1372.235
1.98144640606527, 8, 105, 0, 0, -1372.235
1.98129610624185, 10, 61, 0, 0, -1372.235
1.98129610624185, 10, 61, 0, 0, -1372.235
1.97499443931883, 10, 46, 0, 0, -1372.235
1.97051453946529, 9, 91, 0, 0, -1372.235
1.96423033490346, 7, 398, 0, 0, -1372.235
1.96180430669308, 10, 30, 0, 0, -1372.235
1.95891947592476, 8, 112, 0, 0, -1372.235
1.95598358436082, 9, 59, 0, 0, -1372.235
1.95562857182144, 10, 32, 0, 0, -1372.235
1.95177854124831, 10, 19, 0, 0, -1372.235
1.9452398056218, 10, 39, 0, 0, -1372.235
1.94393691110025, 9, 62, 0, 0, -1372.235
1.93928197007418, 9, 50, 0, 0, -1372.235
1.93872271766958, 9, 18, 0, 0, -1372.235
1.9346936692062, 10, 67, 0, 0, -1372.235
1.93314570718817, 9, 49, 0, 0, -1372.235
1.9327360619879, 9, 11, 0, 0, -1372.235
1.93189147727273, 9, 64, 0, 0, -1372.235
1.9294374658795, 9, 27, 0, 0, -1372.235
1.92738091034079, 7, 157, 0, 0, -1372.235
1.92717292000406, 8, 132, 0, 0, -1372.235
1.92673982675892, 9, 112, 0, 0, -1372.235
1.92533741368878, 10, 27, 0, 0, -1372.235
1.92351796125081, 10, 16, 0, 0, -1372.235
1.92322768157417, 10, 61, 0, 0, -1372.235
1.92247580838451, 7, 298, 0, 0, -1372.235
1.91891288964228, 10, 41, 0, 0, -1372.235
1.91854334670231, 10, 43, 0, 0, -1372.235
1.9178610201926, 10, 47, 0, 0, -1372.235
1.9118158075026, 10, 25, 0, 0, -1372.235
1.90745177443545, 9, 101, 0, 0, -1372.235
1.90672696614622, 10, 37, 0, 0, -1372.235
1.90640191373891, 9, 69, 0, 0, -1372.235
1.90569366975715, 9, 73, 0, 0, -1372.235
1.90538214103311, 9, 102, 0, 0, -1372.235
1.90393750126695, 8, 165, 0, 0, -1372.235
1.9019465656662, 9, 51, 0, 0, -1372.235
1.89874594640554, 10, 30, 0, 0, -1372.235
1.89852964984437, 9, 114, 0, 0, -1372.235
1.89831269744366, 10, 25, 0, 0, -1372.235
1.89395766147643, 9, 117, 0, 0, -1372.235
1.8904347826087, 10, 1, 0, 0, -1372.235
1.89022829409007, 10, 35, 0, 0, -1372.235
1.88693023339518, 10, 28, 0, 0, -1372.235
1.88621773352077, 10, 35, 0, 0, -1372.235
1.88344715287314, 10, 39, 0, 0, -1372.235
1.88138571924956, 9, 80, 0, 0, -1372.235
1.88028456246999, 10, 17, 0, 0, -1372.235
1.87156644348788, 10, 30, 0, 0, -1372.235
1.86148168914132, 6, 445, 0, 0, -1372.235
1.8603363365418, 9, 34, 0, 0, -1372.235
1.85725006743893, 7, 276, 0, 0, -1372.235
1.85704952498188, 8, 157, 0, 0, -1372.235
1.85313405647035, 8, 29, 0, 0, -1372.235
1.85033666884869, 10, 25, 0, 0, -1372.235
1.84889120774445, 10, 56, 0, 0, -1372.235
1.84838207468209, 10, 28, 0, 0, -1372.235
1.84732564796578, 9, 35, 0, 0, -1372.235
1.84083854174919, 10, 37, 0, 0, -1372.235
1.84073305834646, 8, 46, 0, 0, -1372.235
1.84055766127401, 10, 18, 0, 0, -1372.235
1.83575984485259, 8, 147, 0, 0, -1372.235
1.83130842948202, 8, 101, 0, 0, -1372.235
1.83111788653651, 9, 98, 0, 0, -1372.235
1.82902929737589, 10, 56, 0, 0, -1372.235
1.82677223870236, 10, 41, 0, 0, -1372.235
1.82410443781763, 8, 141, 0, 0, -1372.235
1.82309129848348, 10, 45, 0, 0, -1372.235
1.82241030570339, 10, 48, 0, 0, -1372.235
1.82097224034857, 8, 132, 0, 0, -1372.235
1.8159309713016, 9, 58, 0, 0, -1372.235
1.81368864881995, 8, 238, 0, 0, -1372.235
1.8088505227744, 10, 28, 0, 0, -1372.235
1.80830693735702, 8, 90, 0, 0, -1372.235
1.80217863195541, 10, 32, 0, 0, -1372.235
1.80016064387055, 10, 27, 0, 0, -1372.235
1.79917971109394, 9, 37, 0, 0, -1372.235
1.79587630592067, 9, 107, 0, 0, -1372.235
1.79526802817811, 8, 102, 0, 0, -1372.235
1.79439870434543, 2, 7203, 0, 0, -1372.235
1.79166523664606, 10, 51, 0, 0, -1372.235
1.79157013972646, 9, 62, 0, 0, -1372.235
1.79148895716928, 8, 43, 0, 0, -1372.235
1.79058873310103, 9, 51, 0, 0, -1372.235
1.78997105695784, 10, 38, 0, 0, -1372.235
1.78988271168542, 9, 56, 0, 0, -1372.235
1.78646569120163, 10, 23, 0, 0, -1372.235
1.78010701715233, 10, 33, 0, 0, -1372.235
1.77711940119779, 9, 38, 0, 0, -1372.235
1.77631789062045, 10, 58, 0, 0, -1372.235
1.77612871411715, 10, 80, 0, 0, -1372.235
1.77298430069167, 8, 105, 0, 0, -1372.235
1.77138283183066, 10, 49, 0, 0, -1372.235
1.76219845856782, 9, 94, 0, 0, -1372.235
1.7617742707424, 7, 268, 0, 0, -1372.235
1.76128186489377, 10, 38, 0, 0, -1372.235
1.76088221450692, 10, 9, 0, 0, -1372.235
1.75945487836333, 9, 67, 0, 0, -1372.235
1.75681809173541, 6, 477, 0, 0, -1372.235
1.75672065486985, 10, 29, 0, 0, -1372.235
1.75466405409181, 7, 201, 0, 0, -1372.235
1.75327886288954, 10, 26, 0, 0, -1372.235
1.7520031981923, 10, 37, 0, 0, -1372.235
1.75039768981617, 10, 41, 0, 0, -1372.235
1.75022532423363, 9, 35, 0, 0, -1372.235
1.7442153374941, 4, 2231, 0, 0, -1372.235
1.74110955911718, 10, 40, 0, 0, -1372.235
1.74075974058944, 6, 616, 0, 0, -1372.235
1.73966575815372, 10, 26, 0, 0, -1372.235
1.73763987119843, 10, 46, 0, 0, -1372.235
1.73709531321115, 10, 50, 0, 0, -1372.235
1.73198051166829, 10, 45, 0, 0, -1372.235
1.73171466228456, 2, 7517, 0, 0, -1372.235
1.72864004129951, 8, 95, 0, 0, -1372.235
1.72776642289539, 10, 18, 0, 0, -1372.235
1.72732880927298, 10, 29, 0, 0, -1372.235
1.72591572758714, 10, 88, 0, 0, -1372.235
1.72343764105016, 8, 103, 0, 0, -1372.235
1.7214307269059, 5, 1737, 0, 0, -1372.235
1.72018396063216, 10, 39, 0, 0, -1372.235
1.71949387472631, 8, 156, 0, 0, -1372.235
1.71838498122194, 7, 312, 0, 0, -1372.235
1.71776172834618, 9, 62, 0, 0, -1372.235
1.7176148973989, 6, 848, 0, 0, -1372.235
1.71438008168946, 10, 24, 0, 0, -1372.235
1.71276851464836, 9, 59, 0, 0, -1372.235
1.71248559002797, 10, 47, 0, 0, -1372.235
1.71136759257275, 8, 137, 0, 0, -1372.235
1.70537291365027, 10, 52, 0, 0, -1372.235
1.70381731880549, 9, 84, 0, 0, -1372.235
1.69657419586541, 9, 73, 0, 0, -1372.235
1.69628084986421, 10, 67, 0, 0, -1372.235
1.69404528826863, 10, 38, 0, 0, -1372.235
1.69389461969796, 10, 90, 0, 0, -1372.235
1.692641865275, 5, 1871, 0, 0, -1372.235
1.69114703437586, 9, 115, 0, 0, -1372.235
1.6900050419398, 9, 44, 0, 0, -1372.235
1.68910762245174, 8, 71, 0, 0, -1372.235
1.68883552972272, 9, 50, 0, 0, -1372.235
1.68688185604699, 10, 31, 0, 0, -1372.235
1.68480442347281, 9, 102, 0, 0, -1372.235
1.68442925936171, 9, 65, 0, 0, -1372.235
1.68105229634131, 8, 149, 0, 0, -1372.235
1.67479793033187, 10, 32, 0, 0, -1372.235
1.67246577469958, 8, 186, 0, 0, -1372.235
1.67102352357279, 9, 37, 0, 0, -1372.235
1.66957825543989, 8, 107, 0, 0, -1372.235
1.66825462097812, 10, 41, 0, 0, -1372.235
1.66751638956731, 9, 47, 0, 0, -1372.235
1.65600219025731, 6, 886, 0, 0, -1372.235
1.65503461771188, 8, 118, 0, 0, -1372.235
1.65461167417379, 8, 117, 0, 0, -1372.235
1.64895117397399, 8, 337, 0, 0, -1372.235
1.643719973333, 10, 34, 0, 0, -1372.235
1.63759721414778, 7, 321, 0, 0, -1372.235
1.63754235761, 10, 52, 0, 0, -1372.235
1.63616214157223, 9, 46, 0, 0, -1372.235
1.63489741417072, 9, 96, 0, 0, -1372.235
1.63274982427002, 7, 232, 0, 0, -1372.235
1.63239697345697, 10, 33, 0, 0, -1372.235
1.62879715495069, 8, 192, 0, 0, -1372.235
1.62529788615022, 9, 108, 0, 0, -1372.235
1.62434190765225, 10, 43, 0, 0, -1372.235
1.62099980508529, 10, 50, 0, 0, -1372.235
1.61985195720995, 9, 70, 0, 0, -1372.235
1.61661635934607, 10, 51, 0, 0, -1372.235
1.61626091503622, 10, 71, 0, 0, -1372.235
1.61558744394739, 9, 89, 0, 0, -1372.235
1.61440739321512, 8, 98, 0, 0, -1372.235
1.60862078377057, 9, 90, 0, 0, -1372.235
1.60705649707406, 9, 90, 0, 0, -1372.235
1.60681880353665, 9, 88, 0, 0, -1372.235
1.60663606972883, 8, 118, 0, 0, -1372.235
1.60422729082829, 10, 27, 0, 0, -1372.235
1.60375746311206, 10, 26, 0, 0, -1372.235
1.60375574951671, 7, 277, 0, 0, -1372.235
1.60219905815394, 10, 46, 0, 0, -1372.235
1.60130682609753, 8, 117, 0, 0, -1372.235
1.60091110604792, 10, 29, 0, 0, -1372.235
1.60080181887586, 9, 91, 0, 0, -1372.235
1.59962070083986, 9, 47, 0, 0, -1372.235
1.59898100210314, 10, 59, 0, 0, -1372.235
1.59848795121839, 9, 78, 0, 0, -1372.235
1.59746950391457, 9, 105, 0, 0, -1372.235
1.5973261904982, 10, 27, 0, 0, -1372.235
1.59715226969161, 8, 132, 0, 0, -1372.235
1.59559053548692, 10, 30, 0, 0, -1372.235
1.59530491239008, 10, 28, 0, 0, -1372.235
1.59322838239981, 9, 62, 0, 0, -1372.235
1.59284814124482, 8, 171, 0, 0, -1372.235
1.59205091784151, 10, 8, 0, 0, -1372.235
1.59126584509654, 8, 143, 0, 0, -1372.235
1.58615811621347, 10, 30, 0, 0, -1372.235
1.58532798960653, 9, 112, 0, 0, -1372.235
1.58517636948563, 10, 48, 0, 0, -1372.235
1.58490190574275, 9, 17, 0, 0, -1372.235
1.57749886269915, 9, 63, 0, 0, -1372.235
1.57747045117274, 10, 23, 0, 0, -1372.235
1.57406376571106, 9, 42, 0, 0, -1372.235
1.5722810569482, 10, 16, 0, 0, -1372.235
1.57028750383263, 9, 126, 0, 0, -1372.235
1.56323569259984, 9, 47, 0, 0, -1372.235
1.55949467976105, 9, 47, 0, 0, -1372.235
1.55848851082953, 10, 42, 0, 0, -1372.235
1.55717916054933, 10, 40, 0, 0, -1372.235
1.55631619519671, 10, 30, 0, 0, -1372.235
1.55555429307953, 10, 51, 0, 0, -1372.235
1.55461773704085, 8, 155, 0, 0, -1372.235
1.55401948290253, 8, 150, 0, 0, -1372.235
1.55332774259669, 9, 70, 0, 0, -1372.235
1.5487710527849, 10, 39, 0, 0, -1372.235
1.54217007560254, 9, 39, 0, 0, -1372.235
1.53744783134504, 10, 22, 0, 0, -1372.235
1.5373650360555, 9, 105, 0, 0, -1372.235
1.53695533430807, 7, 206, 0, 0, -1372.235
1.53581867572084, 8, 156, 0, 0, -1372.235
1.53231048896902, 7, 358, 0, 0, -1372.235
1.53215148964941, 10, 52, 0, 0, -1372.235
1.5304354503178, 7, 293, 0, 0, -1372.235
1.52913814884826, 8, 150, 0, 0, -1372.235
1.52736829857364, 10, 50, 0, 0, -1372.235
1.52736829857364, 10, 50, 0, 0, -1372.235
1.52531627583405, 10, 27, 0, 0, -1372.235
1.52316109032907, 8, 87, 0, 0, -1372.235
1.51665970280735, 10, 36, 0, 0, -1372.235
1.51652761744112, 8, 147, 0, 0, -1372.235
1.51148568620466, 10, 29, 0, 0, -1372.235
1.50905881877285, 10, 25, 0, 0, -1372.235
1.50829496235137, 10, 47, 0, 0, -1372.235
1.5070194497082, 8, 201, 0, 0, -1372.235
1.50671659167455, 10, 30, 0, 0, -1372.235
1.50622369942733, 10, 33, 0, 0, -1372.235
1.5045789532123, 9, 86, 0, 0, -1372.235
1.50189368025752, 10, 31, 0, 0, -1372.235
1.5006716323936, 9, 40, 0, 0, -1372.235
1.5000262234795, 9, 92, 0, 0, -1372.235
1.49585083396079, 8, 110, 0, 0, -1372.235
1.49411793355739, 10, 49, 0, 0, -1372.235
1.49120913559605, 10, 24, 0, 0, -1372.235
1.48892568308618, 8, 150, 0, 0, -1372.235
1.48534377525537, 9, 70, 0, 0, -1372.235
1.48416010918687, 10, 39, 0, 0, -1372.235
1.48410115250887, 10, 25, 0, 0, -1372.235
1.48362155444868, 9, 59, 0, 0, -1372.235
1.48358587773257, 10, 29, 0, 0, -1372.235
1.48010506105926, 7, 261, 0, 0, -1372.235
1.47690058934597, 8, 145, 0, 0, -1372.235
1.47494013101447, 10, 53, 0, 0, -1372.235
1.47470042404894, 10, 32, 0, 0, -1372.235
1.47182821114975, 10, 61, 0, 0, -1372.235
1.47056434016287, 8, 158, 0, 0, -1372.235
1.47018792598209, 10, 51, 0, 0, -1372.235
1.46984975358425, 8, 134, 0, 0, -1372.235
1.46815693025308, 10, 33, 0, 0, -1372.235
1.46665828013823, 10, 56, 0, 0, -1372.235
1.46613206060495, 10, 39, 0, 0, -1372.235
1.46472648490509, 10, 78, 0, 0, -1372.235
1.46449363877147, 9, 137, 0, 0, -1372.235
1.46442440259173, 10, 13, 0, 0, -1372.235
1.46175943042904, 6, 674, 0, 0, -1372.235
1.46110744023544, 7, 282, 0, 0, -1372.235
1.45989578209655, 8, 168, 0, 0, -1372.235
1.45770683721832, 7, 191, 0, 0, -1372.235
1.45643642701036, 10, 31, 0, 0, -1372.235
1.45608313800099, 9, 118, 0, 0, -1372.235
1.45081684346172, 10, 29, 0, 0, -1372.235
1.44976453792764, 9, 59, 0, 0, -1372.235
1.44845891070579, 10, 51, 0, 0, -1372.235
1.44632011672847, 10, 23, 0, 0, -1372.235
1.44451901993681, 7, 511, 0, 0, -1372.235
1.44435079599677, 10, 35, 0, 0, -1372.235
1.4437224095085, 10, 38, 0, 0, -1372.235
1.44251807643074, 10, 36, 0, 0, -1372.235
1.44133383980824, 10, 25, 0, 0, -1372.235
1.44107420731883, 10, 29, 0, 0, -1372.235
1.44006702342392, 8, 117, 0, 0, -1372.235
1.43982444866529, 7, 513, 0, 0, -1372.235
1.43961379716727, 10, 12, 0, 0, -1372.235
1.43944761628916, 7, 190, 0, 0, -1372.235
1.43931253790719, 7, 578, 0, 0, -1372.235
1.43782557859063, 9, 49, 0, 0, -1372.235
1.42991400838286, 10, 24, 0, 0, -1372.235
1.42745406161853, 8, 103, 0, 0, -1372.235
1.42656947202908, 6, 694, 0, 0, -1372.235
1.42516079387136, 9, 46, 0, 0, -1372.235
1.42368064793903, 9, 49, 0, 0, -1372.235
1.42153110860655, 10, 23, 0, 0, -1372.235
1.41989407318421, 9, 57, 0, 0, -1372.235
1.41948344013178, 10, 41, 0, 0, -1372.235
1.41860541817288, 8, 173, 0, 0, -1372.235
1.41768392942494, 10, 26, 0, 0, -1372.235
1.4171415174691, 7, 348, 0, 0, -1372.235
1.41279750377228, 10, 26, 0, 0, -1372.235
1.41073818432762, 9, 99, 0, 0, -1372.235
1.41037727014412, 10, 48, 0, 0, -1372.235
1.4092110966295, 9, 129, 0, 0, -1372.235
1.40548197852705, 9, 83, 0, 0, -1372.235
1.40491329331381, 10, 19, 0, 0, -1372.235
1.40379307325644, 9, 49, 0, 0, -1372.235
1.40265816651011, 10, 17, 0, 0, -1372.235
1.39786081250619, 10, 25, 0, 0, -1372.235
1.39703063963641, 8, 87, 0, 0, -1372.235
1.39643231954981, 8, 162, 0, 0, -1372.235
1.39592340415331, 10, 24, 0, 0, -1372.235
1.39494629085336, 10, 35, 0, 0, -1372.235
1.39275843956418, 10, 59, 0, 0, -1372.235
1.39171046271499, 8, 144, 0, 0, -1372.235
1.39106601618136, 9, 62, 0, 0, -1372.235
1.3908289983686, 10, 51, 0, 0, -1372.235
1.38911215850816, 9, 54, 0, 0, -1372.235
1.38793468880999, 9, 82, 0, 0, -1372.235
1.38598027450787, 10, 46, 0, 0, -1372.235
1.38471241375429, 10, 60, 0, 0, -1372.235
1.38348128668309, 10, 30, 0, 0, -1372.235
1.38289633236067, 10, 50, 0, 0, -1372.235
1.38289633236066, 10, 50, 0, 0, -1372.235
1.378601729323, 10, 65, 0, 0, -1372.235
1.37654322542859, 10, 26, 0, 0, -1372.235
1.37607553563244, 9, 102, 0, 0, -1372.235
1.37546763970093, 9, 120, 0, 0, -1372.235
1.37391079585336, 10, 46, 0, 0, -1372.235
1.37268954139303, 9, 77, 0, 0, -1372.235
1.37212457091371, 10, 29, 0, 0, -1372.235
1.37145042778535, 10, 19, 0, 0, -1372.235
1.3702491763517, 10, 51, 0, 0, -1372.235
1.36785138018368, 10, 40, 0, 0, -1372.235
1.35944496228411, 10, 31, 0, 0, -1372.235
1.35934761838802, 10, 81, 0, 0, -1372.235
1.35734226680963, 9, 102, 0, 0, -1372.235
1.35698890800299, 10, 34, 0, 0, -1372.235
1.35682457554453, 8, 168, 0, 0, -1372.235
1.35206838974827, 9, 49, 0, 0, -1372.235
1.35185388493353, 9, 129, 0, 0, -1372.235
1.3513440184089, 8, 110, 0, 0, -1372.235
1.35128779215244, 9, 25, 0, 0, -1372.235
1.35053404870373, 10, 60, 0, 0, -1372.235
1.34617353864106, 8, 196, 0, 0, -1372.235
1.34506746935339, 8, 101, 0, 0, -1372.235
1.34389408007551, 10, 43, 0, 0, -1372.235
1.34123128933042, 9, 136, 0, 0, -1372.235
1.33764562038425, 10, 53, 0, 0, -1372.235
1.33487972528226, 10, 23, 0, 0, -1372.235
1.33173856530317, 9, 90, 0, 0, -1372.235
1.32820173703887, 9, 52, 0, 0, -1372.235
1.32757692374472, 10, 32, 0, 0, -1372.235
1.32503983450596, 10, 10, 0, 0, -1372.235
1.3215993191546, 9, 98, 0, 0, -1372.235
1.31899452038042, 10, 41, 0, 0, -1372.235
1.3161919959407, 10, 60, 0, 0, -1372.235
1.31536990994105, 10, 60, 0, 0, -1372.235
1.31416981103835, 10, 29, 0, 0, -1372.235
1.31352935465929, 10, 45, 0, 0, -1372.235
1.31311219885759, 10, 28, 0, 0, -1372.235
1.31185282808025, 8, 191, 0, 0, -1372.235
1.30963537837451, 9, 138, 0, 0, -1372.235
1.30483641441088, 8, 185, 0, 0, -1372.235
1.30392502557802, 10, 44, 0, 0, -1372.235
1.3028716157494, 9, 75, 0, 0, -1372.235
1.29971183005009, 9, 95, 0, 0, -1372.235
1.29690881757128, 7, 140, 0, 0, -1372.235
1.29267371027481, 9, 48, 0, 0, -1372.235
1.28918169474045, 10, 41, 0, 0, -1372.235
1.28885668887761, 10, 38, 0, 0, -1372.235
1.28784973447893, 10, 43, 0, 0, -1372.235
1.28601097085797, 9, 80, 0, 0, -1372.235
1.28462616846689, 10, 20, 0, 0, -1372.235
1.28309259775955, 10, 47, 0, 0, -1372.235
1.28233111143429, 6, 349, 0, 0, -1372.235
1.28215156480218, 9, 18, 0, 0, -1372.235
1.2787542887622, 7, 219, 0, 0, -1372.235
1.2777373798361, 10, 27, 0, 0, -1372.235
1.27565908852201, 10, 23, 0, 0, -1372.235
1.27459046269563, 9, 71, 0, 0, -1372.235
1.27386175065332, 7, 168, 0, 0, -1372.235
1.27188812104476, 10, 28, 0, 0, -1372.235
1.27122203497015, 10, 48, 0, 0, -1372.235
1.27104138356372, 10, 36, 0, 0, -1372.235
1.26839440772343, 10, 35, 0, 0, -1372.235
1.26837451472334, 9, 46, 0, 0, -1372.235
1.26633172655369, 9, 44, 0, 0, -1372.235
1.26606793237852, 10, 14, 0, 0, -1372.235
1.26355269766738, 10, 17, 0, 0, -1372.235
1.25958243501892, 10, 53, 0, 0, -1372.235
1.25656591981012, 5, 750, 0, 0, -1372.235
1.2533046780271, 7, 339, 0, 0, -1372.235
1.25310876205655, 8, 166, 0, 0, -1372.235
1.2511554992853, 9, 97, 0, 0, -1372.235
1.2477287043841, 10, 40, 0, 0, -1372.235
1.24628028718109, 8, 215, 0, 0, -1372.235
1.24210145117753, 8, 164, 0, 0, -1372.235
1.2341888997347, 10, 47, 0, 0, -1372.235
1.23237339459423, 10, 27, 0, 0, -1372.235
1.23188238218675, 10, 67, 0, 0, -1372.235
1.2315198936936, 10, 21, 0, 0, -1372.235
1.23120902267244, 10, 24, 0, 0, -1372.235
1.22917432409006, 7, 418, 0, 0, -1372.235
1.22915489088099, 10, 38, 0, 0, -1372.235
1.22804143235505, 9, 86, 0, 0, -1372.235
1.22699465196882, 10, 57, 0, 0, -1372.235
1.22672917886904, 7, 419, 0, 0, -1372.235
1.22584532296054, 9, 69, 0, 0, -1372.235
1.22333589340955, 9, 74, 0, 0, -1372.235
1.22331874510489, 10, 60, 0, 0, -1372.235
1.22179946638899, 10, 30, 0, 0, -1372.235
1.22133282575655, 10, 71, 0, 0, -1372.235
1.22129593755283, 10, 55, 0, 0, -1372.235
1.21982831324306, 8, 123, 0, 0, -1372.235
1.21850047203362, 10, 14, 0, 0, -1372.235
1.21264934100552, 9, 62, 0, 0, -1372.235
1.21128078797907, 10, 19, 0, 0, -1372.235
1.21069467237084, 9, 117, 0, 0, -1372.235
1.20856132572481, 10, 11, 0, 0, -1372.235
1.20832319798677, 9, 39, 0, 0, -1372.235
1.20832319798676, 9, 39, 0, 0, -1372.235
1.20724286678127, 10, 13, 0, 0, -1372.235
1.19934497895143, 9, 125, 0, 0, -1372.235
1.19397442569833, 9, 42, 0, 0, -1372.235
1.19036967332158, 9, 83, 0, 0, -1372.235
1.18973279781719, 10, 11, 0, 0, -1372.235
1.18832617597428, 10, 48, 0, 0, -1372.235
1.18782037134407, 9, 88, 0, 0, -1372.235
1.18572292938784, 10, 42, 0, 0, -1372.235
1.17912472056065, 9, 63, 0, 0, -1372.235
1.17565946933923, 10, 38, 0, 0, -1372.235
1.17513032450309, 10, 73, 0, 0, -1372.235
1.17462407178181, 9, 50, 0, 0, -1372.235
1.17382558357656, 9, 85, 0, 0, -1372.235
1.1701436423979, 2, 8806, 0, 0, -1372.235
1.1687507594846, 9, 50, 0, 0, -1372.235
1.16670065200767, 9, 92, 0, 0, -1372.235
1.1632782339178, 9, 92, 0, 0, -1372.235
1.16072335083553, 10, 31, 0, 0, -1372.235
1.1607004269604, 8, 207, 0, 0, -1372.235
1.1596155760464, 10, 20, 0, 0, -1372.235
1.15718629674952, 9, 91, 0, 0, -1372.235
1.1553217035442, 8, 183, 0, 0, -1372.235
1.1547051556292, 10, 23, 0, 0, -1372.235
1.15399694778317, 10, 76, 0, 0, -1372.235
1.1520097231775, 10, 41, 0, 0, -1372.235
1.14948480042031, 7, 254, 0, 0, -1372.235
1.14734961435783, 9, 102, 0, 0, -1372.235
1.14705955643257, 10, 52, 0, 0, -1372.235
1.14389604647819, 10, 43, 0, 0, -1372.235
1.14233474393281, 8, 211, 0, 0, -1372.235
1.140624010924, 10, 39, 0, 0, -1372.235
1.14032940386764, 8, 160, 0, 0, -1372.235
1.13927603391149, 9, 81, 0, 0, -1372.235
1.13836896685047, 9, 50, 0, 0, -1372.235
1.13684151598719, 9, 56, 0, 0, -1372.235
1.13675264681939, 9, 67, 0, 0, -1372.235
1.13590067062193, 9, 108, 0, 0, -1372.235
1.13545132464656, 10, 37, 0, 0, -1372.235
1.135446879147, 5, 847, 0, 0, -1372.235
1.13498573125264, 8, 198, 0, 0, -1372.235
1.13442401532221, 8, 161, 0, 0, -1372.235
1.13230125009426, 10, 26, 0, 0, -1372.235
1.13226600158806, 10, 75, 0, 0, -1372.235
1.13146305664706, 10, 22, 0, 0, -1372.235
1.12793508465988, 9, 61, 0, 0, -1372.235
1.12766465267597, 10, 28, 0, 0, -1372.235
1.12715197313344, 9, 53, 0, 0, -1372.235
1.12589260706882, 6, 422, 0, 0, -1372.235
1.12403083500516, 10, 12, 0, 0, -1372.235
1.12330590436523, 10, 23, 0, 0, -1372.235
1.12303667998216, 9, 82, 0, 0, -1372.235
1.12183381402503, 9, 100, 0, 0, -1372.235
1.1216507320494, 9, 70, 0, 0, -1372.235
1.12146949826723, 10, 24, 0, 0, -1372.235
1.12107018503322, 10, 21, 0, 0, -1372.235
1.11437490029411, 9, 23, 0, 0, -1372.235
1.11425572219369, 10, 32, 0, 0, -1372.235
1.11362103136774, 10, 36, 0, 0, -1372.235
1.11357750309766, 10, 16, 0, 0, -1372.235
1.11122996572611, 10, 49, 0, 0, -1372.235
1.1106085841373, 6, 493, 0, 0, -1372.235
1.11025908739245, 9, 111, 0, 0, -1372.235
1.10975623677121, 10, 40, 0, 0, -1372.235
1.10523459838516, 7, 436, 0, 0, -1372.235
1.10179767029007, 10, 33, 0, 0, -1372.235
1.09979572718388, 10, 13, 0, 0, -1372.235
1.09831710844322, 10, 21, 0, 0, -1372.235
1.09831710844321, 10, 21, 0, 0, -1372.235
1.09759204027331, 10, 47, 0, 0, -1372.235
1.09303976038333, 9, 69, 0, 0, -1372.235
1.09244580476589, 10, 35, 0, 0, -1372.235
1.09229385216178, 10, 55, 0, 0, -1372.235
1.09155517812449, 10, 67, 0, 0, -1372.235
1.08821617115189, 10, 13, 0, 0, -1372.235
1.08688401225283, 9, 39, 0, 0, -1372.235
1.08371648074146, 8, 108, 0, 0, -1372.235
1.08202331332143, 10, 39, 0, 0, -1372.235
1.08179615116073, 10, 54, 0, 0, -1372.235
1.07532125208126, 8, 81, 0, 0, -1372.235
1.0751976452897, 10, 52, 0, 0, -1372.235
1.07358292146069, 9, 78, 0, 0, -1372.235
1.07268575766949, 9, 65, 0, 0, -1372.235
1.07231391098221, 10, 42, 0, 0, -1372.235
1.07107562483456, 10, 22, 0, 0, -1372.235
1.06823893262996, 9, 48, 0, 0, -1372.235
1.06580606973836, 10, 31, 0, 0, -1372.235
1.06481985615957, 10, 13, 0, 0, -1372.235
1.06239471420775, 10, 38, 0, 0, -1372.235
1.06026074918881, 10, 57, 0, 0, -1372.235
1.05972626758153, 9, 78, 0, 0, -1372.235
1.05954168637254, 10, 21, 0, 0, -1372.235
1.05574930279368, 9, 61, 0, 0, -1372.235
1.05359433224152, 10, 49, 0, 0, -1372.235
1.05220039861183, 8, 79, 0, 0, -1372.235
1.05113359672625, 10, 59, 0, 0, -1372.235
1.04913204908066, 10, 38, 0, 0, -1372.235
1.04593487167793, 9, 67, 0, 0, -1372.235
1.04445822379324, 10, 57, 0, 0, -1372.235
1.0362079384589, 10, 46, 0, 0, -1372.235
1.03299836250231, 10, 23, 0, 0, -1372.235
1.03234288985414, 10, 26, 0, 0, -1372.235
1.03119298015235, 9, 58, 0, 0, -1372.235
1.02633124576072, 5, 738, 0, 0, -1372.235
1.02183608252035, 10, 32, 0, 0, -1372.235
1.02002189574935, 8, 82, 0, 0, -1372.235
1.01807677828969, 10, 38, 0, 0, -1372.235
1.01549155570709, 8, 103, 0, 0, -1372.235
1.01548631569343, 10, 25, 0, 0, -1372.235
1.01472679158105, 8, 94, 0, 0, -1372.235
1.0131561094147, 8, 87, 0, 0, -1372.235
1.00909569744137, 8, 228, 0, 0, -1372.235
1.00754263565891, 9, 64, 0, 0, -1372.235
1.00614381470075, 9, 26, 0, 0, -1372.235
1.0054576227281, 10, 44, 0, 0, -1372.235
1.00481980209001, 10, 42, 0, 0, -1372.235
1.00026817202039, 10, 48, 0, 0, -1372.235
0.999960743255079, 9, 95, 0, 0, -1372.235
0.997470539885826, 10, 43, 0, 0, -1372.235
0.994608761937502, 9, 65, 0, 0, -1372.235
0.993641309404557, 10, 19, 0, 0, -1372.235
0.987671505255013, 10, 29, 0, 0, -1372.235
0.987403463228644, 10, 65, 0, 0, -1372.235
0.987188837162692, 10, 37, 0, 0, -1372.235
0.986840966295471, 10, 34, 0, 0, -1372.235
0.986248713630679, 10, 22, 0, 0, -1372.235
0.983746204022132, 8, 139, 0, 0, -1372.235
0.983512842224436, 9, 120, 0, 0, -1372.235
0.982806684233725, 10, 27, 0, 0, -1372.235
0.982786979979576, 10, 44, 0, 0, -1372.235
0.981855308158033, 9, 62, 0, 0, -1372.235
0.981471130192628, 9, 81, 0, 0, -1372.235
0.980568604016084, 8, 176, 0, 0, -1372.235
0.97920963499926, 8, 123, 0, 0, -1372.235
0.97690974503298, 8, 161, 0, 0, -1372.235
0.972104176969869, 8, 141, 0, 0, -1372.235
0.970974190611409, 9, 114, 0, 0, -1372.235
0.97005840121901, 9, 122, 0, 0, -1372.235
0.967789890687817, 10, 59, 0, 0, -1372.235
0.965486838327109, 10, 39, 0, 0, -1372.235
0.96539862015161, 10, 17, 0, 0, -1372.235
0.963123745640799, 10, 24, 0, 0, -1372.235
0.963123745640785, 10, 24, 0, 0, -1372.235
0.962502102351587, 10, 52, 0, 0, -1372.235
0.960434042411596, 10, 51, 0, 0, -1372.235
0.95978584588735, 10, 27, 0, 0, -1372.235
0.955783399042951, 9, 127, 0, 0, -1372.235
0.953520971500378, 6, 498, 0, 0, -1372.235
0.952389930095431, 10, 32, 0, 0, -1372.235
0.948545531917875, 9, 109, 0, 0, -1372.235
0.947390809111702, 9, 77, 0, 0, -1372.235
0.94632861117821, 9, 171, 0, 0, -1372.235
0.944846117202529, 9, 83, 0, 0, -1372.235
0.94349179199287, 9, 51, 0, 0, -1372.235
0.941078487371937, 10, 29, 0, 0, -1372.235
0.940497324490768, 10, 39, 0, 0, -1372.235
0.93979243605469, 8, 140, 0, 0, -1372.235
0.939555455915063, 10, 44, 0, 0, -1372.235
0.937809105534618, 7, 531, 0, 0, -1372.235
0.936061005412908, 9, 71, 0, 0, -1372.235
0.935675792285, 10, 47, 0, 0, -1372.235
0.93270221177858, 10, 54, 0, 0, -1372.235
0.932260324119304, 8, 187, 0, 0, -1372.235
0.931839047164108, 10, 37, 0, 0, -1372.235
0.931013795749413, 8, 112, 0, 0, -1372.235
0.928347317232435, 9, 52, 0, 0, -1372.235
0.924757174316154, 10, 23, 0, 0, -1372.235
0.924172758604012, 7, 333, 0, 0, -1372.235
0.917506287021735, 9, 53, 0, 0, -1372.235
0.917267449742544, 10, 24, 0, 0, -1372.235
0.915801268600986, 9, 67, 0, 0, -1372.235
0.914492137450068, 10, 44, 0, 0, -1372.235
0.911632856383748, 10, 31, 0, 0, -1372.235
0.907665416204649, 10, 42, 0, 0, -1372.235
0.90633755207884, 10, 41, 0, 0, -1372.235
0.906026093205635, 10, 46, 0, 0, -1372.235
0.904832278226669, 9, 83, 0, 0, -1372.235
0.903001355369407, 9, 96, 0, 0, -1372.235
0.90242137314917, 8, 205, 0, 0, -1372.235
0.902210646032356, 10, 24, 0, 0, -1372.235
0.901520761396935, 9, 130, 0, 0, -1372.235
0.900587145402068, 6, 634, 0, 0, -1372.235
0.900415349873792, 10, 31, 0, 0, -1372.235
0.898972252911651, 9, 90, 0, 0, -1372.235
0.898614950146148, 9, 49, 0, 0, -1372.235
0.898613133505536, 9, 70, 0, 0, -1372.235
0.898255916862118, 9, 23, 0, 0, -1372.235
0.898215537890787, 10, 37, 0, 0, -1372.235
0.897344250175163, 10, 29, 0, 0, -1372.235
0.894375768224965, 10, 29, 0, 0, -1372.235
0.89394781953682, 9, 61, 0, 0, -1372.235
0.893508367126603, 10, 16, 0, 0, -1372.235
0.89349107231457, 9, 153, 0, 0, -1372.235
0.891596813504312, 10, 10, 0, 0, -1372.235
0.88988617158708, 8, 68, 0, 0, -1372.235
0.889673590509803, 8, 138, 0, 0, -1372.235
0.888162736514927, 8, 180, 0, 0, -1372.235
0.886964677472556, 9, 46, 0, 0, -1372.235
0.883196627060362, 9, 90, 0, 0, -1372.235
0.881855487266855, 10, 9, 0, 0, -1372.235
0.881597261161962, 9, 45, 0, 0, -1372.235
0.881588516677075, 9, 76, 0, 0, -1372.235
0.880959739915696, 10, 30, 0, 0, -1372.235
0.879434099163783, 8, 191, 0, 0, -1372.235
0.878995726413719, 8, 120, 0, 0, -1372.235
0.878198819815836, 10, 46, 0, 0, -1372.235
0.877763224451681, 9, 72, 0, 0, -1372.235
0.877622232860065, 7, 242, 0, 0, -1372.235
0.876727120925707, 10, 23, 0, 0, -1372.235
0.876257150085707, 9, 89, 0, 0, -1372.235
0.875994302316038, 10, 35, 0, 0, -1372.235
0.874108067350962, 10, 51, 0, 0, -1372.235
0.872157843887808, 4, 3199, 0, 0, -1372.235
0.869600033787818, 10, 47, 0, 0, -1372.235
0.869557324662969, 6, 443, 0, 0, -1372.235
0.869203419538935, 8, 102, 0, 0, -1372.235
0.868049817918123, 7, 359, 0, 0, -1372.235
0.866455060885337, 8, 268, 0, 0, -1372.235
0.862472806415366, 9, 60, 0, 0, -1372.235
0.861803139063974, 10, 38, 0, 0, -1372.235
0.861534225412407, 9, 100, 0, 0, -1372.235
0.860394730091834, 9, 42, 0, 0, -1372.235
0.860348126137409, 10, 27, 0, 0, -1372.235
0.859997574474343, 7, 312, 0, 0, -1372.235
0.85753075775798, 10, 16, 0, 0, -1372.235
0.857213553102648, 10, 31, 0, 0, -1372.235
0.85702069033594, 8, 79, 0, 0, -1372.235
0.855880825064795, 10, 25, 0, 0, -1372.235
0.854492765017432, 10, 47, 0, 0, -1372.235
0.854020312087004, 10, 22, 0, 0, -1372.235
0.848443428041455, 10, 40, 0, 0, -1372.235
0.847622633220983, 9, 88, 0, 0, -1372.235
0.843348796753235, 10, 39, 0, 0, -1372.235
0.842669984318216, 2, 13058, 0, 0, -1372.235
0.842646276714615, 10, 44, 0, 0, -1372.235
0.841889523101878, 10, 30, 0, 0, -1372.235
0.840394321815937, 10, 28, 0, 0, -1372.235
0.839696832750358, 9, 19, 0, 0, -1372.235
0.839566327642138, 10, 33, 0, 0, -1372.235
0.839064983471831, 9, 59, 0, 0, -1372.235
0.838934345133746, 5, 940, 0, 0, -1372.235
0.837320150539257, 10, 39, 0, 0, -1372.235
0.837144482040061, 9, 66, 0, 0, -1372.235
0.831330629572057, 10, 33, 0, 0, -1372.235
0.830789825384441, 10, 51, 0, 0, -1372.235
0.829737811149301, 10, 18, 0, 0, -1372.235
0.828208345590058, 4, 2035, 0, 0, -1372.235
0.826796634981881, 8, 99, 0, 0, -1372.235
0.823317403981548, 9, 89, 0, 0, -1372.235
0.822679267588118, 9, 96, 0, 0, -1372.235
0.822154408159291, 9, 22, 0, 0, -1372.235
0.820650892740462, 10, 41, 0, 0, -1372.235
0.820113886961888, 8, 75, 0, 0, -1372.235
0.81983225275133, 8, 146, 0, 0, -1372.235
0.819173608295108, 10, 61, 0, 0, -1372.235
0.816195755037676, 8, 110, 0, 0, -1372.235
0.816191476259777, 4, 3464, 0, 0, -1372.235
0.816014666666207, 8, 288, 0, 0, -1372.235
0.815468637452073, 10, 24, 0, 0, -1372.235
0.812003080515993, 10, 46, 0, 0, -1372.235
0.81090435779281, 10, 34, 0, 0, -1372.235
0.810499797924368, 9, 51, 0, 0, -1372.235
0.809398498172837, 8, 211, 0, 0, -1372.235
0.80794512365737, 10, 50, 0, 0, -1372.235
0.802589892164765, 10, 55, 0, 0, -1372.235
0.800364147762334, 10, 43, 0, 0, -1372.235
0.79902626393335, 9, 45, 0, 0, -1372.235
0.798938068329935, 10, 49, 0, 0, -1372.235
0.797806986761755, 10, 32, 0, 0, -1372.235
0.793448888472528, 10, 28, 0, 0, -1372.235
0.790079873899398, 6, 497, 0, 0, -1372.235
0.788938548688851, 7, 275, 0, 0, -1372.235
0.788619874522718, 8, 90, 0, 0, -1372.235
0.788278283544804, 9, 53, 0, 0, -1372.235
0.788208825317591, 9, 53, 0, 0, -1372.235
0.78727521219355, 10, 39, 0, 0, -1372.235
0.786910765065724, 8, 106, 0, 0, -1372.235
0.785256850411809, 10, 27, 0, 0, -1372.235
0.783330414828879, 8, 88, 0, 0, -1372.235
0.782876505041296, 8, 210, 0, 0, -1372.235
0.781952733686907, 9, 69, 0, 0, -1372.235
0.781474629685212, 10, 27, 0, 0, -1372.235
0.78103198942101, 8, 160, 0, 0, -1372.235
0.779320207989452, 10, 81, 0, 0, -1372.235
0.778163352009502, 6, 692, 0, 0, -1372.235
0.775885151985537, 10, 18, 0, 0, -1372.235
0.77490659794672, 10, 22, 0, 0, -1372.235
0.773132816068954, 10, 35, 0, 0, -1372.235
0.772892178895745, 9, 89, 0, 0, -1372.235
0.772632628427046, 9, 70, 0, 0, -1372.235
0.77072098933298, 9, 66, 0, 0, -1372.235
0.770193899573951, 9, 178, 0, 0, -1372.235
0.769939989761286, 10, 26, 0, 0, -1372.235
0.767782315054751, 10, 41, 0, 0, -1372.235
0.76765110096222, 9, 69, 0, 0, -1372.235
0.766157793979948, 9, 184, 0, 0, -1372.235
0.761383166246842, 10, 52, 0, 0, -1372.235
0.761072427604074, 10, 18, 0, 0, -1372.235
0.7605537832673, 8, 94, 0, 0, -1372.235
0.756673893442944, 9, 49, 0, 0, -1372.235
0.756376690841234, 10, 23, 0, 0, -1372.235
0.756376690841233, 10, 23, 0, 0, -1372.235
0.756253319973423, 8, 168, 0, 0, -1372.235
0.752862106727451, 6, 720, 0, 0, -1372.235
0.751783931279222, 9, 68, 0, 0, -1372.235
0.751620624640484, 8, 112, 0, 0, -1372.235
0.740126591866795, 10, 42, 0, 0, -1372.235
0.739230982901817, 10, 27, 0, 0, -1372.235
0.73832683914238, 9, 80, 0, 0, -1372.235
0.737477445541669, 10, 21, 0, 0, -1372.235
0.73588946494729, 8, 99, 0, 0, -1372.235
0.733611864388867, 10, 31, 0, 0, -1372.235
0.733111656868106, 10, 53, 0, 0, -1372.235
0.733032598535524, 8, 110, 0, 0, -1372.235
0.730723031466235, 9, 81, 0, 0, -1372.235
0.730459468231949, 10, 39, 0, 0, -1372.235
0.728160330259345, 7, 111, 0, 0, -1372.235
0.723810826762238, 10, 48, 0, 0, -1372.235
0.719918036866694, 10, 24, 0, 0, -1372.235
0.719906943759464, 7, 285, 0, 0, -1372.235
0.718849416186602, 10, 32, 0, 0, -1372.235
0.718530325597246, 10, 34, 0, 0, -1372.235
0.7154213432437, 10, 31, 0, 0, -1372.235
0.713549324173237, 9, 58, 0, 0, -1372.235
0.706286326188467, 8, 104, 0, 0, -1372.235
0.704517797756221, 7, 266, 0, 0, -1372.235
0.704171228825774, 8, 187, 0, 0, -1372.235
0.702371497972248, 4, 2480, 0, 0, -1372.235
0.701178788221718, 8, 164, 0, 0, -1372.235
0.699266593976952, 10, 25, 0, 0, -1372.235
0.697790038446678, 10, 35, 0, 0, -1372.235
0.693722269071143, 10, 46, 0, 0, -1372.235
0.687903083850995, 8, 46, 0, 0, -1372.235
0.687725957534342, 9, 72, 0, 0, -1372.235
0.68689062576064, 10, 20, 0, 0, -1372.235
0.68394861360266, 10, 58, 0, 0, -1372.235
0.682785126250556, 8, 153, 0, 0, -1372.235
0.680594918749887, 8, 136, 0, 0, -1372.235
0.679993006490029, 10, 29, 0, 0, -1372.235
0.679926229704985, 10, 40, 0, 0, -1372.235
0.679328408236187, 10, 29, 0, 0, -1372.235
0.677338180158538, 10, 32, 0, 0, -1372.235
0.677130798341402, 10, 17, 0, 0, -1372.235
0.67241600134013, 10, 41, 0, 0, -1372.235
0.670795675400221, 8, 194, 0, 0, -1372.235
0.670320644621316, 8, 142, 0, 0, -1372.235
0.668331799932237, 8, 139, 0, 0, -1372.235
0.664966737793512, 10, 31, 0, 0, -1372.235
0.664643991316737, 10, 17, 0, 0, -1372.235
0.661865075868322, 10, 41, 0, 0, -1372.235
0.661671736279117, 10, 37, 0, 0, -1372.235
0.659845557730028, 10, 60, 0, 0, -1372.235
0.65883388712791, 10, 52, 0, 0, -1372.235
0.658734442628479, 10, 32, 0, 0, -1372.235
0.657653987555866, 10, 22, 0, 0, -1372.235
0.656159019829508, 9, 57, 0, 0, -1372.235
0.655742582173874, 8, 247, 0, 0, -1372.235
0.654489480375372, 8, 129, 0, 0, -1372.235
0.653328779104405, 10, 27, 0, 0, -1372.235
0.652066397484322, 10, 61, 0, 0, -1372.235
0.65055360310936, 8, 132, 0, 0, -1372.235
0.650304699826185, 9, 77, 0, 0, -1372.235
0.647206662844418, 10, 20, 0, 0, -1372.235
0.646185484732138, 10, 55, 0, 0, -1372.235
0.644475629251885, 10, 47, 0, 0, -1372.235
0.643267879736303, 9, 113, 0, 0, -1372.235
0.642673564074676, 10, 18, 0, 0, -1372.235
0.64188776969773, 8, 129, 0, 0, -1372.235
0.639964771981402, 8, 183, 0, 0, -1372.235
0.638849786047614, 10, 17, 0, 0, -1372.235
0.637900568602651, 10, 37, 0, 0, -1372.235
0.636286625918087, 6, 837, 0, 0, -1372.235
0.636249951615822, 10, 28, 0, 0, -1372.235
0.636110112650284, 10, 43, 0, 0, -1372.235
0.6358370514822, 9, 81, 0, 0, -1372.235
0.631634241119942, 10, 59, 0, 0, -1372.235
0.631590869126799, 8, 168, 0, 0, -1372.235
0.630618862752785, 10, 25, 0, 0, -1372.235
0.629498427929391, 10, 35, 0, 0, -1372.235
0.629179368095479, 10, 42, 0, 0, -1372.235
0.625825314087424, 10, 32, 0, 0, -1372.235
0.624888239309004, 9, 117, 0, 0, -1372.235
0.62242565536804, 9, 35, 0, 0, -1372.235
0.621927843765102, 10, 26, 0, 0, -1372.235
0.621490340206586, 10, 155, 0, 0, -1372.235
0.614895520881493, 10, 59, 0, 0, -1372.235
0.613851786825202, 10, 13, 0, 0, -1372.235
0.61192923838754, 7, 315, 0, 0, -1372.235
0.610932262966306, 10, 46, 0, 0, -1372.235
0.608910546175624, 10, 46, 0, 0, -1372.235
0.607703705283296, 9, 101, 0, 0, -1372.235
0.606861467785449, 8, 160, 0, 0, -1372.235
0.606237005768157, 9, 76, 0, 0, -1372.235
0.605871585766617, 10, 39, 0, 0, -1372.235
0.605229990244587, 10, 39, 0, 0, -1372.235
0.602517674410072, 10, 42, 0, 0, -1372.235
0.599078826029505, 9, 87, 0, 0, -1372.235
0.597297112414102, 9, 62, 0, 0, -1372.235
0.597149770243814, 10, 36, 0, 0, -1372.235
0.596507263213433, 7, 292, 0, 0, -1372.235
0.592886509414971, 10, 38, 0, 0, -1372.235
0.592615607799, 8, 230, 0, 0, -1372.235
0.591135379621324, 9, 38, 0, 0, -1372.235
0.591103095571493, 10, 52, 0, 0, -1372.235
0.588835257888485, 10, 56, 0, 0, -1372.235
0.587821720381804, 9, 92, 0, 0, -1372.235
0.587341605909864, 10, 71, 0, 0, -1372.235
0.58560019417531, 10, 41, 0, 0, -1372.235
0.583734771980163, 8, 284, 0, 0, -1372.235
0.583110569025051, 10, 40, 0, 0, -1372.235
0.581794300083341, 10, 53, 0, 0, -1372.235
0.581663638352566, 10, 14, 0, 0, -1372.235
0.578173569037272, 8, 222, 0, 0, -1372.235
0.577871812508717, 10, 71, 0, 0, -1372.235
0.577089210809008, 10, 14, 0, 0, -1372.235
0.576480253258421, 10, 32, 0, 0, -1372.235
0.576287431850257, 10, 75, 0, 0, -1372.235
0.572735833849419, 7, 375, 0, 0, -1372.235
0.572118686316341, 7, 307, 0, 0, -1372.235
0.572010495403249, 10, 37, 0, 0, -1372.235
0.570891581152693, 10, 37, 0, 0, -1372.235
0.5703339774149, 10, 25, 0, 0, -1372.235
0.570301194035348, 9, 109, 0, 0, -1372.235
0.569971526762711, 9, 58, 0, 0, -1372.235
0.569455061949799, 10, 10, 0, 0, -1372.235
0.564459701435489, 9, 98, 0, 0, -1372.235
0.564459701435478, 9, 98, 0, 0, -1372.235
0.562911344674397, 10, 36, 0, 0, -1372.235
0.560997522361012, 10, 14, 0, 0, -1372.235
0.55856175506876, 9, 75, 0, 0, -1372.235
0.558404750563312, 9, 31, 0, 0, -1372.235
0.557662329719527, 10, 38, 0, 0, -1372.235
0.557349061440988, 9, 82, 0, 0, -1372.235
0.557252423590544, 10, 29, 0, 0, -1372.235
0.555662747792011, 8, 171, 0, 0, -1372.235
0.552252891460057, 9, 85, 0, 0, -1372.235
0.551652062696371, 9, 55, 0, 0, -1372.235
0.55074377121859, 10, 47, 0, 0, -1372.235
0.54734822672533, 10, 44, 0, 0, -1372.235
0.543924727289171, 10, 27, 0, 0, -1372.235
0.541305828121055, 10, 23, 0, 0, -1372.235
0.538266428988968, 10, 23, 0, 0, -1372.235
0.537271886756084, 10, 33, 0, 0, -1372.235
0.533096976290258, 10, 41, 0, 0, -1372.235
0.532833053241832, 10, 43, 0, 0, -1372.235
0.532670654820578, 10, 29, 0, 0, -1372.235
0.530961260842614, 10, 24, 0, 0, -1372.235
0.530789713625933, 6, 544, 0, 0, -1372.235
0.529987139445649, 9, 84, 0, 0, -1372.235
0.529653187670606, 10, 15, 0, 0, -1372.235
0.527318582634125, 9, 72, 0, 0, -1372.235
0.52664914475669, 10, 28, 0, 0, -1372.235
0.526478890683905, 9, 93, 0, 0, -1372.235
0.524552590906666, 9, 54, 0, 0, -1372.235
0.524161802650493, 10, 68, 0, 0, -1372.235
0.522585473760491, 10, 36, 0, 0, -1372.235
0.520623532120362, 9, 44, 0, 0, -1372.235
0.520571609115741, 9, 89, 0, 0, -1372.235
0.520491839750815, 10, 43, 0, 0, -1372.235
0.517832603991243, 10, 30, 0, 0, -1372.235
0.515332209171252, 10, 22, 0, 0, -1372.235
0.5149456945035, 10, 13, 0, 0, -1372.235
0.514626507774927, 7, 146, 0, 0, -1372.235
0.51367500322971, 10, 56, 0, 0, -1372.235
0.510291375653306, 9, 48, 0, 0, -1372.235
0.50280789724889, 9, 54, 0, 0, -1372.235
0.502467686104252, 6, 581, 0, 0, -1372.235
0.502298616509172, 10, 31, 0, 0, -1372.235
0.500469282967974, 8, 178, 0, 0, -1372.235
0.499521500942493, 10, 34, 0, 0, -1372.235
0.498204402007744, 10, 30, 0, 0, -1372.235
0.497338438458117, 10, 34, 0, 0, -1372.235
0.496381287810477, 10, 20, 0, 0, -1372.235
0.495052217245126, 10, 42, 0, 0, -1372.235
0.494924658275205, 10, 18, 0, 0, -1372.235
0.494227805093382, 9, 58, 0, 0, -1372.235
0.494001316587344, 8, 148, 0, 0, -1372.235
0.493990491499616, 10, 30, 0, 0, -1372.235
0.493305175277247, 10, 45, 0, 0, -1372.235
0.492879383100986, 10, 65, 0, 0, -1372.235
0.492625660047927, 9, 63, 0, 0, -1372.235
0.487798208416193, 9, 56, 0, 0, -1372.235
0.484317962653913, 9, 89, 0, 0, -1372.235
0.483525147317497, 9, 103, 0, 0, -1372.235
0.482917098349225, 10, 29, 0, 0, -1372.235
0.480424943045043, 10, 44, 0, 0, -1372.235
0.478079603108135, 10, 43, 0, 0, -1372.235
0.476798752313679, 10, 33, 0, 0, -1372.235
0.476286055450906, 10, 36, 0, 0, -1372.235
0.475883691809979, 10, 28, 0, 0, -1372.235
0.475721804008577, 7, 185, 0, 0, -1372.235
0.473567295500188, 8, 72, 0, 0, -1372.235
0.469289146327559, 9, 68, 0, 0, -1372.235
0.46745006770103, 10, 39, 0, 0, -1372.235
0.465739104602321, 10, 18, 0, 0, -1372.235
0.46425306039318, 10, 30, 0, 0, -1372.235
0.463614519028657, 9, 69, 0, 0, -1372.235
0.461636631852675, 10, 30, 0, 0, -1372.235
0.461474696379469, 9, 123, 0, 0, -1372.235
0.45840328373059, 10, 27, 0, 0, -1372.235
0.458315701742692, 9, 100, 0, 0, -1372.235
0.457621756994808, 10, 13, 0, 0, -1372.235
0.456694131482538, 10, 34, 0, 0, -1372.235
0.455674227499182, 10, 59, 0, 0, -1372.235
0.455565000880369, 9, 55, 0, 0, -1372.235
0.452610580833579, 10, 72, 0, 0, -1372.235
0.4506554416094, 10, 24, 0, 0, -1372.235
0.449325784253793, 10, 53, 0, 0, -1372.235
0.447978745509329, 10, 30, 0, 0, -1372.235
0.447040869173579, 8, 222, 0, 0, -1372.235
0.446221920973992, 10, 29, 0, 0, -1372.235
0.444638875042268, 9, 46, 0, 0, -1372.235
0.443650932407535, 10, 45, 0, 0, -1372.235
0.440527647523104, 9, 106, 0, 0, -1372.235
0.43994410791875, 10, 32, 0, 0, -1372.235
0.436414115633706, 9, 42, 0, 0, -1372.235
0.434541525528268, 10, 51, 0, 0, -1372.235
0.434439793101611, 10, 35, 0, 0, -1372.235
0.434425382552523, 10, 44, 0, 0, -1372.235
0.433660023524843, 9, 54, 0, 0, -1372.235
0.431946041976207, 10, 30, 0, 0, -1372.235
0.430996841215317, 10, 86, 0, 0, -1372.235
0.430760607835899, 10, 52, 0, 0, -1372.235
0.423147569446928, 10, 53, 0, 0, -1372.235
0.415878631337285, 8, 184, 0, 0, -1372.235
0.414886400736563, 10, 21, 0, 0, -1372.235
0.414714081051596, 10, 51, 0, 0, -1372.235
0.411315536636403, 6, 904, 0, 0, -1372.235
0.410474559392974, 9, 86, 0, 0, -1372.235
0.408450985420101, 10, 36, 0, 0, -1372.235
0.407715931316094, 9, 59, 0, 0, -1372.235
0.406805855516386, 10, 59, 0, 0, -1372.235
0.405703522330952, 7, 342, 0, 0, -1372.235
0.403819512200295, 6, 660, 0, 0, -1372.235
0.403607620291048, 10, 34, 0, 0, -1372.235
0.403291278444809, 10, 36, 0, 0, -1372.235
0.399785336402549, 6, 668, 0, 0, -1372.235
0.39971920968991, 10, 32, 0, 0, -1372.235
0.395404436374448, 9, 133, 0, 0, -1372.235
0.395132250402055, 10, 35, 0, 0, -1372.235
0.391026478963312, 7, 203, 0, 0, -1372.235
0.390375994359226, 10, 58, 0, 0, -1372.235
0.389671554657377, 10, 27, 0, 0, -1372.235
0.388860124992655, 6, 967, 0, 0, -1372.235
0.387717586284945, 10, 35, 0, 0, -1372.235
0.384601098897608, 10, 89, 0, 0, -1372.235
0.384374474608474, 8, 200, 0, 0, -1372.235
0.38035031411444, 10, 40, 0, 0, -1372.235
0.378926807313682, 10, 69, 0, 0, -1372.235
0.37670480404072, 10, 50, 0, 0, -1372.235
0.375640097758762, 10, 22, 0, 0, -1372.235
0.374586225547053, 9, 84, 0, 0, -1372.235
0.374586225547031, 9, 84, 0, 0, -1372.235
0.37411808791056, 10, 40, 0, 0, -1372.235
0.373239300468819, 7, 378, 0, 0, -1372.235
0.373018827944957, 10, 34, 0, 0, -1372.235
0.371798946809034, 10, 35, 0, 0, -1372.235
0.370398427929689, 9, 30, 0, 0, -1372.235
0.367747357976219, 10, 40, 0, 0, -1372.235
0.365196015119033, 10, 42, 0, 0, -1372.235
0.364564764442614, 10, 21, 0, 0, -1372.235
0.36424968811702, 10, 95, 0, 0, -1372.235
0.364201781856743, 10, 29, 0, 0, -1372.235
0.363337048945458, 10, 24, 0, 0, -1372.235
0.361353048610567, 7, 401, 0, 0, -1372.235
0.359629985248241, 10, 20, 0, 0, -1372.235
0.35602666656594, 9, 49, 0, 0, -1372.235
0.349932251573035, 9, 154, 0, 0, -1372.235
0.34757127111288, 9, 105, 0, 0, -1372.235
0.346643705422522, 10, 39, 0, 0, -1372.235
0.345678417843972, 9, 61, 0, 0, -1372.235
0.339734380040972, 10, 22, 0, 0, -1372.235
0.338143337224687, 10, 24, 0, 0, -1372.235
0.337681684053681, 10, 25, 0, 0, -1372.235
0.337640282567289, 9, 88, 0, 0, -1372.235
0.333546011161023, 10, 27, 0, 0, -1372.235
0.330087514578907, 7, 447, 0, 0, -1372.235
0.329368894744753, 10, 27, 0, 0, -1372.235
0.32731659726144, 10, 46, 0, 0, -1372.235
0.326545105874614, 10, 16, 0, 0, -1372.235
0.325180948844865, 10, 13, 0, 0, -1372.235
0.317854043119377, 10, 31, 0, 0, -1372.235
0.315632688712569, 10, 32, 0, 0, -1372.235
0.312212376563916, 7, 143, 0, 0, -1372.235
0.312185306455912, 10, 32, 0, 0, -1372.235
0.311503967683705, 7, 293, 0, 0, -1372.235
0.311283480223596, 9, 63, 0, 0, -1372.235
0.311015509223301, 10, 58, 0, 0, -1372.235
0.310970998643552, 8, 132, 0, 0, -1372.235
0.309354140715818, 9, 58, 0, 0, -1372.235
0.309017901842145, 10, 20, 0, 0, -1372.235
0.308805482013186, 8, 263, 0, 0, -1372.235
0.307280020925814, 10, 38, 0, 0, -1372.235
0.307157027013471, 9, 71, 0, 0, -1372.235
0.307098361307669, 8, 134, 0, 0, -1372.235
0.306616388898031, 10, 59, 0, 0, -1372.235
0.306516117497335, 10, 56, 0, 0, -1372.235
0.302918730294022, 9, 72, 0, 0, -1372.235
0.302725053849288, 10, 65, 0, 0, -1372.235
0.299456785272684, 9, 73, 0, 0, -1372.235
0.298554076431411, 9, 102, 0, 0, -1372.235
0.29674447807966, 9, 74, 0, 0, -1372.235
0.296705700417127, 10, 21, 0, 0, -1372.235
0.296074983186285, 10, 31, 0, 0, -1372.235
0.294967817011586, 10, 19, 0, 0, -1372.235
0.291728659099479, 10, 48, 0, 0, -1372.235
0.290574359424069, 9, 65, 0, 0, -1372.235
0.289793607135179, 6, 562, 0, 0, -1372.235
0.285757186344211, 10, 48, 0, 0, -1372.235
0.283327948715769, 9, 67, 0, 0, -1372.235
0.28032750897204, 10, 19, 0, 0, -1372.235
0.279994653410399, 7, 333, 0, 0, -1372.235
0.279587425544858, 10, 56, 0, 0, -1372.235
0.275058286622596, 10, 39, 0, 0, -1372.235
0.274689338225404, 6, 480, 0, 0, -1372.235
0.273518869609948, 10, 38, 0, 0, -1372.235
0.271598357939347, 10, 37, 0, 0, -1372.235
0.26868011025843, 10, 35, 0, 0, -1372.235
0.268606737726475, 10, 53, 0, 0, -1372.235
0.26848627244039, 9, 53, 0, 0, -1372.235
0.26754175081038, 9, 86, 0, 0, -1372.235
0.264228291569697, 7, 179, 0, 0, -1372.235
0.262669515662456, 9, 52, 0, 0, -1372.235
0.259709222684745, 6, 641, 0, 0, -1372.235
0.259406548000496, 7, 183, 0, 0, -1372.235
0.259401203862945, 9, 46, 0, 0, -1372.235
0.259163491751782, 9, 39, 0, 0, -1372.235
0.257617307699344, 10, 33, 0, 0, -1372.235
0.257146776315679, 9, 87, 0, 0, -1372.235
0.255753324946022, 10, 20, 0, 0, -1372.235
0.254802892822489, 9, 52, 0, 0, -1372.235
0.25453704218062, 9, 54, 0, 0, -1372.235
0.252971953172729, 10, 22, 0, 0, -1372.235
0.251552963596674, 10, 23, 0, 0, -1372.235
0.251289916037248, 7, 322, 0, 0, -1372.235
0.251050522468476, 10, 41, 0, 0, -1372.235
0.250432639357182, 10, 22, 0, 0, -1372.235
0.249367901033836, 10, 58, 0, 0, -1372.235
0.249055028895581, 9, 58, 0, 0, -1372.235
0.248618485796591, 10, 32, 0, 0, -1372.235
0.248427915985498, 9, 94, 0, 0, -1372.235
0.247910809856076, 9, 109, 0, 0, -1372.235
0.247756329356702, 10, 42, 0, 0, -1372.235
0.247140872529122, 10, 32, 0, 0, -1372.235
0.247140872529114, 10, 32, 0, 0, -1372.235
0.24627530788044, 10, 62, 0, 0, -1372.235
0.245790673690834, 10, 26, 0, 0, -1372.235
0.244137678798084, 10, 45, 0, 0, -1372.235
0.243642615588122, 9, 42, 0, 0, -1372.235
0.241281466496512, 10, 43, 0, 0, -1372.235
0.239067490053734, 10, 23, 0, 0, -1372.235
0.238387791157154, 9, 30, 0, 0, -1372.235
0.238204874437817, 10, 17, 0, 0, -1372.235
0.237197007362715, 10, 51, 0, 0, -1372.235
0.236766078660266, 10, 65, 0, 0, -1372.235
0.235226760646667, 10, 17, 0, 0, -1372.235
0.232792925011779, 6, 733, 0, 0, -1372.235
0.22675867496415, 10, 72, 0, 0, -1372.235
0.22167739511689, 9, 82, 0, 0, -1372.235
0.221632358182328, 6, 621, 0, 0, -1372.235
0.218987996447885, 8, 137, 0, 0, -1372.235
0.217054302951148, 10, 19, 0, 0, -1372.235
0.216649986601522, 10, 30, 0, 0, -1372.235
0.21637913817494, 10, 27, 0, 0, -1372.235
0.215439890884463, 9, 129, 0, 0, -1372.235
0.215226513262983, 10, 50, 0, 0, -1372.235
0.214914232205942, 10, 49, 0, 0, -1372.235
0.214887438538719, 9, 42, 0, 0, -1372.235
0.213051327107457, 9, 86, 0, 0, -1372.235
0.209986314152271, 10, 49, 0, 0, -1372.235
0.208891384203005, 9, 66, 0, 0, -1372.235
0.20887226727106, 8, 145, 0, 0, -1372.235
0.205526816318618, 10, 26, 0, 0, -1372.235
0.205047007779899, 7, 411, 0, 0, -1372.235
0.20431934591229, 10, 61, 0, 0, -1372.235
0.204211182582226, 5, 801, 0, 0, -1372.235
0.199744731525591, 10, 21, 0, 0, -1372.235
0.199651887820481, 5, 823, 0, 0, -1372.235
0.198732282111836, 10, 32, 0, 0, -1372.235
0.197019120029603, 9, 71, 0, 0, -1372.235
0.196824975723452, 10, 44, 0, 0, -1372.235
0.195939256098838, 9, 99, 0, 0, -1372.235
0.195090079684251, 10, 24, 0, 0, -1372.235
0.194736152524765, 9, 72, 0, 0, -1372.235
0.19313544636824, 10, 47, 0, 0, -1372.235
0.191755060453363, 10, 33, 0, 0, -1372.235
0.190967994791965, 10, 24, 0, 0, -1372.235
0.190034209603091, 7, 227, 0, 0, -1372.235
0.188584425727502, 10, 58, 0, 0, -1372.235
0.187813529766596, 10, 32, 0, 0, -1372.235
0.187409285944793, 10, 36, 0, 0, -1372.235
0.187217483537193, 10, 37, 0, 0, -1372.235
0.186732658274741, 6, 955, 0, 0, -1372.235
0.18466154362125, 6, 363, 0, 0, -1372.235
0.184160369469415, 7, 125, 0, 0, -1372.235
0.184013892872555, 10, 32, 0, 0, -1372.235
0.173114516008778, 10, 27, 0, 0, -1372.235
0.172594909547997, 10, 62, 0, 0, -1372.235
0.167129049785501, 10, 26, 0, 0, -1372.235
0.166996165121189, 10, 41, 0, 0, -1372.235
0.166605649778248, 9, 57, 0, 0, -1372.235
0.165656616429679, 10, 40, 0, 0, -1372.235
0.165009928286717, 10, 40, 0, 0, -1372.235
0.163544693886388, 10, 17, 0, 0, -1372.235
0.162282702743454, 10, 41, 0, 0, -1372.235
0.161960617907327, 7, 275, 0, 0, -1372.235
0.160959423073658, 10, 40, 0, 0, -1372.235
0.160959423073639, 10, 40, 0, 0, -1372.235
0.159977052998411, 10, 27, 0, 0, -1372.235
0.159203425684802, 10, 42, 0, 0, -1372.235
0.15874253476229, 10, 59, 0, 0, -1372.235
0.158598561219144, 8, 143, 0, 0, -1372.235
0.158108573269882, 10, 72, 0, 0, -1372.235
0.157154211922672, 9, 129, 0, 0, -1372.235
0.157008624617843, 10, 20, 0, 0, -1372.235
0.155743543489259, 9, 50, 0, 0, -1372.235
0.153712061986001, 10, 40, 0, 0, -1372.235
0.152976500544857, 9, 72, 0, 0, -1372.235
0.152789063477738, 10, 40, 0, 0, -1372.235
0.149141884052123, 7, 161, 0, 0, -1372.235
0.148144127362181, 10, 49, 0, 0, -1372.235
0.147848423397281, 6, 474, 0, 0, -1372.235
0.147042021639383, 8, 80, 0, 0, -1372.235
0.143838826766741, 10, 22, 0, 0, -1372.235
0.143650770195129, 7, 363, 0, 0, -1372.235
0.139181359651394, 10, 46, 0, 0, -1372.235
0.137936240117247, 10, 49, 0, 0, -1372.235
0.137517351886293, 10, 9, 0, 0, -1372.235
0.1353961352277, 10, 23, 0, 0, -1372.235
0.131924358807611, 10, 22, 0, 0, -1372.235
0.13069644463339, 10, 17, 0, 0, -1372.235
0.129535448530997, 9, 38, 0, 0, -1372.235
0.129419457628469, 9, 88, 0, 0, -1372.235
0.128494586147661, 10, 23, 0, 0, -1372.235
0.128494586147658, 10, 23, 0, 0, -1372.235
0.126437020124267, 10, 30, 0, 0, -1372.235
0.125660060094361, 8, 126, 0, 0, -1372.235
0.124617046430339, 10, 18, 0, 0, -1372.235
0.124057883087974, 10, 48, 0, 0, -1372.235
0.123306162253392, 10, 39, 0, 0, -1372.235
0.123226739496167, 8, 176, 0, 0, -1372.235
0.123117690086008, 8, 99, 0, 0, -1372.235
0.121954888902422, 8, 196, 0, 0, -1372.235
0.121303192080591, 8, 127, 0, 0, -1372.235
0.118886958755308, 9, 42, 0, 0, -1372.235
0.118268051528137, 10, 60, 0, 0, -1372.235
0.113557495787474, 8, 177, 0, 0, -1372.235
0.10820364400933, 10, 12, 0, 0, -1372.235
0.107657660770868, 6, 306, 0, 0, -1372.235
0.104905393835615, 9, 64, 0, 0, -1372.235
0.104199416751083, 9, 26, 0, 0, -1372.235
0.103516230049132, 8, 159, 0, 0, -1372.235
0.101597698066667, 10, 61, 0, 0, -1372.235
0.101547998658039, 8, 222, 0, 0, -1372.235
0.101126927576168, 9, 51, 0, 0, -1372.235
0.0970697339108652, 7, 261, 0, 0, -1372.235
0.0955214461263923, 10, 42, 0, 0, -1372.235
0.0954938483721195, 10, 53, 0, 0, -1372.235
0.0951359690920929, 9, 29, 0, 0, -1372.235
0.0946006270132858, 5, 1106, 0, 0, -1372.235
0.0933077298557143, 8, 174, 0, 0, -1372.235
0.0932673245150885, 5, 1125, 0, 0, -1372.235
0.0915573835152405, 5, 1688, 0, 0, -1372.235
0.0910071379315613, 3, 3909, 0, 0, -1372.235
0.0899969931713303, 10, 39, 0, 0, -1372.235
0.0895288138684148, 5, 1734, 0, 0, -1372.235
0.0875012096774718, 8, 242, 0, 0, -1372.235
0.0861943599162921, 7, 301, 0, 0, -1372.235
0.085330230713698, 9, 82, 0, 0, -1372.235
0.0803009954366548, 10, 89, 0, 0, -1372.235
0.0766509033374108, 10, 43, 0, 0, -1372.235
0.0754261189843587, 3, 4897, 0, 0, -1372.235
0.0722928350443694, 10, 41, 0, 0, -1372.235
0.0722453676770158, 9, 106, 0, 0, -1372.235
0.0695404252098131, 6, 517, 0, 0, -1372.235
0.0670167303930123, 9, 116, 0, 0, -1372.235
0.06649145609369, 10, 51, 0, 0, -1372.235
0.0660682177144808, 7, 296, 0, 0, -1372.235
0.0654752587503522, 10, 55, 0, 0, -1372.235
0.064486770072989, 9, 64, 0, 0, -1372.235
0.0633938954415423, 10, 48, 0, 0, -1372.235
0.0630120785014867, 10, 21, 0, 0, -1372.235
0.060514542394012, 9, 27, 0, 0, -1372.235
0.0591523178522985, 7, 338, 0, 0, -1372.235
0.059140250208726, 10, 63, 0, 0, -1372.235
0.0577898481547685, 9, 73, 0, 0, -1372.235
0.0568914499593365, 10, 66, 0, 0, -1372.235
0.0561892363547522, 8, 230, 0, 0, -1372.235
0.0534894506837588, 8, 244, 0, 0, -1372.235
0.0498705223898092, 10, 22, 0, 0, -1372.235
0.0465359890130887, 5, 837, 0, 0, -1372.235
0.0464788638580161, 9, 130, 0, 0, -1372.235
0.0463824248970852, 10, 24, 0, 0, -1372.235
0.0454393163145853, 9, 65, 0, 0, -1372.235
0.0443589818113679, 10, 32, 0, 0, -1372.235
0.0443394973066815, 9, 137, 0, 0, -1372.235
0.0436126923183571, 9, 40, 0, 0, -1372.235
0.0418112795751278, 9, 147, 0, 0, -1372.235
0.0410714364314928, 10, 5, 0, 0, -1372.235
0.0405433731598703, 10, 23, 0, 0, -1372.235
0.0366056917839195, 10, 26, 0, 0, -1372.235
0.0363365603374398, 9, 85, 0, 0, -1372.235
0.0331160646295547, 5, 1259, 0, 0, -1372.235
0.0314825091451961, 10, 39, 0, 0, -1372.235
0.0303131387296641, 10, 42, 0, 0, -1372.235
0.0282735217703222, 10, 21, 0, 0, -1372.235
0.0278447668055089, 10, 26, 0, 0, -1372.235
0.0267257806907626, 9, 78, 0, 0, -1372.235
0.026725780690735, 9, 78, 0, 0, -1372.235
0.0257847842775561, 10, 51, 0, 0, -1372.235
0.0254227802494632, 10, 29, 0, 0, -1372.235
0.021686109593304, 10, 61, 0, 0, -1372.235
0.0212336366835687, 10, 12, 0, 0, -1372.235
0.0204375065242361, 10, 31, 0, 0, -1372.235
0.0151454320286282, 10, 18, 0, 0, -1372.235
0.0149028424441437, 10, 37, 0, 0, -1372.235
0.014753059763073, 10, 26, 0, 0, -1372.235
0.0143684935764908, 10, 41, 0, 0, -1372.235
0.0135016515312981, 10, 19, 0, 0, -1372.235
0.0130945982757025, 10, 30, 0, 0, -1372.235
0.0125997933112268, 10, 48, 0, 0, -1372.235
0.0125629405621555, 10, 26, 0, 0, -1372.235
0.0121739811478161, 10, 27, 0, 0, -1372.235
0.0117467639797647, 9, 46, 0, 0, -1372.235
0.0112227966467595, 10, 52, 0, 0, -1372.235
0.00928636569886072, 9, 52, 0, 0, -1372.235
0.00915988514225057, 9, 62, 0, 0, -1372.235
0.00903737174856285, 10, 23, 0, 0, -1372.235
0.00802026701670846, 9, 62, 0, 0, -1372.235
0.00582006950738001, 10, 39, 0, 0, -1372.235
0.00279963155431444, 7, 273, 0, 0, -1372.235
0.00273999046018732, 7, 240, 0, 0, -1372.235
0.00225626216981083, 7, 303, 0, 0, -1372.235
0.00218288020912617, 7, 368, 0, 0, -1372.235
