norm, level, Npoints, dimSplit, MainGridIndexSplit
44.6118113005571, 0, 36584, -1, -1, -1
13.4282260872334, 9, 38, 0, 0, -1372.235
13.1540282383814, 7, 104, 0, 0, -1372.235
11.7231345177293, 10, 10, 0, 0, -1372.235
11.7158258533234, 10, 33, 0, 0, -1372.235
11.4961794655028, 5, 697, 0, 0, -1372.235
11.2816085389408, 2, 7279, 0, 0, -1372.235
11.2670713313539, 9, 36, 0, 0, -1372.235
11.1276731070841, 2, 7400, 0, 0, -1372.235
10.6609556224457, 10, 7, 0, 0, -1372.235
10.2793166772883, 5, 847, 0, 0, -1372.235
9.35982187501108, 10, 8, 0, 0, -1372.235
9.10903344394299, 10, 32, 0, 0, -1372.235
9.03235531609247, 9, 13, 0, 0, -1372.235
8.94113232775236, 6, 326, 0, 0, -1372.235
8.86226596159678, 10, 16, 0, 0, -1372.235
8.86093239890977, 10, 53, 0, 0, -1372.235
8.8176216499995, 7, 348, 0, 0, -1372.235
8.79722370649994, 5, 1021, 0, 0, -1372.235
8.73404202121515, 7, 352, 0, 0, -1372.235
8.73194215526581, 10, 7, 0, 0, -1372.235
8.69671017156863, 9, 64, 0, 0, -1372.235
8.61609605948944, 8, 95, 0, 0, -1372.235
8.3904426545713, 10, 47, 0, 0, -1372.235
8.35439119749811, 8, 165, 0, 0, -1372.235
8.33963291773477, 10, 57, 0, 0, -1372.235
8.18739465562859, 8, 101, 0, 0, -1372.235
8.18363870645292, 5, 1048, 0, 0, -1372.235
8.18057381056045, 8, 74, 0, 0, -1372.235
8.02044388220136, 10, 52, 0, 0, -1372.235
7.98560307863643, 10, 15, 0, 0, -1372.235
7.9580694079097, 9, 33, 0, 0, -1372.235
7.83641569406947, 9, 41, 0, 0, -1372.235
7.77143869923115, 9, 101, 0, 0, -1372.235
7.73804692927991, 10, 28, 0, 0, -1372.235
7.67556923528149, 10, 31, 0, 0, -1372.235
7.65540415179716, 10, 70, 0, 0, -1372.235
7.59107351134479, 10, 53, 0, 0, -1372.235
7.56544594802269, 10, 71, 0, 0, -1372.235
7.46047691338257, 8, 189, 0, 0, -1372.235
7.42621431601034, 10, 22, 0, 0, -1372.235
7.40766843484932, 10, 15, 0, 0, -1372.235
7.38939654448665, 8, 113, 0, 0, -1372.235
7.31951359402736, 10, 19, 0, 0, -1372.235
7.2514844192317, 9, 45, 0, 0, -1372.235
7.24996253036563, 9, 56, 0, 0, -1372.235
7.19200440246909, 9, 99, 0, 0, -1372.235
7.18317853470807, 10, 18, 0, 0, -1372.235
7.17107250820574, 10, 24, 0, 0, -1372.235
7.10688968291614, 10, 34, 0, 0, -1372.235
7.07212275258401, 7, 219, 0, 0, -1372.235
7.06288907010681, 8, 107, 0, 0, -1372.235
6.93225426832215, 8, 122, 0, 0, -1372.235
6.85998787741116, 10, 18, 0, 0, -1372.235
6.85605125367364, 10, 33, 0, 0, -1372.235
6.83640785811166, 10, 15, 0, 0, -1372.235
6.83346554900311, 9, 77, 0, 0, -1372.235
6.77221948966892, 6, 455, 0, 0, -1372.235
6.75276663792254, 10, 15, 0, 0, -1372.235
6.73764762547959, 7, 288, 0, 0, -1372.235
6.69508285209098, 9, 15, 0, 0, -1372.235
6.6626083261431, 9, 39, 0, 0, -1372.235
6.57717618968802, 9, 41, 0, 0, -1372.235
6.5247572929564, 8, 74, 0, 0, -1372.235
6.51900367106028, 9, 97, 0, 0, -1372.235
6.49829050300412, 10, 20, 0, 0, -1372.235
6.4876348526772, 9, 45, 0, 0, -1372.235
6.4657392494789, 10, 23, 0, 0, -1372.235
6.45860504856008, 8, 95, 0, 0, -1372.235
6.43403403422395, 10, 3, 0, 0, -1372.235
6.41122005250447, 7, 382, 0, 0, -1372.235
6.39756200670736, 9, 71, 0, 0, -1372.235
6.34089055052152, 9, 58, 0, 0, -1372.235
6.31493403161984, 7, 389, 0, 0, -1372.235
6.26454441458753, 8, 85, 0, 0, -1372.235
6.23334678407035, 9, 54, 0, 0, -1372.235
6.23210896607927, 10, 20, 0, 0, -1372.235
6.21993694285266, 7, 317, 0, 0, -1372.235
6.17607662175605, 8, 125, 0, 0, -1372.235
6.15290685484, 9, 27, 0, 0, -1372.235
6.15106055989628, 6, 439, 0, 0, -1372.235
6.13725149908903, 8, 101, 0, 0, -1372.235
6.1329188103328, 9, 39, 0, 0, -1372.235
6.12412458118725, 8, 57, 0, 0, -1372.235
6.08821210613466, 10, 46, 0, 0, -1372.235
6.08481944915027, 9, 95, 0, 0, -1372.235
6.08062738196729, 10, 39, 0, 0, -1372.235
6.07578783457205, 9, 46, 0, 0, -1372.235
6.07012419966269, 9, 22, 0, 0, -1372.235
6.03770494440552, 9, 57, 0, 0, -1372.235
6.02910390719725, 10, 21, 0, 0, -1372.235
6.00504232940111, 8, 130, 0, 0, -1372.235
5.97656518300623, 9, 25, 0, 0, -1372.235
5.97655688974737, 9, 84, 0, 0, -1372.235
5.96557737117032, 10, 12, 0, 0, -1372.235
5.9555732457689, 9, 139, 0, 0, -1372.235
5.94215815426243, 9, 37, 0, 0, -1372.235
5.93273642926177, 9, 82, 0, 0, -1372.235
5.89913109699605, 10, 29, 0, 0, -1372.235
5.88595596940501, 7, 212, 0, 0, -1372.235
5.88557874700454, 10, 24, 0, 0, -1372.235
5.87503945240208, 10, 23, 0, 0, -1372.235
5.8616526307686, 10, 35, 0, 0, -1372.235
5.85795372793641, 10, 36, 0, 0, -1372.235
5.84864029456896, 8, 165, 0, 0, -1372.235
5.8423733209756, 5, 941, 0, 0, -1372.235
5.82700869725846, 6, 841, 0, 0, -1372.235
5.82700869725837, 6, 841, 0, 0, -1372.235
5.82624202986478, 9, 111, 0, 0, -1372.235
5.81424121111041, 10, 26, 0, 0, -1372.235
5.78607538649797, 9, 96, 0, 0, -1372.235
5.77163342061353, 9, 78, 0, 0, -1372.235
5.75626970072135, 10, 22, 0, 0, -1372.235
5.74366551490125, 9, 116, 0, 0, -1372.235
5.73478610312623, 9, 102, 0, 0, -1372.235
5.71149811009576, 10, 49, 0, 0, -1372.235
5.69410038656031, 9, 93, 0, 0, -1372.235
5.68750404937661, 9, 98, 0, 0, -1372.235
5.66367149705684, 9, 46, 0, 0, -1372.235
5.65129974129947, 10, 47, 0, 0, -1372.235
5.64895939496655, 10, 15, 0, 0, -1372.235
5.63634332942872, 9, 41, 0, 0, -1372.235
5.63131521903414, 10, 41, 0, 0, -1372.235
5.63128999711056, 9, 61, 0, 0, -1372.235
5.61785864927018, 10, 33, 0, 0, -1372.235
5.54165360607181, 10, 34, 0, 0, -1372.235
5.53332367214466, 7, 237, 0, 0, -1372.235
5.50851735911605, 9, 49, 0, 0, -1372.235
5.49960964945908, 10, 33, 0, 0, -1372.235
5.47998285164918, 1, 14679, 0, 0, -1372.235
5.44795133487727, 9, 52, 0, 0, -1372.235
5.44534400328386, 9, 57, 0, 0, -1372.235
5.40850720232373, 9, 58, 0, 0, -1372.235
5.39994731268139, 10, 24, 0, 0, -1372.235
5.35570166275926, 10, 45, 0, 0, -1372.235
5.34544973298374, 8, 94, 0, 0, -1372.235
5.33344508657669, 5, 939, 0, 0, -1372.235
5.33034029139969, 9, 81, 0, 0, -1372.235
5.32057777871083, 8, 124, 0, 0, -1372.235
5.317959256188, 9, 69, 0, 0, -1372.235
5.31332189971177, 10, 20, 0, 0, -1372.235
5.30457752807649, 5, 845, 0, 0, -1372.235
5.27706201169447, 9, 105, 0, 0, -1372.235
5.27468845522261, 9, 96, 0, 0, -1372.235
5.27386854720194, 5, 1064, 0, 0, -1372.235
5.27091506561574, 8, 70, 0, 0, -1372.235
5.26868503081942, 8, 141, 0, 0, -1372.235
5.26684586241331, 9, 51, 0, 0, -1372.235
5.26667109463947, 10, 18, 0, 0, -1372.235
5.26363524811435, 9, 45, 0, 0, -1372.235
5.25321285600115, 7, 243, 0, 0, -1372.235
5.25105168649383, 10, 30, 0, 0, -1372.235
5.25097759322569, 9, 58, 0, 0, -1372.235
5.24860293867961, 10, 30, 0, 0, -1372.235
5.22834884337072, 9, 54, 0, 0, -1372.235
5.22274498770955, 8, 69, 0, 0, -1372.235
5.20682559462081, 10, 44, 0, 0, -1372.235
5.1734647515315, 9, 147, 0, 0, -1372.235
5.16770774909053, 10, 56, 0, 0, -1372.235
5.1636528223151, 5, 1267, 0, 0, -1372.235
5.14216723671209, 8, 212, 0, 0, -1372.235
5.14156334068411, 8, 60, 0, 0, -1372.235
5.13755993046933, 10, 41, 0, 0, -1372.235
5.12736732216919, 8, 97, 0, 0, -1372.235
5.1102618391038, 10, 30, 0, 0, -1372.235
5.08432832100356, 10, 21, 0, 0, -1372.235
5.04548605759919, 8, 197, 0, 0, -1372.235
5.02843991273651, 9, 100, 0, 0, -1372.235
5.01405796994084, 10, 17, 0, 0, -1372.235
5.00237037343034, 10, 30, 0, 0, -1372.235
4.98676563416683, 10, 28, 0, 0, -1372.235
4.978598390624, 10, 20, 0, 0, -1372.235
4.9684216614859, 10, 22, 0, 0, -1372.235
4.95486579756596, 5, 1559, 0, 0, -1372.235
4.95065304562138, 5, 918, 0, 0, -1372.235
4.94050144254063, 9, 94, 0, 0, -1372.235
4.9399778119704, 9, 44, 0, 0, -1372.235
4.93968054231584, 6, 380, 0, 0, -1372.235
4.92528687982126, 8, 102, 0, 0, -1372.235
4.9185785310037, 9, 65, 0, 0, -1372.235
4.91757651304755, 10, 12, 0, 0, -1372.235
4.90410902955378, 10, 45, 0, 0, -1372.235
4.88253545824975, 5, 1044, 0, 0, -1372.235
4.87040719089176, 7, 362, 0, 0, -1372.235
4.8685697109916, 9, 78, 0, 0, -1372.235
4.86393309774276, 10, 45, 0, 0, -1372.235
4.83689841418324, 10, 17, 0, 0, -1372.235
4.7920292576109, 10, 20, 0, 0, -1372.235
4.78348715631356, 9, 48, 0, 0, -1372.235
4.78162897436283, 9, 33, 0, 0, -1372.235
4.77926521788518, 9, 39, 0, 0, -1372.235
4.76338524887575, 10, 12, 0, 0, -1372.235
4.74441025651289, 10, 32, 0, 0, -1372.235
4.73614863515806, 10, 24, 0, 0, -1372.235
4.73094872570688, 10, 34, 0, 0, -1372.235
4.72481050287231, 8, 107, 0, 0, -1372.235
4.70841018912314, 6, 605, 0, 0, -1372.235
4.69853297568908, 8, 86, 0, 0, -1372.235
4.6982062687638, 10, 19, 0, 0, -1372.235
4.69618516025452, 8, 108, 0, 0, -1372.235
4.68395946230677, 10, 26, 0, 0, -1372.235
4.67189609767956, 8, 68, 0, 0, -1372.235
4.65747092160499, 10, 34, 0, 0, -1372.235
4.64210442371842, 6, 841, 0, 0, -1372.235
4.63887455981469, 9, 67, 0, 0, -1372.235
4.63367169573891, 10, 19, 0, 0, -1372.235
4.63098699032756, 10, 32, 0, 0, -1372.235
4.62830682804043, 9, 29, 0, 0, -1372.235
4.61961497835694, 10, 53, 0, 0, -1372.235
4.60078570394369, 10, 54, 0, 0, -1372.235
4.58530056029905, 9, 152, 0, 0, -1372.235
4.5846982420908, 9, 51, 0, 0, -1372.235
4.57884988159863, 10, 31, 0, 0, -1372.235
4.55775448956547, 10, 18, 0, 0, -1372.235
4.54258973816737, 10, 47, 0, 0, -1372.235
4.53681314783034, 9, 61, 0, 0, -1372.235
4.53660567866065, 9, 56, 0, 0, -1372.235
4.53054335331093, 10, 34, 0, 0, -1372.235
4.52287750563109, 9, 76, 0, 0, -1372.235
4.51498005540488, 5, 1743, 0, 0, -1372.235
4.51136458745375, 9, 72, 0, 0, -1372.235
4.48629752339404, 8, 171, 0, 0, -1372.235
4.48596837876616, 10, 2, 0, 0, -1372.235
4.48230850961397, 9, 55, 0, 0, -1372.235
4.47447460108371, 3, 3145, 0, 0, -1372.235
4.45663322778796, 10, 35, 0, 0, -1372.235
4.44527373290436, 8, 88, 0, 0, -1372.235
4.44509299561684, 9, 87, 0, 0, -1372.235
4.44296459612295, 9, 85, 0, 0, -1372.235
4.43206904051594, 10, 57, 0, 0, -1372.235
4.42033509984221, 10, 44, 0, 0, -1372.235
4.40028563178914, 7, 312, 0, 0, -1372.235
4.38371547462346, 7, 408, 0, 0, -1372.235
4.37125055028784, 9, 49, 0, 0, -1372.235
4.36047653437321, 9, 75, 0, 0, -1372.235
4.35791870169018, 9, 63, 0, 0, -1372.235
4.34940186822952, 9, 123, 0, 0, -1372.235
4.34227196944004, 9, 88, 0, 0, -1372.235
4.33792085807952, 8, 260, 0, 0, -1372.235
4.31980328920063, 10, 36, 0, 0, -1372.235
4.31701670095644, 9, 92, 0, 0, -1372.235
4.31473141338374, 10, 23, 0, 0, -1372.235
4.31322480052571, 10, 65, 0, 0, -1372.235
4.29976733096159, 10, 34, 0, 0, -1372.235
4.29626573930439, 10, 11, 0, 0, -1372.235
4.28947237397941, 8, 221, 0, 0, -1372.235
4.2889926660601, 9, 81, 0, 0, -1372.235
4.2688603909138, 8, 178, 0, 0, -1372.235
4.2429222228235, 10, 70, 0, 0, -1372.235
4.23113541569903, 10, 47, 0, 0, -1372.235
4.22640452700911, 8, 148, 0, 0, -1372.235
4.19413227415673, 10, 15, 0, 0, -1372.235
4.19205323516383, 8, 199, 0, 0, -1372.235
4.17604511067329, 8, 141, 0, 0, -1372.235
4.17464629947752, 10, 20, 0, 0, -1372.235
4.17175934459687, 7, 433, 0, 0, -1372.235
4.17141686930625, 10, 22, 0, 0, -1372.235
4.16855096512451, 10, 17, 0, 0, -1372.235
4.16393758002897, 10, 39, 0, 0, -1372.235
4.14408404963589, 10, 26, 0, 0, -1372.235
4.13688928154157, 10, 33, 0, 0, -1372.235
4.13563601578568, 7, 361, 0, 0, -1372.235
4.13289441354487, 8, 122, 0, 0, -1372.235
4.12304957168015, 9, 97, 0, 0, -1372.235
4.10926441983988, 10, 53, 0, 0, -1372.235
4.10721235115743, 7, 364, 0, 0, -1372.235
4.09743844402766, 7, 295, 0, 0, -1372.235
4.0926031914911, 7, 126, 0, 0, -1372.235
4.0887311819075, 8, 154, 0, 0, -1372.235
4.08553321852215, 9, 94, 0, 0, -1372.235
4.08014515367333, 8, 80, 0, 0, -1372.235
4.07770578841261, 5, 1682, 0, 0, -1372.235
4.07266492090456, 9, 45, 0, 0, -1372.235
4.06707747454765, 6, 436, 0, 0, -1372.235
4.06323582259608, 10, 30, 0, 0, -1372.235
4.04770752713369, 9, 61, 0, 0, -1372.235
4.04591689572386, 10, 18, 0, 0, -1372.235
4.04239796154439, 10, 36, 0, 0, -1372.235
4.04180684472632, 10, 47, 0, 0, -1372.235
4.03955128629142, 10, 34, 0, 0, -1372.235
4.03566251053885, 10, 85, 0, 0, -1372.235
4.03086915295894, 10, 21, 0, 0, -1372.235
4.02998231302599, 9, 62, 0, 0, -1372.235
4.02442184333604, 10, 37, 0, 0, -1372.235
4.02378643696705, 9, 125, 0, 0, -1372.235
4.02378643696704, 9, 125, 0, 0, -1372.235
4.01366715781105, 9, 23, 0, 0, -1372.235
4.00708536102442, 7, 303, 0, 0, -1372.235
4.00670053590826, 10, 23, 0, 0, -1372.235
3.99842971325475, 9, 76, 0, 0, -1372.235
3.9943054268395, 9, 74, 0, 0, -1372.235
3.99263881612112, 8, 56, 0, 0, -1372.235
3.97514854442208, 10, 28, 0, 0, -1372.235
3.96745797996351, 10, 16, 0, 0, -1372.235
3.96038538107982, 9, 81, 0, 0, -1372.235
3.95743776221418, 9, 28, 0, 0, -1372.235
3.93956763559867, 8, 196, 0, 0, -1372.235
3.93633785022921, 8, 245, 0, 0, -1372.235
3.93461177082461, 10, 47, 0, 0, -1372.235
3.93248413563173, 10, 30, 0, 0, -1372.235
3.93154791327177, 8, 86, 0, 0, -1372.235
3.92560752011496, 1, 21905, 0, 0, -1372.235
3.92409064734592, 7, 299, 0, 0, -1372.235
3.90171461234895, 10, 22, 0, 0, -1372.235
3.8987892479926, 10, 42, 0, 0, -1372.235
3.89032122181289, 10, 4, 0, 0, -1372.235
3.88441696676028, 10, 26, 0, 0, -1372.235
3.8768263069167, 10, 39, 0, 0, -1372.235
3.87507198219968, 10, 41, 0, 0, -1372.235
3.87475137301511, 9, 139, 0, 0, -1372.235
3.86058740965025, 10, 29, 0, 0, -1372.235
3.85664341810805, 7, 479, 0, 0, -1372.235
3.85652910234105, 10, 13, 0, 0, -1372.235
3.84665787926199, 9, 53, 0, 0, -1372.235
3.84338704039541, 9, 29, 0, 0, -1372.235
3.83691935193731, 8, 200, 0, 0, -1372.235
3.82844596903174, 10, 42, 0, 0, -1372.235
3.82746856024938, 7, 234, 0, 0, -1372.235
3.81797390009209, 7, 309, 0, 0, -1372.235
3.8084649572976, 9, 112, 0, 0, -1372.235
3.79718872175377, 8, 155, 0, 0, -1372.235
3.79648126819486, 7, 403, 0, 0, -1372.235
3.77105406886245, 7, 139, 0, 0, -1372.235
3.76465453766006, 8, 89, 0, 0, -1372.235
3.76172823727947, 10, 24, 0, 0, -1372.235
3.75658726150923, 10, 27, 0, 0, -1372.235
3.75473017635932, 8, 103, 0, 0, -1372.235
3.75375568271246, 4, 1868, 0, 0, -1372.235
3.75374457844469, 10, 27, 0, 0, -1372.235
3.75220907718236, 8, 137, 0, 0, -1372.235
3.7405424169883, 10, 2, 0, 0, -1372.235
3.73572139983953, 10, 38, 0, 0, -1372.235
3.73186135153031, 6, 532, 0, 0, -1372.235
3.73127940159831, 9, 44, 0, 0, -1372.235
3.72816999421618, 7, 136, 0, 0, -1372.235
3.72110429210074, 7, 198, 0, 0, -1372.235
3.71916392922407, 8, 109, 0, 0, -1372.235
3.7152466416727, 10, 52, 0, 0, -1372.235
3.70761135319054, 8, 78, 0, 0, -1372.235
3.70741330998469, 9, 23, 0, 0, -1372.235
3.69435661916217, 10, 25, 0, 0, -1372.235
3.69255576598447, 9, 45, 0, 0, -1372.235
3.68975970182566, 10, 31, 0, 0, -1372.235
3.68727465453472, 10, 45, 0, 0, -1372.235
3.68653915307313, 8, 235, 0, 0, -1372.235
3.68564334070771, 7, 88, 0, 0, -1372.235
3.67870302772521, 10, 17, 0, 0, -1372.235
3.67867007334588, 10, 41, 0, 0, -1372.235
3.67011725342188, 8, 151, 0, 0, -1372.235
3.66590180336179, 10, 33, 0, 0, -1372.235
3.66017550597727, 5, 1386, 0, 0, -1372.235
3.65730842770529, 9, 49, 0, 0, -1372.235
3.65381000533368, 10, 33, 0, 0, -1372.235
3.65026814750509, 10, 28, 0, 0, -1372.235
3.64998493683462, 8, 152, 0, 0, -1372.235
3.64476091680602, 10, 34, 0, 0, -1372.235
3.64428474601551, 8, 109, 0, 0, -1372.235
3.6373905897017, 8, 107, 0, 0, -1372.235
3.63706514188952, 9, 79, 0, 0, -1372.235
3.63477891205388, 10, 11, 0, 0, -1372.235
3.62912970773354, 9, 19, 0, 0, -1372.235
3.62657104252789, 8, 214, 0, 0, -1372.235
3.61807695790254, 10, 83, 0, 0, -1372.235
3.60036096472399, 9, 106, 0, 0, -1372.235
3.59841878059866, 6, 505, 0, 0, -1372.235
3.59654280673973, 10, 18, 0, 0, -1372.235
3.59058775584191, 9, 36, 0, 0, -1372.235
3.57963562897456, 7, 313, 0, 0, -1372.235
3.57411063581589, 9, 77, 0, 0, -1372.235
3.572869995384, 8, 244, 0, 0, -1372.235
3.5704174109443, 10, 48, 0, 0, -1372.235
3.56878577694228, 6, 1153, 0, 0, -1372.235
3.56548721675043, 10, 44, 0, 0, -1372.235
3.56403379170251, 10, 34, 0, 0, -1372.235
3.56335680609499, 10, 17, 0, 0, -1372.235
3.56273780150152, 3, 4134, 0, 0, -1372.235
3.55777194392424, 10, 35, 0, 0, -1372.235
3.55205768930502, 9, 116, 0, 0, -1372.235
3.54376841423927, 10, 16, 0, 0, -1372.235
3.54304570870015, 7, 210, 0, 0, -1372.235
3.5368340885613, 8, 94, 0, 0, -1372.235
3.52925663735116, 10, 6, 0, 0, -1372.235
3.51291661765386, 10, 32, 0, 0, -1372.235
3.50466848987897, 10, 32, 0, 0, -1372.235
3.4990685840708, 9, 64, 0, 0, -1372.235
3.49277277257514, 7, 215, 0, 0, -1372.235
3.48862843612454, 10, 33, 0, 0, -1372.235
3.48700930101383, 5, 1469, 0, 0, -1372.235
3.48686551060564, 9, 25, 0, 0, -1372.235
3.4864260396937, 10, 38, 0, 0, -1372.235
3.47015364752067, 10, 38, 0, 0, -1372.235
3.46905688649051, 10, 25, 0, 0, -1372.235
3.46656465240667, 9, 98, 0, 0, -1372.235
3.46142816189956, 9, 169, 0, 0, -1372.235
3.45671936020843, 6, 515, 0, 0, -1372.235
3.44767632156692, 5, 781, 0, 0, -1372.235
3.43667894482087, 5, 784, 0, 0, -1372.235
3.42204159933576, 10, 41, 0, 0, -1372.235
3.42204159933576, 10, 41, 0, 0, -1372.235
3.42010856294082, 10, 43, 0, 0, -1372.235
3.42005788762941, 10, 38, 0, 0, -1372.235
3.4197914543356, 10, 40, 0, 0, -1372.235
3.41856130910987, 8, 41, 0, 0, -1372.235
3.41193699507288, 9, 70, 0, 0, -1372.235
3.41193699507286, 9, 70, 0, 0, -1372.235
3.41151331452004, 4, 2005, 0, 0, -1372.235
3.4016260557579, 10, 47, 0, 0, -1372.235
3.39067656771949, 10, 48, 0, 0, -1372.235
3.38525436805124, 9, 65, 0, 0, -1372.235
3.3825669271222, 9, 27, 0, 0, -1372.235
3.3825669271222, 9, 27, 0, 0, -1372.235
3.38190167186701, 10, 41, 0, 0, -1372.235
3.38018509014736, 9, 82, 0, 0, -1372.235
3.36690621305148, 10, 53, 0, 0, -1372.235
3.36690621305148, 10, 53, 0, 0, -1372.235
3.35710870390442, 8, 199, 0, 0, -1372.235
3.35279686109138, 10, 50, 0, 0, -1372.235
3.35134828188143, 8, 129, 0, 0, -1372.235
3.34621325424372, 9, 83, 0, 0, -1372.235
3.34573416320242, 7, 469, 0, 0, -1372.235
3.33908624463749, 10, 68, 0, 0, -1372.235
3.33734433926352, 9, 56, 0, 0, -1372.235
3.33718000321064, 10, 16, 0, 0, -1372.235
3.33672240204751, 10, 38, 0, 0, -1372.235
3.33484861979625, 10, 35, 0, 0, -1372.235
3.32277942680027, 6, 551, 0, 0, -1372.235
3.32113635576022, 9, 132, 0, 0, -1372.235
3.31855205727279, 10, 47, 0, 0, -1372.235
3.31513852566827, 8, 70, 0, 0, -1372.235
3.31042850118297, 6, 375, 0, 0, -1372.235
3.31001549979715, 8, 57, 0, 0, -1372.235
3.30749423076923, 9, 64, 0, 0, -1372.235
3.29233582261457, 10, 18, 0, 0, -1372.235
3.29117553480367, 10, 41, 0, 0, -1372.235
3.27737793767364, 6, 549, 0, 0, -1372.235
3.27711600475407, 9, 72, 0, 0, -1372.235
3.271693907007, 10, 37, 0, 0, -1372.235
3.27146655144398, 7, 263, 0, 0, -1372.235
3.27015445684839, 10, 45, 0, 0, -1372.235
3.26850633467317, 10, 28, 0, 0, -1372.235
3.25955413085522, 10, 23, 0, 0, -1372.235
3.25846492456452, 10, 18, 0, 0, -1372.235
3.25044108818355, 10, 36, 0, 0, -1372.235
3.24304046385577, 6, 771, 0, 0, -1372.235
3.24233180389552, 10, 19, 0, 0, -1372.235
3.23619625049963, 7, 374, 0, 0, -1372.235
3.23285222063393, 8, 102, 0, 0, -1372.235
3.22375820643878, 9, 66, 0, 0, -1372.235
3.22002917917635, 10, 38, 0, 0, -1372.235
3.21766184622902, 9, 78, 0, 0, -1372.235
3.21101601593205, 10, 31, 0, 0, -1372.235
3.21089029236632, 10, 65, 0, 0, -1372.235
3.20755024175921, 9, 59, 0, 0, -1372.235
3.2062882771203, 9, 65, 0, 0, -1372.235
3.20491622249378, 10, 25, 0, 0, -1372.235
3.19959121362794, 10, 27, 0, 0, -1372.235
3.19728451001166, 10, 31, 0, 0, -1372.235
3.19728451001165, 10, 31, 0, 0, -1372.235
3.19373354629992, 10, 33, 0, 0, -1372.235
3.1924734408969, 10, 42, 0, 0, -1372.235
3.18727056854507, 8, 195, 0, 0, -1372.235
3.18463136375022, 6, 788, 0, 0, -1372.235
3.18368510855652, 5, 1728, 0, 0, -1372.235
3.18334395137339, 10, 72, 0, 0, -1372.235
3.18106279715488, 9, 83, 0, 0, -1372.235
3.18039435525665, 10, 53, 0, 0, -1372.235
3.17836011219206, 7, 361, 0, 0, -1372.235
3.17786169473891, 9, 58, 0, 0, -1372.235
3.17390921993288, 4, 1400, 0, 0, -1372.235
3.17263548912913, 9, 28, 0, 0, -1372.235
3.17202821635931, 10, 14, 0, 0, -1372.235
3.16860979228294, 10, 21, 0, 0, -1372.235
3.16691476295276, 9, 55, 0, 0, -1372.235
3.16365142712049, 10, 33, 0, 0, -1372.235
3.14451819247859, 10, 54, 0, 0, -1372.235
3.14221639441483, 8, 53, 0, 0, -1372.235
3.13513041080745, 9, 99, 0, 0, -1372.235
3.13322544821539, 10, 22, 0, 0, -1372.235
3.13121396807728, 10, 81, 0, 0, -1372.235
3.13081636621565, 10, 67, 0, 0, -1372.235
3.12962082208307, 10, 23, 0, 0, -1372.235
3.12904128335627, 7, 298, 0, 0, -1372.235
3.12016919423894, 10, 37, 0, 0, -1372.235
3.10790477335879, 9, 100, 0, 0, -1372.235
3.1073898072093, 7, 108, 0, 0, -1372.235
3.10672612511316, 7, 414, 0, 0, -1372.235
3.10654011756295, 8, 157, 0, 0, -1372.235
3.10407785997691, 10, 28, 0, 0, -1372.235
3.09618519487848, 9, 78, 0, 0, -1372.235
3.08843340851965, 10, 37, 0, 0, -1372.235
3.08807195756744, 10, 31, 0, 0, -1372.235
3.08557735448694, 8, 123, 0, 0, -1372.235
3.08022632656509, 10, 26, 0, 0, -1372.235
3.0722721235563, 7, 153, 0, 0, -1372.235
3.0674975631624, 10, 33, 0, 0, -1372.235
3.06659977030664, 10, 19, 0, 0, -1372.235
3.06594692905118, 9, 62, 0, 0, -1372.235
3.0646684267677, 7, 228, 0, 0, -1372.235
3.06324749254833, 10, 26, 0, 0, -1372.235
3.06079153766033, 8, 160, 0, 0, -1372.235
3.05756861130337, 7, 422, 0, 0, -1372.235
3.04702441243693, 9, 127, 0, 0, -1372.235
3.04070212274245, 10, 39, 0, 0, -1372.235
3.03569935395, 8, 110, 0, 0, -1372.235
3.03078005274766, 9, 55, 0, 0, -1372.235
3.02608998994437, 3, 3555, 0, 0, -1372.235
3.02117647247186, 10, 34, 0, 0, -1372.235
3.01651675469346, 9, 55, 0, 0, -1372.235
3.01255830574279, 10, 19, 0, 0, -1372.235
3.00877747324739, 4, 1572, 0, 0, -1372.235
3.00868633046154, 10, 35, 0, 0, -1372.235
2.9930392122327, 7, 200, 0, 0, -1372.235
2.9929763522721, 10, 46, 0, 0, -1372.235
2.99067512368108, 7, 278, 0, 0, -1372.235
2.98624710844955, 10, 39, 0, 0, -1372.235
2.98134555670878, 10, 50, 0, 0, -1372.235
2.97924180089557, 9, 119, 0, 0, -1372.235
2.97862368590671, 10, 51, 0, 0, -1372.235
2.97612061992717, 10, 56, 0, 0, -1372.235
2.97467832403861, 10, 38, 0, 0, -1372.235
2.97435180104234, 10, 82, 0, 0, -1372.235
2.97412936784997, 10, 43, 0, 0, -1372.235
2.97345178864863, 7, 414, 0, 0, -1372.235
2.97302486165477, 10, 14, 0, 0, -1372.235
2.97171924946417, 9, 76, 0, 0, -1372.235
2.96560400278061, 10, 48, 0, 0, -1372.235
2.96503726166986, 10, 66, 0, 0, -1372.235
2.96456472173687, 4, 2373, 0, 0, -1372.235
2.96138236948374, 10, 15, 0, 0, -1372.235
2.96046914819867, 10, 55, 0, 0, -1372.235
2.95513427184375, 10, 26, 0, 0, -1372.235
2.95507929924194, 10, 22, 0, 0, -1372.235
2.95382918610352, 10, 21, 0, 0, -1372.235
2.9446743617863, 10, 57, 0, 0, -1372.235
2.94456003653655, 10, 18, 0, 0, -1372.235
2.94025771233209, 10, 43, 0, 0, -1372.235
2.93539536535381, 9, 70, 0, 0, -1372.235
2.93348445739758, 10, 39, 0, 0, -1372.235
2.93196843992699, 9, 74, 0, 0, -1372.235
2.93159898346081, 7, 300, 0, 0, -1372.235
2.92790105264767, 10, 107, 0, 0, -1372.235
2.92565507038049, 10, 42, 0, 0, -1372.235
2.92316667335288, 9, 87, 0, 0, -1372.235
2.92211489566569, 10, 29, 0, 0, -1372.235
2.92127683159559, 10, 42, 0, 0, -1372.235
2.91068124551047, 9, 73, 0, 0, -1372.235
2.90803417822755, 10, 82, 0, 0, -1372.235
2.90406040529733, 10, 25, 0, 0, -1372.235
2.88793968717767, 3, 4723, 0, 0, -1372.235
2.88770538104639, 10, 49, 0, 0, -1372.235
2.88658082438612, 10, 43, 0, 0, -1372.235
2.88650157523395, 10, 20, 0, 0, -1372.235
2.88450609490129, 10, 27, 0, 0, -1372.235
2.87494280290453, 8, 123, 0, 0, -1372.235
2.87320786688984, 10, 53, 0, 0, -1372.235
2.87197251480699, 7, 298, 0, 0, -1372.235
2.86967307307838, 10, 48, 0, 0, -1372.235
2.86819866685547, 10, 36, 0, 0, -1372.235
2.86819866685547, 10, 36, 0, 0, -1372.235
2.86549790467628, 7, 207, 0, 0, -1372.235
2.8595993488069, 10, 29, 0, 0, -1372.235
2.85741251714927, 10, 41, 0, 0, -1372.235
2.85481600646497, 10, 58, 0, 0, -1372.235
2.8537214847551, 10, 39, 0, 0, -1372.235
2.85294736303918, 10, 36, 0, 0, -1372.235
2.84862616980509, 9, 76, 0, 0, -1372.235
2.8467506618613, 10, 9, 0, 0, -1372.235
2.84437434317439, 9, 45, 0, 0, -1372.235
2.84009647856208, 10, 40, 0, 0, -1372.235
2.83788615674346, 8, 175, 0, 0, -1372.235
2.83466161636626, 3, 3845, 0, 0, -1372.235
2.83194184127121, 9, 89, 0, 0, -1372.235
2.83115895045885, 10, 53, 0, 0, -1372.235
2.82561026438536, 5, 1994, 0, 0, -1372.235
2.82152214315274, 7, 190, 0, 0, -1372.235
2.81251948175957, 9, 24, 0, 0, -1372.235
2.81159033670475, 10, 46, 0, 0, -1372.235
2.80934885362342, 9, 140, 0, 0, -1372.235
2.80729527223656, 9, 48, 0, 0, -1372.235
2.80173084736642, 10, 37, 0, 0, -1372.235
2.80097096083169, 10, 28, 0, 0, -1372.235
2.79868475179806, 9, 104, 0, 0, -1372.235
2.79684914912658, 10, 45, 0, 0, -1372.235
2.79004913695719, 10, 15, 0, 0, -1372.235
2.78736469387489, 7, 148, 0, 0, -1372.235
2.78511743360279, 8, 249, 0, 0, -1372.235
2.78385346481743, 10, 15, 0, 0, -1372.235
2.78091768536274, 8, 156, 0, 0, -1372.235
2.77680809630304, 10, 61, 0, 0, -1372.235
2.77503575701862, 10, 27, 0, 0, -1372.235
2.77090278015214, 10, 20, 0, 0, -1372.235
2.76839147582438, 9, 99, 0, 0, -1372.235
2.76006417631076, 9, 105, 0, 0, -1372.235
2.74635065749816, 10, 41, 0, 0, -1372.235
2.74332016030212, 10, 36, 0, 0, -1372.235
2.74257188776287, 8, 112, 0, 0, -1372.235
2.73646188264385, 9, 55, 0, 0, -1372.235
2.73290962374166, 6, 472, 0, 0, -1372.235
2.71777240351388, 10, 22, 0, 0, -1372.235
2.71558565305447, 10, 42, 0, 0, -1372.235
2.71203507160703, 9, 108, 0, 0, -1372.235
2.71168851740274, 10, 40, 0, 0, -1372.235
2.71147616620719, 10, 31, 0, 0, -1372.235
2.70371794846712, 10, 23, 0, 0, -1372.235
2.70220948940717, 10, 18, 0, 0, -1372.235
2.69963899876015, 8, 155, 0, 0, -1372.235
2.69723037058872, 9, 79, 0, 0, -1372.235
2.69371749094607, 10, 27, 0, 0, -1372.235
2.68809124408517, 10, 61, 0, 0, -1372.235
2.68468506900647, 9, 20, 0, 0, -1372.235
2.68353826182621, 4, 2949, 0, 0, -1372.235
2.67068609712382, 8, 118, 0, 0, -1372.235
2.66943554311631, 8, 166, 0, 0, -1372.235
2.66914630798547, 10, 32, 0, 0, -1372.235
2.66875940165993, 10, 24, 0, 0, -1372.235
2.66713588591269, 8, 137, 0, 0, -1372.235
2.66163236586751, 8, 268, 0, 0, -1372.235
2.64506189277066, 10, 11, 0, 0, -1372.235
2.64442229321524, 10, 15, 0, 0, -1372.235
2.64428258080854, 10, 53, 0, 0, -1372.235
2.64327896552256, 10, 30, 0, 0, -1372.235
2.64304702850111, 8, 103, 0, 0, -1372.235
2.64276626786955, 10, 24, 0, 0, -1372.235
2.64162807285968, 4, 1745, 0, 0, -1372.235
2.64016070317057, 10, 41, 0, 0, -1372.235
2.63597711469621, 4, 2855, 0, 0, -1372.235
2.63473515230318, 7, 211, 0, 0, -1372.235
2.63025071943229, 6, 252, 0, 0, -1372.235
2.62935593428184, 8, 192, 0, 0, -1372.235
2.62381978848365, 10, 33, 0, 0, -1372.235
2.62191598227323, 9, 117, 0, 0, -1372.235
2.62177710440902, 10, 49, 0, 0, -1372.235
2.6114474569882, 9, 67, 0, 0, -1372.235
2.60965165113664, 8, 122, 0, 0, -1372.235
2.60910275529267, 10, 20, 0, 0, -1372.235
2.60741844773541, 7, 236, 0, 0, -1372.235
2.60453276830243, 10, 28, 0, 0, -1372.235
2.60357473520941, 9, 66, 0, 0, -1372.235
2.60128381148572, 9, 53, 0, 0, -1372.235
2.59752725255918, 10, 42, 0, 0, -1372.235
2.59150814171957, 10, 23, 0, 0, -1372.235
2.59059650546102, 10, 35, 0, 0, -1372.235
2.59004354733264, 10, 46, 0, 0, -1372.235
2.59002427037261, 6, 743, 0, 0, -1372.235
2.58870157497077, 10, 39, 0, 0, -1372.235
2.58649887245367, 9, 141, 0, 0, -1372.235
2.58474154519575, 9, 47, 0, 0, -1372.235
2.58142747873108, 9, 125, 0, 0, -1372.235
2.57990427499013, 8, 123, 0, 0, -1372.235
2.57888853022929, 10, 55, 0, 0, -1372.235
2.57786878094671, 9, 56, 0, 0, -1372.235
2.57771915170738, 9, 21, 0, 0, -1372.235
2.57758418173394, 8, 185, 0, 0, -1372.235
2.57318262059762, 10, 39, 0, 0, -1372.235
2.57241704790835, 10, 95, 0, 0, -1372.235
2.57202173661437, 10, 41, 0, 0, -1372.235
2.566507584516, 9, 56, 0, 0, -1372.235
2.56387847699379, 10, 24, 0, 0, -1372.235
2.56055961460182, 9, 69, 0, 0, -1372.235
2.55905123405335, 9, 67, 0, 0, -1372.235
2.5575928442029, 9, 64, 0, 0, -1372.235
2.54971732574601, 8, 166, 0, 0, -1372.235
2.54800259118707, 9, 79, 0, 0, -1372.235
2.54402142682116, 10, 13, 0, 0, -1372.235
2.54062849632007, 10, 46, 0, 0, -1372.235
2.53394089522686, 7, 316, 0, 0, -1372.235
2.53243226455552, 10, 38, 0, 0, -1372.235
2.52175659005496, 8, 79, 0, 0, -1372.235
2.52078516079923, 10, 37, 0, 0, -1372.235
2.51772130183383, 8, 157, 0, 0, -1372.235
2.51299663963869, 9, 86, 0, 0, -1372.235
2.51129805390649, 10, 33, 0, 0, -1372.235
2.51031450115372, 7, 343, 0, 0, -1372.235
2.50801737187518, 10, 30, 0, 0, -1372.235
2.50694623854464, 8, 125, 0, 0, -1372.235
2.50514826440306, 10, 21, 0, 0, -1372.235
2.50222672780676, 10, 37, 0, 0, -1372.235
2.49916659154982, 9, 105, 0, 0, -1372.235
2.4930625, 9, 64, 0, 0, -1372.235
2.49275233020877, 10, 31, 0, 0, -1372.235
2.49207387336055, 10, 62, 0, 0, -1372.235
2.49027149451966, 8, 90, 0, 0, -1372.235
2.48920265970341, 10, 74, 0, 0, -1372.235
2.48871620524008, 10, 57, 0, 0, -1372.235
2.48523147451471, 10, 43, 0, 0, -1372.235
2.48457238928218, 10, 66, 0, 0, -1372.235
2.48174622740175, 9, 37, 0, 0, -1372.235
2.47931433695216, 4, 1983, 0, 0, -1372.235
2.47826205756035, 10, 15, 0, 0, -1372.235
2.46498491179909, 10, 58, 0, 0, -1372.235
2.46434622835124, 9, 83, 0, 0, -1372.235
2.46030604742316, 10, 18, 0, 0, -1372.235
2.46005814077187, 10, 12, 0, 0, -1372.235
2.45919634249688, 10, 45, 0, 0, -1372.235
2.4590123289553, 9, 69, 0, 0, -1372.235
2.45110418897043, 9, 32, 0, 0, -1372.235
2.45101083940308, 10, 19, 0, 0, -1372.235
2.44455699487068, 10, 19, 0, 0, -1372.235
2.44290303212192, 10, 21, 0, 0, -1372.235
2.44224490085147, 4, 3302, 0, 0, -1372.235
2.43976907213632, 10, 48, 0, 0, -1372.235
2.43807275343278, 10, 44, 0, 0, -1372.235
2.4380018408531, 10, 45, 0, 0, -1372.235
2.43652933885105, 7, 363, 0, 0, -1372.235
2.43619089531761, 9, 104, 0, 0, -1372.235
2.42970332758753, 9, 70, 0, 0, -1372.235
2.42646580711091, 10, 40, 0, 0, -1372.235
2.42631576944899, 10, 32, 0, 0, -1372.235
2.42621602546011, 6, 468, 0, 0, -1372.235
2.41261211169297, 10, 42, 0, 0, -1372.235
2.40828660710865, 10, 48, 0, 0, -1372.235
2.40684674506888, 8, 114, 0, 0, -1372.235
2.40438336609123, 10, 35, 0, 0, -1372.235
2.39380324982948, 10, 36, 0, 0, -1372.235
2.3916641589959, 10, 14, 0, 0, -1372.235
2.39106084231642, 8, 187, 0, 0, -1372.235
2.39068575507337, 8, 174, 0, 0, -1372.235
2.39061304941595, 8, 102, 0, 0, -1372.235
2.38822100741507, 10, 49, 0, 0, -1372.235
2.38109426535786, 10, 27, 0, 0, -1372.235
2.37808048200164, 9, 49, 0, 0, -1372.235
2.37661452871509, 10, 66, 0, 0, -1372.235
2.37050290316211, 9, 56, 0, 0, -1372.235
2.36300498182915, 9, 46, 0, 0, -1372.235
2.36025918715189, 9, 96, 0, 0, -1372.235
2.35641660929981, 10, 20, 0, 0, -1372.235
2.35270240788734, 8, 128, 0, 0, -1372.235
2.35035696474689, 7, 211, 0, 0, -1372.235
2.34717565876558, 7, 263, 0, 0, -1372.235
2.34226756806408, 10, 20, 0, 0, -1372.235
2.33683809033616, 10, 55, 0, 0, -1372.235
2.33077055748886, 10, 40, 0, 0, -1372.235
2.3263136510637, 8, 315, 0, 0, -1372.235
2.32607460521315, 9, 122, 0, 0, -1372.235
2.32568162790949, 10, 35, 0, 0, -1372.235
2.31448475023313, 8, 197, 0, 0, -1372.235
2.31273554721291, 10, 21, 0, 0, -1372.235
2.30854029498396, 8, 138, 0, 0, -1372.235
2.3081369083531, 10, 41, 0, 0, -1372.235
2.30449094650891, 7, 321, 0, 0, -1372.235
2.30423818632081, 10, 33, 0, 0, -1372.235
2.30074017049175, 10, 19, 0, 0, -1372.235
2.30072542661909, 9, 78, 0, 0, -1372.235
2.29724875102243, 10, 35, 0, 0, -1372.235
2.29098281068258, 7, 235, 0, 0, -1372.235
2.28976145232956, 10, 47, 0, 0, -1372.235
2.28931956910838, 9, 36, 0, 0, -1372.235
2.28727455882908, 10, 26, 0, 0, -1372.235
2.28705110113134, 10, 37, 0, 0, -1372.235
2.28705110113134, 10, 37, 0, 0, -1372.235
2.28613760332335, 8, 143, 0, 0, -1372.235
2.28243792018979, 9, 91, 0, 0, -1372.235
2.28202463299887, 10, 30, 0, 0, -1372.235
2.27890856073227, 10, 33, 0, 0, -1372.235
2.27551895373653, 10, 45, 0, 0, -1372.235
2.27436438624935, 10, 62, 0, 0, -1372.235
2.2703923670522, 8, 67, 0, 0, -1372.235
2.26963409601936, 10, 36, 0, 0, -1372.235
2.26810271004995, 9, 62, 0, 0, -1372.235
2.26737126016209, 10, 27, 0, 0, -1372.235
2.26614808815124, 9, 74, 0, 0, -1372.235
2.25879161009377, 10, 45, 0, 0, -1372.235
2.25365367028982, 10, 56, 0, 0, -1372.235
2.2532165091578, 10, 36, 0, 0, -1372.235
2.24934202629347, 10, 8, 0, 0, -1372.235
2.24928368845649, 8, 125, 0, 0, -1372.235
2.24856718460908, 9, 56, 0, 0, -1372.235
2.24717474183035, 9, 48, 0, 0, -1372.235
2.24246800635624, 10, 46, 0, 0, -1372.235
2.24173182396287, 9, 51, 0, 0, -1372.235
2.2393956344949, 10, 25, 0, 0, -1372.235
2.23631374296251, 10, 25, 0, 0, -1372.235
2.23507420416647, 10, 50, 0, 0, -1372.235
2.23212716618555, 5, 1406, 0, 0, -1372.235
2.23130919682671, 10, 20, 0, 0, -1372.235
2.23060215702374, 9, 62, 0, 0, -1372.235
2.23046917100452, 10, 22, 0, 0, -1372.235
2.22056346158378, 9, 46, 0, 0, -1372.235
2.22041394335966, 8, 262, 0, 0, -1372.235
2.21781966132919, 10, 39, 0, 0, -1372.235
2.21645857682027, 10, 27, 0, 0, -1372.235
2.21382488255945, 10, 77, 0, 0, -1372.235
2.2115799374308, 10, 42, 0, 0, -1372.235
2.20729805217294, 5, 1425, 0, 0, -1372.235
2.20239820006604, 8, 192, 0, 0, -1372.235
2.20074866287295, 10, 59, 0, 0, -1372.235
2.20070480553795, 10, 36, 0, 0, -1372.235
2.19958311956883, 10, 6, 0, 0, -1372.235
2.19891400488293, 5, 1031, 0, 0, -1372.235
2.19821213175074, 3, 6553, 0, 0, -1372.235
2.19531193295127, 10, 20, 0, 0, -1372.235
2.1941066096856, 10, 38, 0, 0, -1372.235
2.18739544262398, 10, 41, 0, 0, -1372.235
2.18586883468528, 10, 55, 0, 0, -1372.235
2.18570881691746, 8, 267, 0, 0, -1372.235
2.18476473757451, 8, 138, 0, 0, -1372.235
2.18155214834614, 8, 226, 0, 0, -1372.235
2.17876829359039, 10, 46, 0, 0, -1372.235
2.17511191371355, 10, 31, 0, 0, -1372.235
2.17329158608116, 10, 19, 0, 0, -1372.235
2.1728374310236, 8, 106, 0, 0, -1372.235
2.1712561179667, 8, 129, 0, 0, -1372.235
2.17101287721508, 3, 4378, 0, 0, -1372.235
2.16993941372109, 10, 56, 0, 0, -1372.235
2.16824405869949, 10, 21, 0, 0, -1372.235
2.16415070971649, 10, 51, 0, 0, -1372.235
2.15938505088364, 8, 61, 0, 0, -1372.235
2.15585774977568, 10, 29, 0, 0, -1372.235
2.15280958860496, 10, 44, 0, 0, -1372.235
2.14318840661911, 9, 48, 0, 0, -1372.235
2.14190381100217, 10, 30, 0, 0, -1372.235
2.14081553985301, 10, 44, 0, 0, -1372.235
2.14060427790527, 9, 88, 0, 0, -1372.235
2.13694166904835, 10, 29, 0, 0, -1372.235
2.12893722671914, 10, 18, 0, 0, -1372.235
2.12638569523849, 10, 63, 0, 0, -1372.235
2.12406151529476, 9, 38, 0, 0, -1372.235
2.12216092822741, 10, 31, 0, 0, -1372.235
2.11917638922574, 9, 45, 0, 0, -1372.235
2.11528491514493, 9, 71, 0, 0, -1372.235
2.10316336546033, 10, 21, 0, 0, -1372.235
2.0799074738194, 6, 563, 0, 0, -1372.235
2.0780540281499, 9, 89, 0, 0, -1372.235
2.07561740693057, 10, 12, 0, 0, -1372.235
2.06918515106813, 10, 24, 0, 0, -1372.235
2.06744848575477, 9, 54, 0, 0, -1372.235
2.06141732853032, 8, 150, 0, 0, -1372.235
2.05005456380065, 10, 38, 0, 0, -1372.235
2.04806540846598, 8, 65, 0, 0, -1372.235
2.04790998476265, 9, 52, 0, 0, -1372.235
2.04429137437186, 10, 15, 0, 0, -1372.235
2.04242840297928, 9, 68, 0, 0, -1372.235
2.037044946525, 8, 172, 0, 0, -1372.235
2.03267790172309, 10, 41, 0, 0, -1372.235
2.02925319849648, 10, 48, 0, 0, -1372.235
2.02895449586479, 9, 56, 0, 0, -1372.235
2.0284224003632, 10, 31, 0, 0, -1372.235
2.0262458662067, 8, 134, 0, 0, -1372.235
2.0238405890994, 10, 23, 0, 0, -1372.235
2.01370339341902, 10, 47, 0, 0, -1372.235
2.0077328888083, 10, 40, 0, 0, -1372.235
2.00610113448668, 9, 36, 0, 0, -1372.235
2.00254978498479, 9, 80, 0, 0, -1372.235
2.00088805503902, 10, 44, 0, 0, -1372.235
1.99840221863915, 7, 294, 0, 0, -1372.235
1.99537170531708, 10, 47, 0, 0, -1372.235
1.99409337302064, 10, 10, 0, 0, -1372.235
1.98900089729472, 10, 26, 0, 0, -1372.235
1.98738644693328, 10, 46, 0, 0, -1372.235
1.98715925717371, 9, 99, 0, 0, -1372.235
1.97976369761728, 7, 280, 0, 0, -1372.235
1.97627716869667, 9, 56, 0, 0, -1372.235
1.97623409215102, 9, 12, 0, 0, -1372.235
1.97525056903013, 10, 50, 0, 0, -1372.235
1.97221086805499, 10, 28, 0, 0, -1372.235
1.97017880661065, 9, 93, 0, 0, -1372.235
1.96566986353042, 9, 80, 0, 0, -1372.235
1.9572453014326, 8, 172, 0, 0, -1372.235
1.95576514197359, 6, 614, 0, 0, -1372.235
1.95488958777248, 10, 63, 0, 0, -1372.235
1.95226224448152, 10, 32, 0, 0, -1372.235
1.95099345633836, 9, 96, 0, 0, -1372.235
1.9479798082458, 10, 27, 0, 0, -1372.235
1.94558245324824, 8, 118, 0, 0, -1372.235
1.94515221122695, 10, 49, 0, 0, -1372.235
1.94420866126177, 7, 259, 0, 0, -1372.235
1.94178060610183, 10, 44, 0, 0, -1372.235
1.93678438137202, 9, 44, 0, 0, -1372.235
1.93483911745829, 10, 40, 0, 0, -1372.235
1.93292425992787, 10, 57, 0, 0, -1372.235
1.92840309402138, 8, 132, 0, 0, -1372.235
1.92773877977027, 10, 42, 0, 0, -1372.235
1.92668181562955, 9, 79, 0, 0, -1372.235
1.92216477710814, 10, 28, 0, 0, -1372.235
1.92213197935684, 9, 83, 0, 0, -1372.235
1.92185798103568, 10, 22, 0, 0, -1372.235
1.92033102006233, 9, 89, 0, 0, -1372.235
1.91952697946635, 9, 82, 0, 0, -1372.235
1.91940273480154, 8, 143, 0, 0, -1372.235
1.9170902856404, 10, 28, 0, 0, -1372.235
1.91669336055032, 10, 59, 0, 0, -1372.235
1.91301117295013, 10, 29, 0, 0, -1372.235
1.91131962603722, 10, 40, 0, 0, -1372.235
1.90782727776101, 9, 42, 0, 0, -1372.235
1.90594854905398, 10, 16, 0, 0, -1372.235
1.9022385920033, 9, 97, 0, 0, -1372.235
1.90212614284031, 10, 31, 0, 0, -1372.235
1.89963566523489, 10, 23, 0, 0, -1372.235
1.89884509170417, 8, 97, 0, 0, -1372.235
1.89450219044524, 10, 59, 0, 0, -1372.235
1.89408951380554, 9, 46, 0, 0, -1372.235
1.89260683757235, 8, 153, 0, 0, -1372.235
1.89213571182423, 9, 49, 0, 0, -1372.235
1.88162889885434, 10, 53, 0, 0, -1372.235
1.87718517330253, 9, 106, 0, 0, -1372.235
1.87261988713122, 10, 30, 0, 0, -1372.235
1.87165257032158, 10, 34, 0, 0, -1372.235
1.87140288787886, 10, 49, 0, 0, -1372.235
1.86977918963969, 9, 58, 0, 0, -1372.235
1.86891415804597, 9, 52, 0, 0, -1372.235
1.86160270838768, 10, 15, 0, 0, -1372.235
1.86078018358166, 10, 44, 0, 0, -1372.235
1.85808880218734, 9, 74, 0, 0, -1372.235
1.85657788450511, 10, 25, 0, 0, -1372.235
1.85524797057342, 10, 18, 0, 0, -1372.235
1.85435538323585, 8, 125, 0, 0, -1372.235
1.84527223290409, 6, 549, 0, 0, -1372.235
1.84218877497763, 10, 39, 0, 0, -1372.235
1.84180965070938, 10, 17, 0, 0, -1372.235
1.83917248507, 6, 661, 0, 0, -1372.235
1.83415445414984, 10, 52, 0, 0, -1372.235
1.83371218576157, 9, 68, 0, 0, -1372.235
1.83136260660306, 5, 660, 0, 0, -1372.235
1.82356089490252, 7, 375, 0, 0, -1372.235
1.81928111229185, 10, 37, 0, 0, -1372.235
1.81473460435153, 10, 26, 0, 0, -1372.235
1.81205089049196, 10, 17, 0, 0, -1372.235
1.80927904844597, 10, 5, 0, 0, -1372.235
1.8082414750082, 9, 78, 0, 0, -1372.235
1.80803560508129, 7, 196, 0, 0, -1372.235
1.80734365902403, 9, 25, 0, 0, -1372.235
1.80653781720362, 10, 15, 0, 0, -1372.235
1.80605571661603, 10, 46, 0, 0, -1372.235
1.80461564386389, 9, 105, 0, 0, -1372.235
1.80441147065593, 8, 144, 0, 0, -1372.235
1.80441147065591, 8, 144, 0, 0, -1372.235
1.79896990897314, 10, 29, 0, 0, -1372.235
1.79845498689692, 10, 37, 0, 0, -1372.235
1.79842407740647, 10, 24, 0, 0, -1372.235
1.79334909961978, 10, 13, 0, 0, -1372.235
1.79322031628944, 8, 126, 0, 0, -1372.235
1.78792394000268, 9, 69, 0, 0, -1372.235
1.78578759443463, 9, 67, 0, 0, -1372.235
1.7788863334514, 8, 194, 0, 0, -1372.235
1.77611013785146, 7, 448, 0, 0, -1372.235
1.77430231473404, 8, 203, 0, 0, -1372.235
1.77422300684925, 10, 28, 0, 0, -1372.235
1.76877205643311, 10, 48, 0, 0, -1372.235
1.76664009717235, 10, 55, 0, 0, -1372.235
1.76521131732285, 5, 1342, 0, 0, -1372.235
1.76519404899859, 9, 48, 0, 0, -1372.235
1.76245567147663, 10, 16, 0, 0, -1372.235
1.76118987927693, 10, 31, 0, 0, -1372.235
1.76095910211896, 7, 168, 0, 0, -1372.235
1.76041122645262, 6, 408, 0, 0, -1372.235
1.75695535146895, 10, 86, 0, 0, -1372.235
1.75632283312399, 10, 59, 0, 0, -1372.235
1.75529340324825, 10, 33, 0, 0, -1372.235
1.75139903795675, 10, 34, 0, 0, -1372.235
1.74956082515684, 9, 92, 0, 0, -1372.235
1.74875337335899, 7, 204, 0, 0, -1372.235
1.74729671590313, 9, 67, 0, 0, -1372.235
1.74455860207031, 9, 58, 0, 0, -1372.235
1.74102546014244, 10, 48, 0, 0, -1372.235
1.7380284426922, 9, 51, 0, 0, -1372.235
1.73682706846439, 10, 59, 0, 0, -1372.235
1.73558867833974, 9, 45, 0, 0, -1372.235
1.73384160879274, 6, 469, 0, 0, -1372.235
1.73208612523421, 9, 52, 0, 0, -1372.235
1.73208612523421, 9, 52, 0, 0, -1372.235
1.73186311277412, 10, 42, 0, 0, -1372.235
1.73076687602289, 6, 470, 0, 0, -1372.235
1.7302857778595, 9, 9, 0, 0, -1372.235
1.72983969321198, 9, 83, 0, 0, -1372.235
1.72841397105813, 10, 18, 0, 0, -1372.235
1.72841397105813, 10, 18, 0, 0, -1372.235
1.7258383600574, 10, 45, 0, 0, -1372.235
1.72335164835465, 7, 241, 0, 0, -1372.235
1.72084578278721, 7, 264, 0, 0, -1372.235
1.71784696605339, 10, 28, 0, 0, -1372.235
1.71753365619122, 10, 35, 0, 0, -1372.235
1.71432818631985, 9, 113, 0, 0, -1372.235
1.70961333255594, 10, 50, 0, 0, -1372.235
1.70950687699825, 9, 58, 0, 0, -1372.235
1.70882357390124, 9, 63, 0, 0, -1372.235
1.7060184433759, 9, 78, 0, 0, -1372.235
1.70262514149994, 9, 99, 0, 0, -1372.235
1.70052585476167, 7, 472, 0, 0, -1372.235
1.70024780773297, 8, 174, 0, 0, -1372.235
1.69538051354965, 10, 40, 0, 0, -1372.235
1.69244496647484, 10, 40, 0, 0, -1372.235
1.6910324254484, 10, 54, 0, 0, -1372.235
1.68993841712608, 9, 75, 0, 0, -1372.235
1.68878742673987, 10, 49, 0, 0, -1372.235
1.68851805397054, 8, 188, 0, 0, -1372.235
1.68842472863635, 9, 100, 0, 0, -1372.235
1.67768289150361, 10, 36, 0, 0, -1372.235
1.67721582015122, 10, 17, 0, 0, -1372.235
1.67602456910393, 10, 31, 0, 0, -1372.235
1.6754549780521, 9, 122, 0, 0, -1372.235
1.6660177812917, 9, 88, 0, 0, -1372.235
1.66010527893416, 9, 54, 0, 0, -1372.235
1.66001832336403, 9, 106, 0, 0, -1372.235
1.65858813019004, 6, 607, 0, 0, -1372.235
1.65342521644253, 10, 29, 0, 0, -1372.235
1.65129259267449, 9, 52, 0, 0, -1372.235
1.64885018389043, 10, 47, 0, 0, -1372.235
1.64800795780029, 10, 33, 0, 0, -1372.235
1.64328223805864, 10, 43, 0, 0, -1372.235
1.64118883961549, 10, 53, 0, 0, -1372.235
1.63757755198225, 10, 27, 0, 0, -1372.235
1.63714226404902, 10, 29, 0, 0, -1372.235
1.63566075726722, 10, 71, 0, 0, -1372.235
1.63553233425952, 10, 35, 0, 0, -1372.235
1.63143417848958, 10, 94, 0, 0, -1372.235
1.63123823761489, 10, 20, 0, 0, -1372.235
1.63110782061821, 9, 85, 0, 0, -1372.235
1.63087141830127, 10, 31, 0, 0, -1372.235
1.63028188325683, 9, 28, 0, 0, -1372.235
1.6273693370518, 6, 621, 0, 0, -1372.235
1.62359905147183, 10, 83, 0, 0, -1372.235
1.62098804248362, 10, 40, 0, 0, -1372.235
1.62030281666366, 9, 127, 0, 0, -1372.235
1.61744893311555, 10, 29, 0, 0, -1372.235
1.61722007674322, 10, 31, 0, 0, -1372.235
1.61349496582596, 3, 6251, 0, 0, -1372.235
1.61309467010163, 10, 23, 0, 0, -1372.235
1.61243794438194, 10, 21, 0, 0, -1372.235
1.6071993429043, 9, 125, 0, 0, -1372.235
1.60684232295905, 10, 41, 0, 0, -1372.235
1.60591775350644, 5, 1275, 0, 0, -1372.235
1.6025586591557, 10, 30, 0, 0, -1372.235
1.59829266840036, 9, 60, 0, 0, -1372.235
1.59443171316061, 10, 45, 0, 0, -1372.235
1.5938789848147, 9, 51, 0, 0, -1372.235
1.59319118058055, 9, 89, 0, 0, -1372.235
1.59103728846047, 8, 54, 0, 0, -1372.235
1.59041762770625, 9, 22, 0, 0, -1372.235
1.59032150237305, 9, 60, 0, 0, -1372.235
1.5892065060677, 10, 29, 0, 0, -1372.235
1.58699286836509, 10, 50, 0, 0, -1372.235
1.58624362476253, 5, 1294, 0, 0, -1372.235
1.58012168085986, 9, 105, 0, 0, -1372.235
1.57874623367524, 9, 82, 0, 0, -1372.235
1.57851591328985, 10, 52, 0, 0, -1372.235
1.57406084034048, 10, 25, 0, 0, -1372.235
1.57318926160122, 10, 28, 0, 0, -1372.235
1.57253697420609, 10, 26, 0, 0, -1372.235
1.57131660881949, 8, 75, 0, 0, -1372.235
1.56692686836304, 7, 236, 0, 0, -1372.235
1.56606300488282, 10, 40, 0, 0, -1372.235
1.5612331333606, 7, 337, 0, 0, -1372.235
1.55936184144089, 10, 31, 0, 0, -1372.235
1.55497271619228, 9, 16, 0, 0, -1372.235
1.55118350223922, 8, 144, 0, 0, -1372.235
1.54807803938255, 10, 33, 0, 0, -1372.235
1.54696286408073, 9, 67, 0, 0, -1372.235
1.54303518122088, 10, 68, 0, 0, -1372.235
1.54212096445132, 9, 10, 0, 0, -1372.235
1.53928356255845, 10, 51, 0, 0, -1372.235
1.53688044624225, 10, 45, 0, 0, -1372.235
1.53298997461692, 10, 56, 0, 0, -1372.235
1.53029104043663, 6, 596, 0, 0, -1372.235
1.52882060240072, 10, 20, 0, 0, -1372.235
1.52588214938548, 10, 47, 0, 0, -1372.235
1.52546886187367, 8, 179, 0, 0, -1372.235
1.52278120249397, 5, 581, 0, 0, -1372.235
1.52156810600784, 7, 466, 0, 0, -1372.235
1.52093002797213, 9, 96, 0, 0, -1372.235
1.51781349432524, 9, 61, 0, 0, -1372.235
1.51331493319602, 9, 93, 0, 0, -1372.235
1.51140684731324, 7, 205, 0, 0, -1372.235
1.51053140311658, 10, 33, 0, 0, -1372.235
1.50930334618516, 8, 139, 0, 0, -1372.235
1.50840390177208, 10, 16, 0, 0, -1372.235
1.5082826731361, 10, 23, 0, 0, -1372.235
1.50607890618554, 9, 132, 0, 0, -1372.235
1.5054659020925, 8, 107, 0, 0, -1372.235
1.50448564979209, 8, 182, 0, 0, -1372.235
1.50369225368476, 8, 236, 0, 0, -1372.235
1.50272159195442, 9, 110, 0, 0, -1372.235
1.49706156766214, 9, 34, 0, 0, -1372.235
1.49250067020371, 10, 40, 0, 0, -1372.235
1.49176193323811, 10, 53, 0, 0, -1372.235
1.4898422018793, 8, 240, 0, 0, -1372.235
1.48770392599579, 9, 65, 0, 0, -1372.235
1.48615748581036, 10, 17, 0, 0, -1372.235
1.48586271683803, 10, 22, 0, 0, -1372.235
1.48352580750728, 10, 19, 0, 0, -1372.235
1.48247422946398, 6, 856, 0, 0, -1372.235
1.4820474195901, 8, 86, 0, 0, -1372.235
1.48129685210698, 10, 31, 0, 0, -1372.235
1.47966296797165, 9, 108, 0, 0, -1372.235
1.4784346633952, 8, 135, 0, 0, -1372.235
1.47446853820097, 10, 43, 0, 0, -1372.235
1.47344529873923, 10, 40, 0, 0, -1372.235
1.46915594407373, 9, 50, 0, 0, -1372.235
1.4690110185803, 8, 165, 0, 0, -1372.235
1.45977151773521, 6, 872, 0, 0, -1372.235
1.458015385063, 10, 27, 0, 0, -1372.235
1.45754066300085, 7, 346, 0, 0, -1372.235
1.4569171005645, 10, 47, 0, 0, -1372.235
1.45645441139049, 10, 41, 0, 0, -1372.235
1.45494485949015, 9, 85, 0, 0, -1372.235
1.45413030470556, 10, 20, 0, 0, -1372.235
1.450642689373, 7, 212, 0, 0, -1372.235
1.44751379358319, 9, 91, 0, 0, -1372.235
1.44693154193561, 10, 29, 0, 0, -1372.235
1.44541160482996, 10, 55, 0, 0, -1372.235
1.4408328332747, 9, 86, 0, 0, -1372.235
1.43932261125416, 9, 75, 0, 0, -1372.235
1.43803926114914, 10, 21, 0, 0, -1372.235
1.43435778570883, 9, 70, 0, 0, -1372.235
1.43157912838638, 10, 48, 0, 0, -1372.235
1.42867043442114, 10, 25, 0, 0, -1372.235
1.42442746061324, 10, 19, 0, 0, -1372.235
1.42233787315364, 10, 15, 0, 0, -1372.235
1.41987427653412, 6, 363, 0, 0, -1372.235
1.41727487221128, 9, 60, 0, 0, -1372.235
1.41617476949908, 10, 36, 0, 0, -1372.235
1.41506534252048, 10, 32, 0, 0, -1372.235
1.40784321106841, 10, 43, 0, 0, -1372.235
1.40643295886328, 9, 79, 0, 0, -1372.235
1.40068878119681, 8, 42, 0, 0, -1372.235
1.39931359687077, 10, 22, 0, 0, -1372.235
1.39897166032161, 8, 163, 0, 0, -1372.235
1.39872366695728, 5, 912, 0, 0, -1372.235
1.39758964238603, 10, 35, 0, 0, -1372.235
1.39655107899918, 10, 41, 0, 0, -1372.235
1.39429082546839, 10, 81, 0, 0, -1372.235
1.38799860212656, 10, 63, 0, 0, -1372.235
1.38386875327008, 10, 23, 0, 0, -1372.235
1.38357295996632, 8, 172, 0, 0, -1372.235
1.38330966176409, 10, 37, 0, 0, -1372.235
1.38225132590666, 10, 51, 0, 0, -1372.235
1.38099417372881, 8, 64, 0, 0, -1372.235
1.37919784766015, 9, 55, 0, 0, -1372.235
1.37910580085128, 10, 25, 0, 0, -1372.235
1.37719822991083, 8, 68, 0, 0, -1372.235
1.37112038945666, 7, 277, 0, 0, -1372.235
1.35298326356854, 10, 11, 0, 0, -1372.235
1.35218820378525, 10, 30, 0, 0, -1372.235
1.3521235441069, 10, 13, 0, 0, -1372.235
1.34757340703581, 8, 183, 0, 0, -1372.235
1.34744184807158, 9, 57, 0, 0, -1372.235
1.34411556748574, 10, 33, 0, 0, -1372.235
1.34298669821405, 10, 38, 0, 0, -1372.235
1.33992017954562, 10, 27, 0, 0, -1372.235
1.3399026168941, 10, 46, 0, 0, -1372.235
1.33725859239639, 9, 70, 0, 0, -1372.235
1.33678637944759, 10, 17, 0, 0, -1372.235
1.33675826413612, 9, 56, 0, 0, -1372.235
1.33545993882938, 10, 30, 0, 0, -1372.235
1.33374251855537, 9, 36, 0, 0, -1372.235
1.32924632251291, 9, 17, 0, 0, -1372.235
1.32328051040529, 10, 46, 0, 0, -1372.235
1.32223600165476, 9, 36, 0, 0, -1372.235
1.32141207415515, 9, 79, 0, 0, -1372.235
1.32000828289304, 9, 58, 0, 0, -1372.235
1.31835393632191, 9, 50, 0, 0, -1372.235
1.31610300310678, 10, 47, 0, 0, -1372.235
1.30750235338899, 10, 20, 0, 0, -1372.235
1.30202136176119, 10, 21, 0, 0, -1372.235
1.29977118194557, 10, 49, 0, 0, -1372.235
1.29924568171924, 8, 170, 0, 0, -1372.235
1.29880512223456, 10, 49, 0, 0, -1372.235
1.2974985997083, 9, 51, 0, 0, -1372.235
1.2927656270534, 10, 26, 0, 0, -1372.235
1.29158161928766, 7, 354, 0, 0, -1372.235
1.29157849201532, 10, 49, 0, 0, -1372.235
1.28664383705059, 8, 172, 0, 0, -1372.235
1.28498053478938, 10, 28, 0, 0, -1372.235
1.2843230970585, 9, 128, 0, 0, -1372.235
1.28062373088258, 9, 19, 0, 0, -1372.235
1.27979828554843, 10, 35, 0, 0, -1372.235
1.27424765708795, 10, 42, 0, 0, -1372.235
1.27290252844973, 10, 43, 0, 0, -1372.235
1.27211095958196, 8, 212, 0, 0, -1372.235
1.27129919486026, 9, 33, 0, 0, -1372.235
1.27114708425067, 10, 14, 0, 0, -1372.235
1.27099838940893, 10, 44, 0, 0, -1372.235
1.26989447322191, 10, 41, 0, 0, -1372.235
1.2694402373651, 9, 90, 0, 0, -1372.235
1.26918069413543, 9, 59, 0, 0, -1372.235
1.26354468872739, 8, 163, 0, 0, -1372.235
1.26091588824613, 9, 235, 0, 0, -1372.235
1.25989141189627, 10, 57, 0, 0, -1372.235
1.25869242569843, 8, 138, 0, 0, -1372.235
1.25802278376955, 7, 324, 0, 0, -1372.235
1.24792376811041, 10, 44, 0, 0, -1372.235
1.24400507740808, 6, 265, 0, 0, -1372.235
1.24312044289487, 10, 29, 0, 0, -1372.235
1.24207007962863, 7, 329, 0, 0, -1372.235
1.23926917575271, 9, 13, 0, 0, -1372.235
1.23729418571039, 9, 92, 0, 0, -1372.235
1.23547528519753, 9, 115, 0, 0, -1372.235
1.2317389720085, 10, 38, 0, 0, -1372.235
1.23130905470499, 10, 33, 0, 0, -1372.235
1.22804178969097, 7, 263, 0, 0, -1372.235
1.22161676870711, 10, 21, 0, 0, -1372.235
1.22136041501376, 9, 34, 0, 0, -1372.235
1.21785068362349, 9, 117, 0, 0, -1372.235
1.21661696516446, 7, 366, 0, 0, -1372.235
1.212070851388, 10, 30, 0, 0, -1372.235
1.21046624959838, 9, 35, 0, 0, -1372.235
1.20672909180978, 6, 700, 0, 0, -1372.235
1.20290434698267, 9, 68, 0, 0, -1372.235
1.20248924839905, 10, 17, 0, 0, -1372.235
1.20105508293857, 10, 34, 0, 0, -1372.235
1.20099593379299, 9, 45, 0, 0, -1372.235
1.20059160340846, 10, 42, 0, 0, -1372.235
1.20020763626176, 10, 17, 0, 0, -1372.235
1.20009108875147, 6, 920, 0, 0, -1372.235
1.20008077911053, 9, 59, 0, 0, -1372.235
1.2000155744628, 10, 30, 0, 0, -1372.235
1.1993936390274, 10, 52, 0, 0, -1372.235
1.19898545980439, 9, 62, 0, 0, -1372.235
1.19802256752463, 9, 59, 0, 0, -1372.235
1.19524530962924, 10, 22, 0, 0, -1372.235
1.19244428004472, 9, 38, 0, 0, -1372.235
1.19213643684108, 7, 434, 0, 0, -1372.235
1.19107016929083, 10, 19, 0, 0, -1372.235
1.19085472818518, 10, 41, 0, 0, -1372.235
1.18892266411071, 10, 29, 0, 0, -1372.235
1.1884991375394, 7, 442, 0, 0, -1372.235
1.18506381167768, 6, 810, 0, 0, -1372.235
1.18348909206913, 10, 39, 0, 0, -1372.235
1.18313241917241, 10, 21, 0, 0, -1372.235
1.18198321906483, 9, 57, 0, 0, -1372.235
1.17863843071355, 9, 85, 0, 0, -1372.235
1.17715468414341, 10, 13, 0, 0, -1372.235
1.1758522042065, 6, 836, 0, 0, -1372.235
1.17391562237058, 10, 47, 0, 0, -1372.235
1.17195196271001, 6, 725, 0, 0, -1372.235
1.16982922592976, 10, 20, 0, 0, -1372.235
1.1685586965551, 10, 26, 0, 0, -1372.235
1.16767956349207, 9, 64, 0, 0, -1372.235
1.16746656037763, 10, 20, 0, 0, -1372.235
1.16490088304494, 10, 24, 0, 0, -1372.235
1.16465768838769, 7, 314, 0, 0, -1372.235
1.16438567479308, 10, 61, 0, 0, -1372.235
1.16364087137645, 8, 100, 0, 0, -1372.235
1.16104490156142, 9, 87, 0, 0, -1372.235
1.15692092442655, 10, 40, 0, 0, -1372.235
1.14713143826097, 10, 52, 0, 0, -1372.235
1.14619627229823, 10, 38, 0, 0, -1372.235
1.14586799836319, 10, 57, 0, 0, -1372.235
1.14446476737215, 10, 45, 0, 0, -1372.235
1.14443674978555, 10, 48, 0, 0, -1372.235
1.14443674978555, 10, 48, 0, 0, -1372.235
1.14432916172082, 7, 135, 0, 0, -1372.235
1.14388149073244, 5, 819, 0, 0, -1372.235
1.14350511521978, 8, 85, 0, 0, -1372.235
1.14005872137314, 10, 48, 0, 0, -1372.235
1.13825266945483, 10, 24, 0, 0, -1372.235
1.138064544775, 10, 20, 0, 0, -1372.235
1.13623988954785, 9, 63, 0, 0, -1372.235
1.13565694907509, 4, 2831, 0, 0, -1372.235
1.13564725029411, 10, 23, 0, 0, -1372.235
1.13511737983867, 10, 32, 0, 0, -1372.235
1.13379209031784, 9, 190, 0, 0, -1372.235
1.13045455609471, 10, 38, 0, 0, -1372.235
1.12670184318599, 10, 29, 0, 0, -1372.235
1.12565597192159, 10, 62, 0, 0, -1372.235
1.12482350932694, 8, 98, 0, 0, -1372.235
1.12344361499315, 9, 92, 0, 0, -1372.235
1.1232026192149, 10, 24, 0, 0, -1372.235
1.12267989111389, 10, 32, 0, 0, -1372.235
1.12107038546131, 6, 482, 0, 0, -1372.235
1.11942864665679, 10, 22, 0, 0, -1372.235
1.11872127815976, 9, 49, 0, 0, -1372.235
1.11259904323615, 9, 48, 0, 0, -1372.235
1.1104891055718, 10, 36, 0, 0, -1372.235
1.10964259523851, 7, 473, 0, 0, -1372.235
1.10653286440949, 9, 34, 0, 0, -1372.235
1.10546653397117, 10, 49, 0, 0, -1372.235
1.10495565007098, 9, 103, 0, 0, -1372.235
1.10451137933828, 7, 154, 0, 0, -1372.235
1.10373455800595, 10, 47, 0, 0, -1372.235
1.10331060477803, 9, 88, 0, 0, -1372.235
1.10241852101212, 9, 96, 0, 0, -1372.235
1.10059917557841, 10, 40, 0, 0, -1372.235
1.09949055435122, 8, 104, 0, 0, -1372.235
1.09934597894123, 10, 25, 0, 0, -1372.235
1.09889236836019, 10, 29, 0, 0, -1372.235
1.09863111875981, 6, 907, 0, 0, -1372.235
1.09743397454686, 9, 78, 0, 0, -1372.235
1.09679100918006, 10, 26, 0, 0, -1372.235
1.09642062025301, 9, 76, 0, 0, -1372.235
1.09604226710493, 10, 19, 0, 0, -1372.235
1.09364485269318, 9, 49, 0, 0, -1372.235
1.09352129607318, 9, 93, 0, 0, -1372.235
1.0927206348383, 10, 21, 0, 0, -1372.235
1.08765773734664, 10, 50, 0, 0, -1372.235
1.08558480359468, 9, 50, 0, 0, -1372.235
1.08553407829999, 7, 197, 0, 0, -1372.235
1.08304602785801, 8, 207, 0, 0, -1372.235
1.08284075949753, 9, 90, 0, 0, -1372.235
1.08253770531622, 9, 108, 0, 0, -1372.235
1.0770106953539, 10, 56, 0, 0, -1372.235
1.07677201248701, 7, 345, 0, 0, -1372.235
1.0755225728964, 9, 109, 0, 0, -1372.235
1.07497415910613, 9, 97, 0, 0, -1372.235
1.07374083705099, 8, 107, 0, 0, -1372.235
1.07224297068013, 10, 16, 0, 0, -1372.235
1.07198331271654, 9, 75, 0, 0, -1372.235
1.07028757885413, 10, 9, 0, 0, -1372.235
1.06972247921543, 8, 261, 0, 0, -1372.235
1.06922027695943, 10, 51, 0, 0, -1372.235
1.06755515250188, 10, 33, 0, 0, -1372.235
1.06678566322031, 10, 24, 0, 0, -1372.235
1.06604498395436, 8, 246, 0, 0, -1372.235
1.06509752080068, 6, 608, 0, 0, -1372.235
1.06280805281347, 10, 35, 0, 0, -1372.235
1.06280670356635, 7, 118, 0, 0, -1372.235
1.06187677195914, 10, 19, 0, 0, -1372.235
1.0610916373167, 10, 41, 0, 0, -1372.235
1.060488399176, 10, 37, 0, 0, -1372.235
1.06015639239093, 9, 63, 0, 0, -1372.235
1.05729383179262, 10, 23, 0, 0, -1372.235
1.05567697583579, 9, 110, 0, 0, -1372.235
1.05282792513297, 10, 54, 0, 0, -1372.235
1.04876110842924, 10, 45, 0, 0, -1372.235
1.04589287717542, 7, 456, 0, 0, -1372.235
1.04421485770528, 8, 190, 0, 0, -1372.235
1.04408726358356, 10, 52, 0, 0, -1372.235
1.04221598551522, 9, 68, 0, 0, -1372.235
1.04196910754375, 10, 50, 0, 0, -1372.235
1.0411323692455, 10, 24, 0, 0, -1372.235
1.03754445754318, 10, 18, 0, 0, -1372.235
1.03622833340712, 10, 43, 0, 0, -1372.235
1.03325227918672, 9, 23, 0, 0, -1372.235
1.03251579826599, 10, 28, 0, 0, -1372.235
1.031838136977, 10, 27, 0, 0, -1372.235
1.02775981818534, 8, 176, 0, 0, -1372.235
1.02764479376518, 10, 53, 0, 0, -1372.235
1.02673819488818, 9, 71, 0, 0, -1372.235
1.02447766764033, 10, 28, 0, 0, -1372.235
1.01927485583067, 10, 18, 0, 0, -1372.235
1.01803502408077, 8, 100, 0, 0, -1372.235
1.01803502408076, 8, 100, 0, 0, -1372.235
1.01413234843777, 10, 72, 0, 0, -1372.235
1.01248745510619, 8, 62, 0, 0, -1372.235
1.00461197201793, 10, 55, 0, 0, -1372.235
1.00027179243013, 9, 61, 0, 0, -1372.235
0.998096053161872, 10, 33, 0, 0, -1372.235
0.995950707267537, 6, 659, 0, 0, -1372.235
0.995904313591578, 6, 598, 0, 0, -1372.235
0.993604417268167, 10, 27, 0, 0, -1372.235
0.986893367997206, 10, 12, 0, 0, -1372.235
0.986809094162138, 9, 62, 0, 0, -1372.235
0.986318510955509, 10, 23, 0, 0, -1372.235
0.984237871401017, 10, 27, 0, 0, -1372.235
0.978989268388798, 7, 223, 0, 0, -1372.235
0.97607696137764, 9, 80, 0, 0, -1372.235
0.974860646671415, 10, 37, 0, 0, -1372.235
0.974826558182064, 10, 30, 0, 0, -1372.235
0.974535800456248, 8, 96, 0, 0, -1372.235
0.974091522467005, 9, 98, 0, 0, -1372.235
0.972924229393655, 10, 20, 0, 0, -1372.235
0.969231764329074, 9, 45, 0, 0, -1372.235
0.964802453475603, 10, 27, 0, 0, -1372.235
0.96331476537803, 7, 196, 0, 0, -1372.235
0.962248343981749, 10, 39, 0, 0, -1372.235
0.959632844190793, 9, 71, 0, 0, -1372.235
0.959013717822637, 10, 35, 0, 0, -1372.235
0.955482474599625, 10, 38, 0, 0, -1372.235
0.950644065967616, 9, 86, 0, 0, -1372.235
0.950332261235737, 10, 20, 0, 0, -1372.235
0.949956668287329, 9, 95, 0, 0, -1372.235
0.949368606006617, 8, 213, 0, 0, -1372.235
0.948907239128595, 10, 31, 0, 0, -1372.235
0.94551276244221, 9, 84, 0, 0, -1372.235
0.943593569477106, 8, 121, 0, 0, -1372.235
0.94194127018993, 8, 100, 0, 0, -1372.235
0.941222998452494, 8, 188, 0, 0, -1372.235
0.936001424909944, 10, 28, 0, 0, -1372.235
0.934579496472473, 10, 49, 0, 0, -1372.235
0.934059891990345, 8, 140, 0, 0, -1372.235
0.931948733728172, 10, 62, 0, 0, -1372.235
0.93106192281074, 10, 56, 0, 0, -1372.235
0.92965095282903, 10, 78, 0, 0, -1372.235
0.927338328520186, 10, 29, 0, 0, -1372.235
0.925773096097399, 10, 30, 0, 0, -1372.235
0.925431028622896, 8, 115, 0, 0, -1372.235
0.922970451731141, 10, 41, 0, 0, -1372.235
0.92252080707114, 10, 46, 0, 0, -1372.235
0.921631811188732, 9, 111, 0, 0, -1372.235
0.918175819265646, 9, 54, 0, 0, -1372.235
0.917903012226419, 10, 44, 0, 0, -1372.235
0.914941627741151, 9, 90, 0, 0, -1372.235
0.913233796296307, 10, 64, 0, 0, -1372.235
0.911921234207098, 7, 232, 0, 0, -1372.235
0.911046183953524, 9, 76, 0, 0, -1372.235
0.910713489834951, 10, 38, 0, 0, -1372.235
0.907322088471984, 9, 101, 0, 0, -1372.235
0.906568213513222, 8, 134, 0, 0, -1372.235
0.906134811072432, 10, 47, 0, 0, -1372.235
0.904100577185697, 4, 3722, 0, 0, -1372.235
0.901187695213608, 9, 133, 0, 0, -1372.235
0.897646982791899, 8, 88, 0, 0, -1372.235
0.895661150416024, 10, 17, 0, 0, -1372.235
0.895661150416024, 10, 17, 0, 0, -1372.235
0.894842594131915, 7, 570, 0, 0, -1372.235
0.89393066679527, 10, 27, 0, 0, -1372.235
0.891439578200388, 10, 59, 0, 0, -1372.235
0.887046566710563, 10, 27, 0, 0, -1372.235
0.886518795565017, 7, 240, 0, 0, -1372.235
0.885928324809537, 6, 196, 0, 0, -1372.235
0.882195047681064, 9, 51, 0, 0, -1372.235
0.880211078784462, 10, 39, 0, 0, -1372.235
0.878183417632873, 7, 583, 0, 0, -1372.235
0.877262007899355, 10, 43, 0, 0, -1372.235
0.87329952733268, 10, 61, 0, 0, -1372.235
0.872122245779559, 10, 44, 0, 0, -1372.235
0.871445603414149, 10, 28, 0, 0, -1372.235
0.866382947738151, 4, 1763, 0, 0, -1372.235
0.865095374061807, 9, 58, 0, 0, -1372.235
0.864663085768138, 10, 73, 0, 0, -1372.235
0.861999290642942, 10, 24, 0, 0, -1372.235
0.858107915871992, 9, 36, 0, 0, -1372.235
0.856971636143244, 9, 86, 0, 0, -1372.235
0.853353959119387, 9, 65, 0, 0, -1372.235
0.853334242451782, 9, 94, 0, 0, -1372.235
0.852945697844427, 7, 210, 0, 0, -1372.235
0.852719651997021, 9, 126, 0, 0, -1372.235
0.852659368775916, 9, 47, 0, 0, -1372.235
0.847423711649615, 8, 324, 0, 0, -1372.235
0.846403462830916, 8, 84, 0, 0, -1372.235
0.846331121249922, 10, 29, 0, 0, -1372.235
0.839789176201848, 10, 36, 0, 0, -1372.235
0.839385681545003, 10, 32, 0, 0, -1372.235
0.838674579479687, 9, 111, 0, 0, -1372.235
0.837780164234754, 10, 19, 0, 0, -1372.235
0.83320222011595, 10, 48, 0, 0, -1372.235
0.82871762202444, 9, 94, 0, 0, -1372.235
0.828180717272799, 9, 112, 0, 0, -1372.235
0.827760847516172, 10, 37, 0, 0, -1372.235
0.826530193892872, 10, 60, 0, 0, -1372.235
0.823660951857912, 10, 45, 0, 0, -1372.235
0.81581253194807, 9, 89, 0, 0, -1372.235
0.813989887919676, 9, 87, 0, 0, -1372.235
0.811919026355473, 10, 31, 0, 0, -1372.235
0.810672695853673, 8, 127, 0, 0, -1372.235
0.806506905644476, 10, 20, 0, 0, -1372.235
0.805434784105486, 10, 27, 0, 0, -1372.235
0.805334643676362, 7, 243, 0, 0, -1372.235
0.804154407144168, 8, 155, 0, 0, -1372.235
0.800735734846559, 10, 23, 0, 0, -1372.235
0.798106830139286, 10, 35, 0, 0, -1372.235
0.791340547045444, 6, 788, 0, 0, -1372.235
0.788600804032187, 9, 120, 0, 0, -1372.235
0.787800858167847, 10, 13, 0, 0, -1372.235
0.787008075109185, 9, 71, 0, 0, -1372.235
0.786484005970531, 8, 143, 0, 0, -1372.235
0.784404787991294, 8, 28, 0, 0, -1372.235
0.783633976863889, 9, 72, 0, 0, -1372.235
0.782481299808541, 9, 63, 0, 0, -1372.235
0.782025955069012, 8, 160, 0, 0, -1372.235
0.78185501372748, 10, 26, 0, 0, -1372.235
0.776859540499214, 10, 74, 0, 0, -1372.235
0.775117113722384, 9, 103, 0, 0, -1372.235
0.77264997698799, 10, 19, 0, 0, -1372.235
0.772404850133835, 10, 27, 0, 0, -1372.235
0.771389458967453, 10, 32, 0, 0, -1372.235
0.770840491993881, 7, 196, 0, 0, -1372.235
0.7679190321153, 9, 103, 0, 0, -1372.235
0.767350919450373, 9, 66, 0, 0, -1372.235
0.767317633302843, 10, 40, 0, 0, -1372.235
0.762031851318285, 10, 18, 0, 0, -1372.235
0.761052892129575, 8, 137, 0, 0, -1372.235
0.760608207156849, 10, 72, 0, 0, -1372.235
0.758885716783303, 10, 19, 0, 0, -1372.235
0.758085023749785, 10, 28, 0, 0, -1372.235
0.754257351507076, 4, 2082, 0, 0, -1372.235
0.751008925748381, 7, 179, 0, 0, -1372.235
0.750644220484653, 10, 19, 0, 0, -1372.235
0.74902917158594, 10, 32, 0, 0, -1372.235
0.748467387847645, 10, 28, 0, 0, -1372.235
0.746817760198167, 8, 206, 0, 0, -1372.235
0.745893266069268, 9, 135, 0, 0, -1372.235
0.745253024342068, 9, 53, 0, 0, -1372.235
0.745153121268157, 10, 35, 0, 0, -1372.235
0.744815431213383, 10, 22, 0, 0, -1372.235
0.743361575392995, 10, 54, 0, 0, -1372.235
0.742070201172935, 9, 62, 0, 0, -1372.235
0.740160368910848, 6, 668, 0, 0, -1372.235
0.739406731576206, 7, 228, 0, 0, -1372.235
0.734665477520713, 6, 674, 0, 0, -1372.235
0.734351780548393, 9, 24, 0, 0, -1372.235
0.734132621848893, 10, 52, 0, 0, -1372.235
0.732830432615313, 9, 177, 0, 0, -1372.235
0.732759448507022, 10, 56, 0, 0, -1372.235
0.725871379775537, 9, 54, 0, 0, -1372.235
0.725590466616097, 10, 54, 0, 0, -1372.235
0.720868771955175, 10, 33, 0, 0, -1372.235
0.718918454753498, 10, 20, 0, 0, -1372.235
0.718535850200907, 10, 33, 0, 0, -1372.235
0.718509612760862, 10, 56, 0, 0, -1372.235
0.714556876567975, 10, 24, 0, 0, -1372.235
0.705523656945835, 9, 73, 0, 0, -1372.235
0.70343348563039, 8, 182, 0, 0, -1372.235
0.701408878213458, 9, 57, 0, 0, -1372.235
0.700881011034353, 10, 34, 0, 0, -1372.235
0.693527438816969, 8, 105, 0, 0, -1372.235
0.689433411844744, 9, 141, 0, 0, -1372.235
0.688070876903623, 8, 106, 0, 0, -1372.235
0.686855736550569, 10, 19, 0, 0, -1372.235
0.686439421128169, 10, 56, 0, 0, -1372.235
0.684632477167952, 10, 46, 0, 0, -1372.235
0.6837795768192, 8, 182, 0, 0, -1372.235
0.682325951752816, 9, 71, 0, 0, -1372.235
0.682204823983151, 10, 37, 0, 0, -1372.235
0.681221095318568, 8, 109, 0, 0, -1372.235
0.675000984181929, 10, 56, 0, 0, -1372.235
0.672271924655179, 10, 26, 0, 0, -1372.235
0.671426488733579, 10, 25, 0, 0, -1372.235
0.669676852505641, 10, 23, 0, 0, -1372.235
0.665237160513311, 10, 24, 0, 0, -1372.235
0.664857283650129, 9, 60, 0, 0, -1372.235
0.656870205896451, 9, 62, 0, 0, -1372.235
0.655805019676419, 8, 199, 0, 0, -1372.235
0.655314421329533, 10, 37, 0, 0, -1372.235
0.652709909006817, 6, 297, 0, 0, -1372.235
0.651934360446911, 10, 24, 0, 0, -1372.235
0.649659091335949, 7, 126, 0, 0, -1372.235
0.649659091335945, 7, 126, 0, 0, -1372.235
0.645080060030901, 10, 26, 0, 0, -1372.235
0.642113573907542, 9, 42, 0, 0, -1372.235
0.639088867764193, 10, 30, 0, 0, -1372.235
0.637690549928584, 10, 23, 0, 0, -1372.235
0.635556230422454, 8, 250, 0, 0, -1372.235
0.632215479880609, 10, 21, 0, 0, -1372.235
0.632010662467588, 10, 28, 0, 0, -1372.235
0.630734974385908, 9, 43, 0, 0, -1372.235
0.63012962609719, 10, 25, 0, 0, -1372.235
0.62986382682256, 7, 218, 0, 0, -1372.235
0.628568914418108, 10, 61, 0, 0, -1372.235
0.626910685258083, 10, 45, 0, 0, -1372.235
0.626854384194336, 10, 14, 0, 0, -1372.235
0.626757716136963, 9, 68, 0, 0, -1372.235
0.626405139265915, 9, 133, 0, 0, -1372.235
0.625509017048252, 9, 75, 0, 0, -1372.235
0.623873012479151, 10, 44, 0, 0, -1372.235
0.623647110152433, 8, 243, 0, 0, -1372.235
0.623378409074925, 8, 189, 0, 0, -1372.235
0.619863902860308, 9, 81, 0, 0, -1372.235
0.617909845551767, 10, 31, 0, 0, -1372.235
0.61697737009383, 10, 39, 0, 0, -1372.235
0.614233728538198, 8, 207, 0, 0, -1372.235
0.613705236337546, 9, 102, 0, 0, -1372.235
0.611157322047265, 10, 26, 0, 0, -1372.235
0.611075365198583, 7, 259, 0, 0, -1372.235
0.606985728520856, 10, 25, 0, 0, -1372.235
0.605343715594045, 10, 15, 0, 0, -1372.235
0.603833401181844, 10, 42, 0, 0, -1372.235
0.603695867378513, 9, 87, 0, 0, -1372.235
0.598916124764911, 9, 53, 0, 0, -1372.235
0.59548714708764, 8, 144, 0, 0, -1372.235
0.594693081754999, 8, 151, 0, 0, -1372.235
0.593312474790916, 10, 29, 0, 0, -1372.235
0.589682834930007, 9, 86, 0, 0, -1372.235
0.589511142948773, 10, 17, 0, 0, -1372.235
0.58672248246269, 6, 653, 0, 0, -1372.235
0.584692268255532, 8, 40, 0, 0, -1372.235
0.584332339959756, 10, 26, 0, 0, -1372.235
0.582986791266895, 10, 60, 0, 0, -1372.235
0.579320308151814, 10, 25, 0, 0, -1372.235
0.578716834487299, 8, 202, 0, 0, -1372.235
0.578071555752983, 7, 192, 0, 0, -1372.235
0.577627583308386, 10, 21, 0, 0, -1372.235
0.575574484685537, 7, 193, 0, 0, -1372.235
0.569314586766896, 10, 26, 0, 0, -1372.235
0.56871314459858, 9, 33, 0, 0, -1372.235
0.567872366311112, 10, 39, 0, 0, -1372.235
0.565217380584103, 9, 89, 0, 0, -1372.235
0.564337664885674, 10, 35, 0, 0, -1372.235
0.563553981906898, 9, 85, 0, 0, -1372.235
0.562794911000579, 10, 53, 0, 0, -1372.235
0.561086269502084, 10, 59, 0, 0, -1372.235
0.560830674751071, 10, 50, 0, 0, -1372.235
0.556149501823993, 9, 96, 0, 0, -1372.235
0.555322288866541, 9, 115, 0, 0, -1372.235
0.553442630121345, 10, 48, 0, 0, -1372.235
0.551965057566578, 10, 31, 0, 0, -1372.235
0.546846455232199, 10, 38, 0, 0, -1372.235
0.546766121781483, 9, 85, 0, 0, -1372.235
0.546524713508765, 10, 43, 0, 0, -1372.235
0.54568809422155, 10, 55, 0, 0, -1372.235
0.545386000916792, 10, 17, 0, 0, -1372.235
0.54515710674536, 10, 36, 0, 0, -1372.235
0.543724941790739, 6, 364, 0, 0, -1372.235
0.542454226037534, 10, 30, 0, 0, -1372.235
0.542216634157274, 6, 412, 0, 0, -1372.235
0.541833012104743, 9, 53, 0, 0, -1372.235
0.541275228086625, 10, 28, 0, 0, -1372.235
0.537416124894947, 10, 60, 0, 0, -1372.235
0.531041107858016, 10, 49, 0, 0, -1372.235
0.530342293635788, 10, 27, 0, 0, -1372.235
0.529194295565569, 10, 29, 0, 0, -1372.235
0.528051666858059, 10, 30, 0, 0, -1372.235
0.527620297549987, 10, 39, 0, 0, -1372.235
0.527394255897253, 10, 10, 0, 0, -1372.235
0.527009727559908, 10, 20, 0, 0, -1372.235
0.527009727559904, 10, 20, 0, 0, -1372.235
0.524576909044695, 9, 90, 0, 0, -1372.235
0.5241123772684, 10, 43, 0, 0, -1372.235
0.523795105998268, 9, 36, 0, 0, -1372.235
0.523306202782615, 7, 204, 0, 0, -1372.235
0.518945849724361, 10, 48, 0, 0, -1372.235
0.516798567682963, 10, 24, 0, 0, -1372.235
0.516554570475306, 9, 91, 0, 0, -1372.235
0.514510655258868, 10, 28, 0, 0, -1372.235
0.513251174561281, 10, 58, 0, 0, -1372.235
0.513251174561277, 10, 58, 0, 0, -1372.235
0.512536769956668, 10, 30, 0, 0, -1372.235
0.511693126468177, 9, 99, 0, 0, -1372.235
0.509292469008595, 6, 400, 0, 0, -1372.235
0.508888592171201, 6, 364, 0, 0, -1372.235
0.507425449762305, 9, 100, 0, 0, -1372.235
0.506432707373185, 10, 31, 0, 0, -1372.235
0.504732618435112, 6, 385, 0, 0, -1372.235
0.504686080263367, 8, 174, 0, 0, -1372.235
0.502738646057793, 10, 65, 0, 0, -1372.235
0.50199156718112, 9, 68, 0, 0, -1372.235
0.498985642882841, 10, 43, 0, 0, -1372.235
0.498009957829034, 9, 73, 0, 0, -1372.235
0.496073137814637, 10, 43, 0, 0, -1372.235
0.494754055304125, 8, 233, 0, 0, -1372.235
0.493731455648004, 10, 21, 0, 0, -1372.235
0.49261664753554, 10, 41, 0, 0, -1372.235
0.491088888101606, 10, 32, 0, 0, -1372.235
0.489507436998316, 8, 236, 0, 0, -1372.235
0.489169400855511, 8, 209, 0, 0, -1372.235
0.487167879464665, 9, 104, 0, 0, -1372.235
0.487126202715567, 10, 11, 0, 0, -1372.235
0.484871580593641, 4, 1565, 0, 0, -1372.235
0.484782902877671, 10, 21, 0, 0, -1372.235
0.484543964866903, 8, 145, 0, 0, -1372.235
0.484247456992566, 10, 31, 0, 0, -1372.235
0.483510660105044, 10, 34, 0, 0, -1372.235
0.482602239777371, 6, 420, 0, 0, -1372.235
0.480859775925059, 10, 27, 0, 0, -1372.235
0.478579055563613, 9, 67, 0, 0, -1372.235
0.476788383043039, 10, 39, 0, 0, -1372.235
0.475173124341271, 10, 33, 0, 0, -1372.235
0.473171013772026, 9, 73, 0, 0, -1372.235
0.471801008695455, 9, 38, 0, 0, -1372.235
0.469417365403203, 10, 30, 0, 0, -1372.235
0.467125309880524, 10, 55, 0, 0, -1372.235
0.465489196663005, 9, 75, 0, 0, -1372.235
0.464151599600366, 9, 62, 0, 0, -1372.235
0.463992035526587, 10, 31, 0, 0, -1372.235
0.463965281461401, 9, 72, 0, 0, -1372.235
0.463336892251733, 10, 47, 0, 0, -1372.235
0.462268237653407, 8, 23, 0, 0, -1372.235
0.461715554818165, 8, 224, 0, 0, -1372.235
0.461046108091854, 7, 317, 0, 0, -1372.235
0.460203318786667, 10, 40, 0, 0, -1372.235
0.457089125383679, 9, 65, 0, 0, -1372.235
0.455871987490912, 10, 25, 0, 0, -1372.235
0.455265076829407, 10, 34, 0, 0, -1372.235
0.455037105492484, 10, 115, 0, 0, -1372.235
0.455022820170184, 10, 45, 0, 0, -1372.235
0.453990997808686, 10, 81, 0, 0, -1372.235
0.45296001786281, 10, 36, 0, 0, -1372.235
0.452814836448596, 9, 64, 0, 0, -1372.235
0.452336785127656, 9, 138, 0, 0, -1372.235
0.452024734509959, 9, 82, 0, 0, -1372.235
0.451883490702241, 10, 51, 0, 0, -1372.235
0.451168505697448, 10, 35, 0, 0, -1372.235
0.447187009803442, 9, 109, 0, 0, -1372.235
0.446488011685982, 9, 57, 0, 0, -1372.235
0.446468345350383, 8, 213, 0, 0, -1372.235
0.446337117236877, 10, 40, 0, 0, -1372.235
0.444910535934983, 10, 49, 0, 0, -1372.235
0.444435664347118, 10, 46, 0, 0, -1372.235
0.442575128716784, 10, 36, 0, 0, -1372.235
0.440436856386443, 10, 33, 0, 0, -1372.235
0.439181435678231, 10, 120, 0, 0, -1372.235
0.438829071563561, 10, 47, 0, 0, -1372.235
0.43493689967178, 8, 208, 0, 0, -1372.235
0.433287366224051, 10, 43, 0, 0, -1372.235
0.431798578244676, 10, 54, 0, 0, -1372.235
0.428568428923991, 10, 31, 0, 0, -1372.235
0.428307359272369, 7, 302, 0, 0, -1372.235
0.426193759448544, 9, 77, 0, 0, -1372.235
0.426099005155577, 10, 43, 0, 0, -1372.235
0.424775688312863, 10, 33, 0, 0, -1372.235
0.422703907540347, 10, 29, 0, 0, -1372.235
0.422536636764683, 6, 455, 0, 0, -1372.235
0.422486344323865, 7, 307, 0, 0, -1372.235
0.420800383617666, 7, 265, 0, 0, -1372.235
0.420134900043698, 8, 118, 0, 0, -1372.235
0.416961513409114, 8, 142, 0, 0, -1372.235
0.416262101529608, 8, 110, 0, 0, -1372.235
0.415635422705535, 8, 60, 0, 0, -1372.235
0.412864998962846, 10, 62, 0, 0, -1372.235
0.411749137410297, 10, 40, 0, 0, -1372.235
0.410629079101422, 10, 22, 0, 0, -1372.235
0.410401228074246, 10, 41, 0, 0, -1372.235
0.410019246668659, 10, 35, 0, 0, -1372.235
0.408929297082581, 10, 18, 0, 0, -1372.235
0.408834196471792, 10, 38, 0, 0, -1372.235
0.408124587368071, 9, 89, 0, 0, -1372.235
0.407574771478497, 8, 178, 0, 0, -1372.235
0.407360330204613, 9, 110, 0, 0, -1372.235
0.407161940679936, 9, 85, 0, 0, -1372.235
0.405373880398373, 10, 40, 0, 0, -1372.235
0.404678320718994, 10, 26, 0, 0, -1372.235
0.404678320718994, 10, 26, 0, 0, -1372.235
0.401281397467034, 10, 66, 0, 0, -1372.235
0.398355555076062, 10, 42, 0, 0, -1372.235
0.398273478813961, 8, 183, 0, 0, -1372.235
0.398173824033442, 10, 12, 0, 0, -1372.235
0.395666236939283, 9, 47, 0, 0, -1372.235
0.395434204199414, 10, 50, 0, 0, -1372.235
0.395258212582103, 9, 26, 0, 0, -1372.235
0.394523689637759, 10, 24, 0, 0, -1372.235
0.392607963139104, 8, 118, 0, 0, -1372.235
0.391905352532209, 10, 66, 0, 0, -1372.235
0.391506917162408, 6, 609, 0, 0, -1372.235
0.389085044603388, 8, 122, 0, 0, -1372.235
0.388956553766629, 10, 28, 0, 0, -1372.235
0.38822263764478, 9, 90, 0, 0, -1372.235
0.385171463147068, 9, 63, 0, 0, -1372.235
0.384856036764605, 8, 89, 0, 0, -1372.235
0.384573735409935, 10, 57, 0, 0, -1372.235
0.383525605405045, 9, 106, 0, 0, -1372.235
0.3825122638314, 9, 81, 0, 0, -1372.235
0.379881008452564, 10, 43, 0, 0, -1372.235
0.378167055325728, 10, 44, 0, 0, -1372.235
0.373965776297123, 8, 147, 0, 0, -1372.235
0.371812133569621, 9, 71, 0, 0, -1372.235
0.370748591366274, 10, 20, 0, 0, -1372.235
0.370636506892099, 8, 200, 0, 0, -1372.235
0.370451799666489, 10, 29, 0, 0, -1372.235
0.370354618656705, 9, 100, 0, 0, -1372.235
0.369142120057752, 10, 27, 0, 0, -1372.235
0.366991328469262, 10, 49, 0, 0, -1372.235
0.366722433945971, 9, 20, 0, 0, -1372.235
0.365226042688811, 10, 38, 0, 0, -1372.235
0.365088705552399, 7, 327, 0, 0, -1372.235
0.36425528754054, 8, 167, 0, 0, -1372.235
0.362635425176368, 10, 27, 0, 0, -1372.235
0.36147896154655, 6, 513, 0, 0, -1372.235
0.359798387991361, 10, 56, 0, 0, -1372.235
0.359310589259977, 10, 32, 0, 0, -1372.235
0.359310589259974, 10, 32, 0, 0, -1372.235
0.356481399727076, 10, 47, 0, 0, -1372.235
0.356329611184027, 10, 68, 0, 0, -1372.235
0.356269966401797, 9, 47, 0, 0, -1372.235
0.353848286474709, 8, 145, 0, 0, -1372.235
0.353842905820605, 10, 28, 0, 0, -1372.235
0.352569325613459, 10, 47, 0, 0, -1372.235
0.35247065661007, 5, 854, 0, 0, -1372.235
0.351258934320192, 10, 69, 0, 0, -1372.235
0.349190007255909, 10, 36, 0, 0, -1372.235
0.349048689573173, 6, 535, 0, 0, -1372.235
0.345858308795432, 9, 120, 0, 0, -1372.235
0.345725055933374, 10, 49, 0, 0, -1372.235
0.343999769454071, 10, 21, 0, 0, -1372.235
0.342273076419797, 9, 34, 0, 0, -1372.235
0.341648472130231, 9, 34, 0, 0, -1372.235
0.339205598442671, 10, 61, 0, 0, -1372.235
0.337194738747392, 7, 150, 0, 0, -1372.235
0.336910718421765, 9, 57, 0, 0, -1372.235
0.336660692627212, 10, 52, 0, 0, -1372.235
0.336172170880875, 9, 58, 0, 0, -1372.235
0.333376858837855, 10, 23, 0, 0, -1372.235
0.330451538689484, 10, 34, 0, 0, -1372.235
0.329518153579188, 10, 32, 0, 0, -1372.235
0.327470038659786, 9, 64, 0, 0, -1372.235
0.32494156266268, 8, 174, 0, 0, -1372.235
0.322009494352117, 10, 46, 0, 0, -1372.235
0.321724990752095, 8, 182, 0, 0, -1372.235
0.320812977421207, 4, 2569, 0, 0, -1372.235
0.319524237152449, 10, 44, 0, 0, -1372.235
0.31944714587664, 10, 22, 0, 0, -1372.235
0.318885202743623, 10, 23, 0, 0, -1372.235
0.31874817675784, 10, 31, 0, 0, -1372.235
0.31804914797206, 10, 55, 0, 0, -1372.235
0.313596068176688, 10, 45, 0, 0, -1372.235
0.311470228690904, 10, 46, 0, 0, -1372.235
0.310843489098036, 8, 115, 0, 0, -1372.235
0.309959628306665, 10, 56, 0, 0, -1372.235
0.309595569967565, 9, 63, 0, 0, -1372.235
0.309086247163229, 7, 179, 0, 0, -1372.235
0.308665437672595, 9, 41, 0, 0, -1372.235
0.307872386796063, 9, 56, 0, 0, -1372.235
0.306294652071147, 10, 48, 0, 0, -1372.235
0.306009776396525, 10, 33, 0, 0, -1372.235
0.305706955664847, 8, 205, 0, 0, -1372.235
0.304592549965262, 10, 50, 0, 0, -1372.235
0.304566769462047, 9, 180, 0, 0, -1372.235
0.301443703409997, 10, 69, 0, 0, -1372.235
0.294158273993436, 10, 27, 0, 0, -1372.235
0.293690556470719, 10, 60, 0, 0, -1372.235
0.292903796746537, 8, 138, 0, 0, -1372.235
0.292297678755736, 9, 41, 0, 0, -1372.235
0.291552716929983, 8, 217, 0, 0, -1372.235
0.290735066746192, 10, 52, 0, 0, -1372.235
0.290577552857961, 8, 101, 0, 0, -1372.235
0.290358259851333, 10, 41, 0, 0, -1372.235
0.288487278135139, 10, 32, 0, 0, -1372.235
0.286578638138308, 7, 196, 0, 0, -1372.235
0.286530588763223, 10, 52, 0, 0, -1372.235
0.284363819745089, 8, 95, 0, 0, -1372.235
0.284006139367053, 8, 178, 0, 0, -1372.235
0.283575533216441, 8, 104, 0, 0, -1372.235
0.280461143216225, 10, 63, 0, 0, -1372.235
0.278825833485769, 10, 66, 0, 0, -1372.235
0.278421073786366, 9, 93, 0, 0, -1372.235
0.277873423616464, 10, 40, 0, 0, -1372.235
0.276716685567612, 10, 65, 0, 0, -1372.235
0.276370937506153, 10, 78, 0, 0, -1372.235
0.275460713723447, 9, 47, 0, 0, -1372.235
0.27414667777616, 10, 31, 0, 0, -1372.235
0.272165937197582, 10, 20, 0, 0, -1372.235
0.271151750888502, 9, 81, 0, 0, -1372.235
0.270420002047193, 9, 41, 0, 0, -1372.235
0.269432404224218, 10, 30, 0, 0, -1372.235
0.269239050554126, 10, 42, 0, 0, -1372.235
0.268468245027907, 10, 50, 0, 0, -1372.235
0.268384647971131, 10, 44, 0, 0, -1372.235
0.266962024734959, 7, 326, 0, 0, -1372.235
0.266009899444738, 10, 10, 0, 0, -1372.235
0.262807426184634, 8, 232, 0, 0, -1372.235
0.262701923098716, 10, 42, 0, 0, -1372.235
0.260475866095265, 9, 85, 0, 0, -1372.235
0.260418932383186, 5, 1228, 0, 0, -1372.235
0.259772707704883, 10, 20, 0, 0, -1372.235
0.259001271006427, 10, 44, 0, 0, -1372.235
0.258433444068103, 10, 83, 0, 0, -1372.235
0.257331610465944, 8, 97, 0, 0, -1372.235
0.257317759423835, 10, 31, 0, 0, -1372.235
0.257144218407186, 9, 80, 0, 0, -1372.235
0.256512814496689, 7, 342, 0, 0, -1372.235
0.256347010498945, 9, 89, 0, 0, -1372.235
0.254828557562855, 10, 39, 0, 0, -1372.235
0.245849635246402, 8, 86, 0, 0, -1372.235
0.245798627439975, 10, 55, 0, 0, -1372.235
0.245360604856367, 10, 49, 0, 0, -1372.235
0.244642069687992, 10, 39, 0, 0, -1372.235
0.244516665667742, 7, 529, 0, 0, -1372.235
0.242135428568861, 10, 56, 0, 0, -1372.235
0.241986037868308, 10, 24, 0, 0, -1372.235
0.237615681772532, 9, 54, 0, 0, -1372.235
0.237565709626591, 9, 54, 0, 0, -1372.235
0.237565709626591, 9, 54, 0, 0, -1372.235
0.236923189912013, 8, 178, 0, 0, -1372.235
0.23679101140453, 10, 46, 0, 0, -1372.235
0.236312388589535, 10, 45, 0, 0, -1372.235
0.235899746809566, 2, 10629, 0, 0, -1372.235
0.235079868795422, 10, 81, 0, 0, -1372.235
0.234435930628358, 10, 53, 0, 0, -1372.235
0.234310815591489, 10, 50, 0, 0, -1372.235
0.233772236093137, 10, 32, 0, 0, -1372.235
0.23277894885687, 9, 54, 0, 0, -1372.235
0.231726487621593, 8, 110, 0, 0, -1372.235
0.229159560809, 10, 11, 0, 0, -1372.235
0.228755813442319, 8, 112, 0, 0, -1372.235
0.228553050936583, 10, 35, 0, 0, -1372.235
0.225982821219696, 10, 25, 0, 0, -1372.235
0.225309150514429, 10, 18, 0, 0, -1372.235
0.224564925136721, 2, 11276, 0, 0, -1372.235
0.222294207361021, 9, 41, 0, 0, -1372.235
0.219786213353949, 10, 53, 0, 0, -1372.235
0.218578689723469, 9, 32, 0, 0, -1372.235
0.218256497764511, 10, 50, 0, 0, -1372.235
0.216480610511699, 9, 43, 0, 0, -1372.235
0.215692565967245, 10, 25, 0, 0, -1372.235
0.213769137717577, 10, 13, 0, 0, -1372.235
0.213006572374243, 10, 37, 0, 0, -1372.235
0.211166609867253, 9, 83, 0, 0, -1372.235
0.210153077545743, 8, 124, 0, 0, -1372.235
0.209047969941703, 10, 26, 0, 0, -1372.235
0.208983131946139, 8, 139, 0, 0, -1372.235
0.204484503124092, 10, 40, 0, 0, -1372.235
0.201014708013957, 9, 47, 0, 0, -1372.235
0.199783810264521, 9, 51, 0, 0, -1372.235
0.19960792554447, 10, 40, 0, 0, -1372.235
0.197167753558976, 9, 40, 0, 0, -1372.235
0.196182840400195, 9, 25, 0, 0, -1372.235
0.193263666634939, 10, 63, 0, 0, -1372.235
0.19222384588597, 10, 45, 0, 0, -1372.235
0.192084679403242, 10, 31, 0, 0, -1372.235
0.189156502375045, 9, 71, 0, 0, -1372.235
0.187600156876568, 9, 55, 0, 0, -1372.235
0.187560044279389, 9, 115, 0, 0, -1372.235
0.187069286591414, 10, 32, 0, 0, -1372.235
0.186734889314689, 10, 29, 0, 0, -1372.235
0.180866413220119, 8, 206, 0, 0, -1372.235
0.180796627327327, 9, 100, 0, 0, -1372.235
0.180315731327647, 8, 107, 0, 0, -1372.235
0.179776967999194, 9, 121, 0, 0, -1372.235
0.177047936786556, 9, 29, 0, 0, -1372.235
0.17549080036838, 9, 46, 0, 0, -1372.235
0.174884351146572, 8, 111, 0, 0, -1372.235
0.174867137503152, 8, 144, 0, 0, -1372.235
0.174266146777795, 10, 26, 0, 0, -1372.235
0.174257598602844, 9, 42, 0, 0, -1372.235
0.174025324333121, 9, 55, 0, 0, -1372.235
0.173951705570946, 10, 56, 0, 0, -1372.235
0.173916893384736, 7, 332, 0, 0, -1372.235
0.173313553489599, 8, 174, 0, 0, -1372.235
0.173184575783885, 10, 51, 0, 0, -1372.235
0.170013010456138, 10, 55, 0, 0, -1372.235
0.169387643512887, 10, 58, 0, 0, -1372.235
0.168870717415241, 10, 27, 0, 0, -1372.235
0.167672632760241, 10, 33, 0, 0, -1372.235
0.165842102286532, 10, 26, 0, 0, -1372.235
0.165764963611938, 10, 31, 0, 0, -1372.235
0.165388788809743, 10, 15, 0, 0, -1372.235
0.165148722473862, 8, 124, 0, 0, -1372.235
0.164054663672536, 9, 75, 0, 0, -1372.235
0.161493088605764, 8, 236, 0, 0, -1372.235
0.159705317578205, 9, 32, 0, 0, -1372.235
0.158704295551409, 10, 39, 0, 0, -1372.235
0.157843571910201, 9, 55, 0, 0, -1372.235
0.156884880348926, 10, 46, 0, 0, -1372.235
0.154647259556282, 8, 150, 0, 0, -1372.235
0.153856252149092, 8, 135, 0, 0, -1372.235
0.151451062268727, 9, 93, 0, 0, -1372.235
0.150073907918299, 8, 173, 0, 0, -1372.235
0.147855375211891, 9, 36, 0, 0, -1372.235
0.147203937052718, 10, 25, 0, 0, -1372.235
0.146081013167936, 10, 24, 0, 0, -1372.235
0.146023396678385, 10, 44, 0, 0, -1372.235
0.142076318484928, 10, 18, 0, 0, -1372.235
0.140296874425482, 10, 53, 0, 0, -1372.235
0.139058818009809, 10, 29, 0, 0, -1372.235
0.138264903362067, 10, 74, 0, 0, -1372.235
0.138059499947183, 10, 27, 0, 0, -1372.235
0.134609742203854, 9, 38, 0, 0, -1372.235
0.134297919835118, 10, 32, 0, 0, -1372.235
0.132684247570017, 9, 109, 0, 0, -1372.235
0.132643633745015, 10, 55, 0, 0, -1372.235
0.131215026003616, 10, 57, 0, 0, -1372.235
0.131213681521842, 10, 49, 0, 0, -1372.235
0.128269128174596, 9, 67, 0, 0, -1372.235
0.127681655073663, 10, 34, 0, 0, -1372.235
0.126854572917633, 9, 44, 0, 0, -1372.235
0.126350299517834, 9, 41, 0, 0, -1372.235
0.123808441600877, 10, 44, 0, 0, -1372.235
0.123147948963231, 10, 20, 0, 0, -1372.235
0.123107585199991, 10, 62, 0, 0, -1372.235
0.120028835641989, 8, 116, 0, 0, -1372.235
0.118888585929286, 10, 35, 0, 0, -1372.235
0.118805944918195, 10, 53, 0, 0, -1372.235
0.11745133245349, 9, 112, 0, 0, -1372.235
0.115615273701359, 10, 25, 0, 0, -1372.235
0.114941843545786, 10, 32, 0, 0, -1372.235
0.114228780642209, 9, 77, 0, 0, -1372.235
0.113096049437626, 9, 23, 0, 0, -1372.235
0.111147037468826, 10, 68, 0, 0, -1372.235
0.106780069341195, 10, 44, 0, 0, -1372.235
0.105957815963843, 9, 58, 0, 0, -1372.235
0.103759212932591, 9, 56, 0, 0, -1372.235
0.102868941942874, 10, 63, 0, 0, -1372.235
0.102460166246678, 8, 88, 0, 0, -1372.235
0.101522983681472, 9, 37, 0, 0, -1372.235
0.100416101522556, 10, 41, 0, 0, -1372.235
0.0991039946070623, 8, 75, 0, 0, -1372.235
0.097612704918042, 9, 64, 0, 0, -1372.235
0.0969065972690991, 10, 113, 0, 0, -1372.235
0.0949680305351745, 9, 35, 0, 0, -1372.235
0.0933399416877645, 9, 100, 0, 0, -1372.235
0.0930082362785854, 9, 45, 0, 0, -1372.235
0.0929033360446928, 10, 52, 0, 0, -1372.235
0.0891448311912439, 8, 104, 0, 0, -1372.235
0.0889158744975315, 9, 106, 0, 0, -1372.235
0.0888017425596223, 10, 28, 0, 0, -1372.235
0.0881378346068837, 7, 332, 0, 0, -1372.235
0.0880553077862046, 10, 48, 0, 0, -1372.235
0.0867787978199934, 9, 39, 0, 0, -1372.235
0.0853954139618972, 10, 18, 0, 0, -1372.235
0.0853954139618943, 10, 18, 0, 0, -1372.235
0.0851903037537724, 9, 50, 0, 0, -1372.235
0.0832390658093204, 10, 32, 0, 0, -1372.235
0.0810651964904953, 10, 35, 0, 0, -1372.235
0.0767668083860791, 10, 23, 0, 0, -1372.235
0.0767668083860731, 10, 23, 0, 0, -1372.235
0.0754711724410541, 8, 104, 0, 0, -1372.235
0.0746916424015267, 9, 67, 0, 0, -1372.235
0.0737750073267169, 7, 411, 0, 0, -1372.235
0.0736536091549267, 9, 64, 0, 0, -1372.235
0.0703966097117472, 10, 37, 0, 0, -1372.235
0.0702735129194998, 9, 93, 0, 0, -1372.235
0.0685732168236027, 10, 63, 0, 0, -1372.235
0.0665158901218622, 9, 77, 0, 0, -1372.235
0.0652624318369489, 7, 293, 0, 0, -1372.235
0.0624595008144939, 9, 78, 0, 0, -1372.235
0.0613518835663606, 10, 72, 0, 0, -1372.235
0.0611375994555578, 9, 68, 0, 0, -1372.235
0.0610989223470276, 9, 110, 0, 0, -1372.235
0.0604828261347496, 7, 321, 0, 0, -1372.235
0.0602212094019769, 10, 50, 0, 0, -1372.235
0.058773519959302, 6, 323, 0, 0, -1372.235
0.0557180921052603, 10, 25, 0, 0, -1372.235
0.0530915671674761, 10, 32, 0, 0, -1372.235
0.0517474448652627, 10, 33, 0, 0, -1372.235
0.0494245268623027, 8, 130, 0, 0, -1372.235
0.0449685545553928, 9, 69, 0, 0, -1372.235
0.0442097400121963, 10, 33, 0, 0, -1372.235
0.0420856746698363, 10, 25, 0, 0, -1372.235
0.0409328807699992, 8, 163, 0, 0, -1372.235
0.0389437970563024, 9, 82, 0, 0, -1372.235
0.0388393275896537, 6, 531, 0, 0, -1372.235
0.0371894112171601, 10, 29, 0, 0, -1372.235
0.0365708626715224, 10, 30, 0, 0, -1372.235
0.036461896837612, 8, 123, 0, 0, -1372.235
0.0329573906675517, 9, 101, 0, 0, -1372.235
0.0327330761706924, 8, 140, 0, 0, -1372.235
0.0260850989905367, 10, 45, 0, 0, -1372.235
0.0259430390190203, 9, 76, 0, 0, -1372.235
0.0259430390190167, 9, 76, 0, 0, -1372.235
0.023891866642124, 10, 23, 0, 0, -1372.235
0.0222881114849855, 10, 25, 0, 0, -1372.235
0.0218150923980028, 10, 16, 0, 0, -1372.235
0.0216345362337442, 10, 47, 0, 0, -1372.235
0.0197756130092977, 10, 18, 0, 0, -1372.235
0.0187290505567435, 9, 93, 0, 0, -1372.235
0.0181567930513683, 10, 58, 0, 0, -1372.235
0.0159228027888287, 9, 113, 0, 0, -1372.235
0.015421449418798, 10, 47, 0, 0, -1372.235
0.0139522264806649, 10, 53, 0, 0, -1372.235
0.012881237366143, 7, 215, 0, 0, -1372.235
0.00887919448434417, 7, 336, 0, 0, -1372.235
0.00664373446730245, 10, 33, 0, 0, -1372.235
0.00578033990440239, 10, 39, 0, 0, -1372.235
