norm, level, Npoints, dimSplit, MainGridIndexSplit
44.5677616927808, 0, 36584, -1, -1, -1
12.6981285060121, 4, 1358, 0, 0, -1372.235
11.5789241449, 4, 1517, 0, 0, -1372.235
11.5302802425415, 10, 13, 0, 0, -1372.235
11.2583571664468, 5, 917, 0, 0, -1372.235
11.2009452440873, 9, 73, 0, 0, -1372.235
10.8229659991676, 7, 125, 0, 0, -1372.235
10.4405373067604, 9, 33, 0, 0, -1372.235
10.2412442529604, 10, 28, 0, 0, -1372.235
10.1049085275569, 5, 1044, 0, 0, -1372.235
9.9359655461046, 9, 33, 0, 0, -1372.235
9.93151967345168, 3, 4870, 0, 0, -1372.235
9.77111684440252, 10, 18, 0, 0, -1372.235
9.72708375259421, 3, 4164, 0, 0, -1372.235
9.70962402889066, 10, 22, 0, 0, -1372.235
9.33260648626058, 7, 174, 0, 0, -1372.235
9.00882577645294, 10, 27, 0, 0, -1372.235
8.96059797725007, 3, 4595, 0, 0, -1372.235
8.76495602608915, 7, 161, 0, 0, -1372.235
8.73088305407231, 9, 24, 0, 0, -1372.235
8.72738541666667, 9, 64, 0, 0, -1372.235
8.62369497721182, 10, 20, 0, 0, -1372.235
8.55625517145145, 8, 170, 0, 0, -1372.235
8.43870995402476, 10, 48, 0, 0, -1372.235
8.36005337514687, 10, 42, 0, 0, -1372.235
8.02257763850986, 10, 10, 0, 0, -1372.235
8.01072990683299, 7, 209, 0, 0, -1372.235
7.82979358264102, 8, 33, 0, 0, -1372.235
7.80831049155454, 9, 52, 0, 0, -1372.235
7.78720376566185, 5, 971, 0, 0, -1372.235
7.77690460579462, 3, 6531, 0, 0, -1372.235
7.76493019764098, 10, 23, 0, 0, -1372.235
7.73449244444335, 8, 82, 0, 0, -1372.235
7.69448725084998, 10, 44, 0, 0, -1372.235
7.572465760033, 10, 47, 0, 0, -1372.235
7.49814098618957, 10, 30, 0, 0, -1372.235
7.43748110837547, 9, 18, 0, 0, -1372.235
7.39989855797442, 9, 89, 0, 0, -1372.235
7.39186238122346, 9, 68, 0, 0, -1372.235
7.28840693425223, 8, 42, 0, 0, -1372.235
7.26525461303691, 10, 26, 0, 0, -1372.235
7.25404565394901, 5, 628, 0, 0, -1372.235
7.24645853422206, 9, 80, 0, 0, -1372.235
7.23271596951223, 5, 1061, 0, 0, -1372.235
7.22595410105694, 10, 26, 0, 0, -1372.235
7.21544188865807, 9, 70, 0, 0, -1372.235
7.19543334199664, 8, 140, 0, 0, -1372.235
7.18176786778198, 8, 203, 0, 0, -1372.235
7.16321526804641, 10, 21, 0, 0, -1372.235
7.12202370689655, 8, 64, 0, 0, -1372.235
7.08546625377815, 8, 127, 0, 0, -1372.235
7.07513372816429, 10, 31, 0, 0, -1372.235
7.06677844293309, 10, 33, 0, 0, -1372.235
7.03935980974497, 7, 219, 0, 0, -1372.235
7.02797200971141, 9, 50, 0, 0, -1372.235
6.99815346204981, 9, 99, 0, 0, -1372.235
6.88942613353575, 9, 58, 0, 0, -1372.235
6.88781651080363, 10, 68, 0, 0, -1372.235
6.88183014620752, 10, 41, 0, 0, -1372.235
6.87678828565235, 7, 384, 0, 0, -1372.235
6.86482561744571, 10, 30, 0, 0, -1372.235
6.80375136913091, 10, 51, 0, 0, -1372.235
6.793165378347, 7, 275, 0, 0, -1372.235
6.77864504349631, 8, 115, 0, 0, -1372.235
6.73054518476624, 10, 16, 0, 0, -1372.235
6.72784820454537, 8, 63, 0, 0, -1372.235
6.69954728385822, 8, 228, 0, 0, -1372.235
6.65350927016572, 10, 32, 0, 0, -1372.235
6.62757652402303, 10, 41, 0, 0, -1372.235
6.61516885344024, 7, 85, 0, 0, -1372.235
6.55530026209865, 10, 29, 0, 0, -1372.235
6.55530026209864, 10, 29, 0, 0, -1372.235
6.55464679227474, 10, 65, 0, 0, -1372.235
6.53556872411002, 10, 48, 0, 0, -1372.235
6.47141692478625, 8, 159, 0, 0, -1372.235
6.43137975550596, 10, 29, 0, 0, -1372.235
6.40192677119715, 10, 28, 0, 0, -1372.235
6.39679673396817, 9, 106, 0, 0, -1372.235
6.3932717755628, 10, 21, 0, 0, -1372.235
6.34451165527569, 8, 145, 0, 0, -1372.235
6.32732368043799, 10, 29, 0, 0, -1372.235
6.30696384999376, 7, 426, 0, 0, -1372.235
6.30308471801712, 8, 37, 0, 0, -1372.235
6.30000308288268, 9, 11, 0, 0, -1372.235
6.29660200855523, 9, 41, 0, 0, -1372.235
6.27914892010414, 9, 72, 0, 0, -1372.235
6.27471325494896, 10, 31, 0, 0, -1372.235
6.2659367354955, 9, 29, 0, 0, -1372.235
6.26183753956323, 9, 59, 0, 0, -1372.235
6.25169050639828, 10, 15, 0, 0, -1372.235
6.23395385031498, 10, 42, 0, 0, -1372.235
6.23090618828887, 10, 45, 0, 0, -1372.235
6.21274920213474, 7, 271, 0, 0, -1372.235
6.17141922165879, 9, 42, 0, 0, -1372.235
6.16936481130947, 10, 41, 0, 0, -1372.235
6.15409884993702, 10, 19, 0, 0, -1372.235
6.14840668757534, 10, 39, 0, 0, -1372.235
6.14365511029022, 10, 78, 0, 0, -1372.235
6.12571794083807, 10, 13, 0, 0, -1372.235
6.11236952199274, 9, 151, 0, 0, -1372.235
6.08001440039614, 10, 18, 0, 0, -1372.235
6.06335644637208, 9, 23, 0, 0, -1372.235
6.04940943012487, 10, 32, 0, 0, -1372.235
6.03756014611656, 9, 13, 0, 0, -1372.235
6.00628133881099, 10, 55, 0, 0, -1372.235
6.00376244111521, 9, 41, 0, 0, -1372.235
5.9983432048245, 9, 68, 0, 0, -1372.235
5.98351113508303, 8, 63, 0, 0, -1372.235
5.97539106259572, 10, 9, 0, 0, -1372.235
5.96670827872129, 9, 88, 0, 0, -1372.235
5.95321447842108, 10, 35, 0, 0, -1372.235
5.9272001450351, 9, 31, 0, 0, -1372.235
5.91461413150065, 10, 47, 0, 0, -1372.235
5.88362574423367, 10, 29, 0, 0, -1372.235
5.86526847231235, 7, 328, 0, 0, -1372.235
5.86255614117276, 10, 39, 0, 0, -1372.235
5.8256854708094, 9, 39, 0, 0, -1372.235
5.82315729516549, 8, 138, 0, 0, -1372.235
5.82091269395263, 9, 71, 0, 0, -1372.235
5.79658141530086, 10, 12, 0, 0, -1372.235
5.76211554970994, 10, 15, 0, 0, -1372.235
5.74754618096502, 10, 33, 0, 0, -1372.235
5.72986291343638, 8, 48, 0, 0, -1372.235
5.71778045406799, 10, 12, 0, 0, -1372.235
5.70644435817146, 10, 66, 0, 0, -1372.235
5.69345497269167, 4, 3182, 0, 0, -1372.235
5.68916841748965, 8, 140, 0, 0, -1372.235
5.68330919537921, 10, 31, 0, 0, -1372.235
5.68254710474367, 10, 16, 0, 0, -1372.235
5.64508283962245, 8, 271, 0, 0, -1372.235
5.64202627726117, 10, 33, 0, 0, -1372.235
5.63738321475166, 10, 38, 0, 0, -1372.235
5.60348662020908, 5, 678, 0, 0, -1372.235
5.59078774883341, 8, 132, 0, 0, -1372.235
5.58974921433353, 5, 680, 0, 0, -1372.235
5.58897655363692, 10, 21, 0, 0, -1372.235
5.5868582074458, 9, 61, 0, 0, -1372.235
5.582740549049, 10, 33, 0, 0, -1372.235
5.57905328056323, 10, 16, 0, 0, -1372.235
5.56045821506479, 4, 1961, 0, 0, -1372.235
5.5353572726409, 10, 31, 0, 0, -1372.235
5.52348352884256, 10, 41, 0, 0, -1372.235
5.51964289305368, 10, 23, 0, 0, -1372.235
5.51191378482113, 10, 22, 0, 0, -1372.235
5.45790067357377, 8, 199, 0, 0, -1372.235
5.45586246089878, 4, 3349, 0, 0, -1372.235
5.44316733497615, 8, 125, 0, 0, -1372.235
5.43220184858815, 7, 150, 0, 0, -1372.235
5.42994195169735, 5, 889, 0, 0, -1372.235
5.41751106224941, 1, 14744, 0, 0, -1372.235
5.41367111564291, 10, 42, 0, 0, -1372.235
5.41197607025399, 10, 41, 0, 0, -1372.235
5.41190385892568, 10, 56, 0, 0, -1372.235
5.40109436526729, 8, 82, 0, 0, -1372.235
5.4004653051349, 7, 301, 0, 0, -1372.235
5.39760999834612, 10, 71, 0, 0, -1372.235
5.37047993306244, 10, 18, 0, 0, -1372.235
5.36809498692315, 10, 10, 0, 0, -1372.235
5.35895702819912, 10, 47, 0, 0, -1372.235
5.35751396723446, 10, 29, 0, 0, -1372.235
5.34497776710843, 10, 16, 0, 0, -1372.235
5.33730681424422, 8, 169, 0, 0, -1372.235
5.33491432985572, 10, 19, 0, 0, -1372.235
5.32481891888746, 10, 33, 0, 0, -1372.235
5.31381774955128, 7, 252, 0, 0, -1372.235
5.28661130330528, 9, 14, 0, 0, -1372.235
5.27140114037126, 10, 55, 0, 0, -1372.235
5.25740098040226, 10, 36, 0, 0, -1372.235
5.23588600712625, 9, 63, 0, 0, -1372.235
5.2295154481755, 10, 57, 0, 0, -1372.235
5.21781110011214, 10, 41, 0, 0, -1372.235
5.19864182780938, 8, 63, 0, 0, -1372.235
5.19332476882533, 9, 41, 0, 0, -1372.235
5.18804383939061, 10, 16, 0, 0, -1372.235
5.18631594076353, 10, 45, 0, 0, -1372.235
5.17580833707382, 9, 78, 0, 0, -1372.235
5.16642662350397, 9, 72, 0, 0, -1372.235
5.16359891882809, 9, 67, 0, 0, -1372.235
5.15552813032117, 10, 17, 0, 0, -1372.235
5.15320722437374, 10, 34, 0, 0, -1372.235
5.15240275586857, 10, 16, 0, 0, -1372.235
5.14913371987117, 10, 25, 0, 0, -1372.235
5.14457156057556, 8, 79, 0, 0, -1372.235
5.1385289220174, 10, 24, 0, 0, -1372.235
5.1282575614698, 9, 63, 0, 0, -1372.235
5.09457575844175, 8, 29, 0, 0, -1372.235
5.09201025508287, 10, 60, 0, 0, -1372.235
5.06369170918787, 8, 161, 0, 0, -1372.235
5.04657225014634, 4, 2203, 0, 0, -1372.235
5.03683395366697, 9, 88, 0, 0, -1372.235
5.03512517631704, 10, 36, 0, 0, -1372.235
5.03402087035619, 9, 147, 0, 0, -1372.235
5.02349648415361, 7, 411, 0, 0, -1372.235
5.01622556519012, 10, 38, 0, 0, -1372.235
5.01542582426382, 10, 22, 0, 0, -1372.235
4.99434419234169, 9, 46, 0, 0, -1372.235
4.99292805252891, 9, 20, 0, 0, -1372.235
4.98428175965536, 10, 15, 0, 0, -1372.235
4.97217306819111, 8, 184, 0, 0, -1372.235
4.95669084351184, 10, 23, 0, 0, -1372.235
4.94835827572472, 10, 9, 0, 0, -1372.235
4.94775094074249, 7, 187, 0, 0, -1372.235
4.94413583982729, 8, 119, 0, 0, -1372.235
4.9321926182566, 9, 86, 0, 0, -1372.235
4.92434375835557, 10, 19, 0, 0, -1372.235
4.91890659250068, 10, 19, 0, 0, -1372.235
4.90867066705332, 8, 154, 0, 0, -1372.235
4.90578197138343, 4, 1675, 0, 0, -1372.235
4.90546833800682, 10, 26, 0, 0, -1372.235
4.90062513176123, 8, 166, 0, 0, -1372.235
4.88684222762315, 10, 36, 0, 0, -1372.235
4.87293725118105, 8, 228, 0, 0, -1372.235
4.83437954350483, 10, 25, 0, 0, -1372.235
4.83136290780614, 10, 35, 0, 0, -1372.235
4.81846139214607, 7, 450, 0, 0, -1372.235
4.78681269873951, 9, 39, 0, 0, -1372.235
4.77252904735798, 9, 54, 0, 0, -1372.235
4.7635711912028, 10, 43, 0, 0, -1372.235
4.73974933336134, 9, 116, 0, 0, -1372.235
4.72563460017095, 7, 164, 0, 0, -1372.235
4.72444668265669, 10, 7, 0, 0, -1372.235
4.71527432782137, 8, 59, 0, 0, -1372.235
4.71362941528133, 8, 162, 0, 0, -1372.235
4.71206735125158, 10, 24, 0, 0, -1372.235
4.70884182626868, 8, 219, 0, 0, -1372.235
4.70325469763258, 9, 108, 0, 0, -1372.235
4.68819410962436, 10, 39, 0, 0, -1372.235
4.68639090016797, 7, 407, 0, 0, -1372.235
4.67965605462562, 8, 164, 0, 0, -1372.235
4.66823817703999, 10, 22, 0, 0, -1372.235
4.66003049966831, 7, 295, 0, 0, -1372.235
4.65300884241671, 10, 27, 0, 0, -1372.235
4.64873083202575, 9, 61, 0, 0, -1372.235
4.64464981773063, 10, 67, 0, 0, -1372.235
4.63096821680584, 10, 56, 0, 0, -1372.235
4.62596731302036, 9, 47, 0, 0, -1372.235
4.58616337686578, 9, 62, 0, 0, -1372.235
4.5834125366044, 9, 37, 0, 0, -1372.235
4.58086825786371, 8, 180, 0, 0, -1372.235
4.57013803012498, 8, 227, 0, 0, -1372.235
4.56991618856801, 10, 34, 0, 0, -1372.235
4.56153394297999, 10, 33, 0, 0, -1372.235
4.55704427995435, 10, 22, 0, 0, -1372.235
4.55704427995433, 10, 22, 0, 0, -1372.235
4.5428204855705, 8, 169, 0, 0, -1372.235
4.54277675412786, 8, 86, 0, 0, -1372.235
4.54249913017428, 10, 71, 0, 0, -1372.235
4.5351621802787, 8, 110, 0, 0, -1372.235
4.5340636649692, 10, 27, 0, 0, -1372.235
4.53292531035192, 10, 27, 0, 0, -1372.235
4.5302758805115, 6, 580, 0, 0, -1372.235
4.52690777147507, 9, 92, 0, 0, -1372.235
4.51907775583086, 10, 28, 0, 0, -1372.235
4.51121441944404, 10, 32, 0, 0, -1372.235
4.48986272664468, 10, 72, 0, 0, -1372.235
4.48657455782108, 8, 89, 0, 0, -1372.235
4.48316382673525, 9, 52, 0, 0, -1372.235
4.48232237404577, 9, 74, 0, 0, -1372.235
4.46809753594426, 10, 37, 0, 0, -1372.235
4.45479211697079, 10, 28, 0, 0, -1372.235
4.44285541486158, 10, 16, 0, 0, -1372.235
4.43907857703281, 7, 213, 0, 0, -1372.235
4.43713476698953, 9, 48, 0, 0, -1372.235
4.42724678744062, 7, 357, 0, 0, -1372.235
4.42175517762973, 7, 479, 0, 0, -1372.235
4.42151070185304, 10, 20, 0, 0, -1372.235
4.41730581383215, 7, 138, 0, 0, -1372.235
4.41166084280411, 8, 95, 0, 0, -1372.235
4.41088502191681, 9, 24, 0, 0, -1372.235
4.4022220616561, 10, 55, 0, 0, -1372.235
4.4020127100037, 9, 49, 0, 0, -1372.235
4.386039738764, 9, 50, 0, 0, -1372.235
4.36006287599433, 10, 34, 0, 0, -1372.235
4.35025657731577, 7, 164, 0, 0, -1372.235
4.34632310532408, 10, 48, 0, 0, -1372.235
4.34494439028227, 9, 81, 0, 0, -1372.235
4.34172726236654, 10, 24, 0, 0, -1372.235
4.32852259188526, 9, 50, 0, 0, -1372.235
4.3016938382849, 8, 273, 0, 0, -1372.235
4.29709679814968, 10, 34, 0, 0, -1372.235
4.28240325657541, 5, 931, 0, 0, -1372.235
4.26957399508857, 10, 19, 0, 0, -1372.235
4.26468909462785, 7, 521, 0, 0, -1372.235
4.24898406107073, 9, 122, 0, 0, -1372.235
4.24655211487255, 9, 81, 0, 0, -1372.235
4.24481530526004, 10, 44, 0, 0, -1372.235
4.23983406937592, 10, 44, 0, 0, -1372.235
4.23913828725509, 8, 144, 0, 0, -1372.235
4.2371226937834, 8, 278, 0, 0, -1372.235
4.2360803531645, 8, 78, 0, 0, -1372.235
4.20848621938576, 9, 112, 0, 0, -1372.235
4.19988150240464, 10, 22, 0, 0, -1372.235
4.18660268899071, 10, 35, 0, 0, -1372.235
4.17565846720235, 10, 16, 0, 0, -1372.235
4.15405669122626, 10, 49, 0, 0, -1372.235
4.13779236266724, 9, 97, 0, 0, -1372.235
4.13664481573295, 9, 47, 0, 0, -1372.235
4.11664245359357, 10, 31, 0, 0, -1372.235
4.11664245359356, 10, 31, 0, 0, -1372.235
4.11482444410938, 9, 82, 0, 0, -1372.235
4.1003276783181, 10, 29, 0, 0, -1372.235
4.0987938490111, 9, 19, 0, 0, -1372.235
4.09749776533457, 9, 47, 0, 0, -1372.235
4.07994048662838, 10, 36, 0, 0, -1372.235
4.06513199608549, 9, 96, 0, 0, -1372.235
4.05569059556137, 9, 77, 0, 0, -1372.235
4.05093211171234, 8, 195, 0, 0, -1372.235
4.04879866599904, 9, 106, 0, 0, -1372.235
4.04387600367841, 6, 286, 0, 0, -1372.235
4.03875444733556, 10, 45, 0, 0, -1372.235
4.03016742325179, 10, 58, 0, 0, -1372.235
4.02749563181311, 10, 18, 0, 0, -1372.235
4.0255981037241, 9, 67, 0, 0, -1372.235
4.01513905282662, 6, 325, 0, 0, -1372.235
3.99824265306364, 7, 152, 0, 0, -1372.235
3.99521355797549, 9, 19, 0, 0, -1372.235
3.99381295042855, 10, 34, 0, 0, -1372.235
3.99108220723064, 10, 40, 0, 0, -1372.235
3.98821835809626, 8, 154, 0, 0, -1372.235
3.98210825859431, 5, 749, 0, 0, -1372.235
3.97964974192551, 9, 46, 0, 0, -1372.235
3.97373676911949, 9, 68, 0, 0, -1372.235
3.96694819633122, 10, 40, 0, 0, -1372.235
3.96498918954673, 10, 48, 0, 0, -1372.235
3.96408588751922, 7, 302, 0, 0, -1372.235
3.95563941160305, 10, 41, 0, 0, -1372.235
3.9451396625789, 8, 130, 0, 0, -1372.235
3.93459343799129, 6, 333, 0, 0, -1372.235
3.92979674158119, 10, 43, 0, 0, -1372.235
3.92544959029286, 10, 38, 0, 0, -1372.235
3.92181380579415, 10, 20, 0, 0, -1372.235
3.91523382135094, 7, 505, 0, 0, -1372.235
3.91342709135603, 6, 756, 0, 0, -1372.235
3.91269207021751, 9, 49, 0, 0, -1372.235
3.90615620039912, 10, 40, 0, 0, -1372.235
3.90528840975146, 9, 35, 0, 0, -1372.235
3.9052648962211, 7, 415, 0, 0, -1372.235
3.90505944266614, 8, 86, 0, 0, -1372.235
3.90482924195331, 1, 21840, 0, 0, -1372.235
3.89354790470248, 10, 12, 0, 0, -1372.235
3.89079860010949, 9, 29, 0, 0, -1372.235
3.88717931859829, 7, 405, 0, 0, -1372.235
3.87310258607436, 10, 30, 0, 0, -1372.235
3.86544925237206, 8, 175, 0, 0, -1372.235
3.86036392872291, 7, 226, 0, 0, -1372.235
3.83976445312595, 10, 34, 0, 0, -1372.235
3.83868403099797, 9, 113, 0, 0, -1372.235
3.83809034565603, 9, 94, 0, 0, -1372.235
3.8341028568886, 10, 23, 0, 0, -1372.235
3.83388577076542, 9, 25, 0, 0, -1372.235
3.82928069486346, 8, 160, 0, 0, -1372.235
3.82914280456255, 10, 35, 0, 0, -1372.235
3.82507641652889, 7, 485, 0, 0, -1372.235
3.82054351359151, 8, 83, 0, 0, -1372.235
3.80277717007757, 10, 12, 0, 0, -1372.235
3.80172567830572, 9, 62, 0, 0, -1372.235
3.79115030347076, 10, 24, 0, 0, -1372.235
3.79076729454978, 4, 2032, 0, 0, -1372.235
3.78749544980585, 10, 26, 0, 0, -1372.235
3.77539931752776, 10, 37, 0, 0, -1372.235
3.77539931752773, 10, 37, 0, 0, -1372.235
3.77186844646915, 9, 57, 0, 0, -1372.235
3.77115831648341, 7, 239, 0, 0, -1372.235
3.74056797813097, 10, 36, 0, 0, -1372.235
3.74056797813097, 10, 36, 0, 0, -1372.235
3.73175551170485, 9, 99, 0, 0, -1372.235
3.71625953604309, 9, 61, 0, 0, -1372.235
3.69927150456829, 10, 50, 0, 0, -1372.235
3.68920284021009, 6, 707, 0, 0, -1372.235
3.68459015934029, 10, 41, 0, 0, -1372.235
3.68026069487783, 10, 99, 0, 0, -1372.235
3.67475783331101, 10, 33, 0, 0, -1372.235
3.67169467654579, 10, 44, 0, 0, -1372.235
3.67054797002019, 10, 26, 0, 0, -1372.235
3.67039450318178, 10, 43, 0, 0, -1372.235
3.66243120028527, 9, 116, 0, 0, -1372.235
3.66046833417599, 6, 471, 0, 0, -1372.235
3.65838228203849, 8, 6, 0, 0, -1372.235
3.65745453795092, 8, 30, 0, 0, -1372.235
3.64751245710371, 10, 46, 0, 0, -1372.235
3.63614537985066, 10, 15, 0, 0, -1372.235
3.63503589683345, 6, 826, 0, 0, -1372.235
3.63074012273972, 9, 33, 0, 0, -1372.235
3.62182263875582, 10, 55, 0, 0, -1372.235
3.61892729655536, 9, 79, 0, 0, -1372.235
3.61109517618097, 10, 91, 0, 0, -1372.235
3.59910712546622, 10, 56, 0, 0, -1372.235
3.59353183443366, 10, 35, 0, 0, -1372.235
3.58918047891709, 10, 44, 0, 0, -1372.235
3.58909285320803, 10, 50, 0, 0, -1372.235
3.58642651205384, 9, 141, 0, 0, -1372.235
3.58329077380953, 9, 64, 0, 0, -1372.235
3.58135559286122, 10, 57, 0, 0, -1372.235
3.57800457002933, 9, 20, 0, 0, -1372.235
3.57369441897784, 10, 67, 0, 0, -1372.235
3.55504389597388, 7, 145, 0, 0, -1372.235
3.54556456764738, 4, 1930, 0, 0, -1372.235
3.54484775891825, 8, 189, 0, 0, -1372.235
3.53208623323573, 10, 35, 0, 0, -1372.235
3.52982490254789, 10, 58, 0, 0, -1372.235
3.52060162481077, 10, 18, 0, 0, -1372.235
3.51981015537179, 8, 180, 0, 0, -1372.235
3.50251427519466, 10, 62, 0, 0, -1372.235
3.49850256989688, 10, 47, 0, 0, -1372.235
3.49802425798197, 10, 81, 0, 0, -1372.235
3.49341849709461, 10, 45, 0, 0, -1372.235
3.48112289151708, 8, 59, 0, 0, -1372.235
3.4807266640006, 7, 353, 0, 0, -1372.235
3.47168079014013, 9, 58, 0, 0, -1372.235
3.47028807235135, 10, 28, 0, 0, -1372.235
3.46527705460348, 9, 93, 0, 0, -1372.235
3.46194111553886, 10, 34, 0, 0, -1372.235
3.45803211525592, 9, 90, 0, 0, -1372.235
3.45679261466046, 7, 181, 0, 0, -1372.235
3.4550953899827, 9, 76, 0, 0, -1372.235
3.45329734440274, 9, 142, 0, 0, -1372.235
3.45032188930942, 10, 22, 0, 0, -1372.235
3.43295963159445, 10, 38, 0, 0, -1372.235
3.43247064735645, 10, 9, 0, 0, -1372.235
3.43011407812709, 10, 40, 0, 0, -1372.235
3.42878456252755, 9, 142, 0, 0, -1372.235
3.42324832540655, 9, 54, 0, 0, -1372.235
3.41918346953696, 8, 196, 0, 0, -1372.235
3.41781823261709, 8, 121, 0, 0, -1372.235
3.41742522563295, 10, 27, 0, 0, -1372.235
3.41601218037347, 10, 59, 0, 0, -1372.235
3.41012863633773, 9, 50, 0, 0, -1372.235
3.40962415593826, 10, 49, 0, 0, -1372.235
3.40452033870294, 9, 103, 0, 0, -1372.235
3.40357829365244, 9, 65, 0, 0, -1372.235
3.39506327636579, 10, 46, 0, 0, -1372.235
3.39244496971529, 4, 2035, 0, 0, -1372.235
3.38952834362877, 5, 658, 0, 0, -1372.235
3.38380785723255, 10, 58, 0, 0, -1372.235
3.37584177834155, 10, 16, 0, 0, -1372.235
3.37225104750954, 10, 37, 0, 0, -1372.235
3.37208688628601, 9, 131, 0, 0, -1372.235
3.37161822353053, 9, 84, 0, 0, -1372.235
3.36694021505093, 10, 53, 0, 0, -1372.235
3.36556600151658, 9, 83, 0, 0, -1372.235
3.36521088915088, 9, 127, 0, 0, -1372.235
3.36511428266932, 9, 112, 0, 0, -1372.235
3.35550999146447, 10, 38, 0, 0, -1372.235
3.350845205908, 9, 128, 0, 0, -1372.235
3.35032114920052, 9, 146, 0, 0, -1372.235
3.34247729507648, 8, 174, 0, 0, -1372.235
3.33940985029865, 9, 87, 0, 0, -1372.235
3.33471518971141, 5, 671, 0, 0, -1372.235
3.33219188730229, 9, 62, 0, 0, -1372.235
3.32093966997331, 10, 37, 0, 0, -1372.235
3.31286036907043, 9, 82, 0, 0, -1372.235
3.30994171329169, 8, 136, 0, 0, -1372.235
3.30251659682829, 10, 35, 0, 0, -1372.235
3.3017159066075, 5, 1272, 0, 0, -1372.235
3.29201558240456, 10, 30, 0, 0, -1372.235
3.28931173395786, 10, 40, 0, 0, -1372.235
3.28751761695606, 10, 26, 0, 0, -1372.235
3.2851314659971, 10, 37, 0, 0, -1372.235
3.28237759259091, 9, 89, 0, 0, -1372.235
3.2808976778009, 10, 47, 0, 0, -1372.235
3.28055571292997, 9, 74, 0, 0, -1372.235
3.27499142676098, 10, 40, 0, 0, -1372.235
3.26594241480363, 9, 35, 0, 0, -1372.235
3.26422546079021, 9, 59, 0, 0, -1372.235
3.25573456190765, 7, 501, 0, 0, -1372.235
3.2552564761513, 8, 78, 0, 0, -1372.235
3.249263997844, 9, 36, 0, 0, -1372.235
3.24702038859266, 9, 134, 0, 0, -1372.235
3.24699736978357, 9, 84, 0, 0, -1372.235
3.24333091561777, 10, 50, 0, 0, -1372.235
3.24309615514956, 9, 82, 0, 0, -1372.235
3.2412615605146, 10, 13, 0, 0, -1372.235
3.23803873180878, 10, 29, 0, 0, -1372.235
3.23796389288406, 10, 34, 0, 0, -1372.235
3.22890440244794, 10, 21, 0, 0, -1372.235
3.22724982357528, 9, 44, 0, 0, -1372.235
3.22591263044588, 8, 74, 0, 0, -1372.235
3.22383764985181, 9, 88, 0, 0, -1372.235
3.22049283157218, 9, 111, 0, 0, -1372.235
3.21120650053801, 8, 65, 0, 0, -1372.235
3.20742240661239, 10, 57, 0, 0, -1372.235
3.2051502366753, 9, 73, 0, 0, -1372.235
3.20325160607735, 10, 25, 0, 0, -1372.235
3.20287060464713, 10, 13, 0, 0, -1372.235
3.18171147477081, 10, 48, 0, 0, -1372.235
3.17814104042713, 10, 88, 0, 0, -1372.235
3.17154564186563, 8, 216, 0, 0, -1372.235
3.16736256998427, 9, 100, 0, 0, -1372.235
3.16015046176224, 9, 141, 0, 0, -1372.235
3.15941842988875, 6, 562, 0, 0, -1372.235
3.15659538194472, 6, 385, 0, 0, -1372.235
3.15548250756572, 10, 38, 0, 0, -1372.235
3.15375509135431, 10, 30, 0, 0, -1372.235
3.1467091340622, 10, 31, 0, 0, -1372.235
3.13622346673791, 9, 94, 0, 0, -1372.235
3.13453238791137, 8, 144, 0, 0, -1372.235
3.13206247557274, 9, 62, 0, 0, -1372.235
3.13113778646407, 10, 32, 0, 0, -1372.235
3.13063414654727, 9, 140, 0, 0, -1372.235
3.12401867236352, 10, 27, 0, 0, -1372.235
3.12396653472258, 4, 2563, 0, 0, -1372.235
3.12377387376662, 10, 40, 0, 0, -1372.235
3.12281319112164, 10, 15, 0, 0, -1372.235
3.11627382862284, 10, 54, 0, 0, -1372.235
3.10684041581883, 6, 912, 0, 0, -1372.235
3.10475648522756, 10, 45, 0, 0, -1372.235
3.10313423874192, 7, 302, 0, 0, -1372.235
3.10060573006072, 9, 34, 0, 0, -1372.235
3.09995881767533, 7, 272, 0, 0, -1372.235
3.0989119347612, 10, 28, 0, 0, -1372.235
3.09429946238714, 6, 810, 0, 0, -1372.235
3.09332719593847, 6, 636, 0, 0, -1372.235
3.09079044502469, 9, 92, 0, 0, -1372.235
3.08861854116719, 7, 398, 0, 0, -1372.235
3.08570634589413, 7, 273, 0, 0, -1372.235
3.07716579605092, 8, 111, 0, 0, -1372.235
3.06607764175258, 10, 64, 0, 0, -1372.235
3.06441455270721, 7, 328, 0, 0, -1372.235
3.06023643499242, 10, 18, 0, 0, -1372.235
3.04870097530804, 5, 1032, 0, 0, -1372.235
3.04254273068908, 10, 57, 0, 0, -1372.235
3.03637671392371, 9, 83, 0, 0, -1372.235
3.01105594091152, 10, 14, 0, 0, -1372.235
3.00960335576423, 10, 29, 0, 0, -1372.235
3.00587093170772, 9, 12, 0, 0, -1372.235
3.00037276353852, 6, 906, 0, 0, -1372.235
2.99976734631828, 10, 32, 0, 0, -1372.235
2.99472605026155, 10, 61, 0, 0, -1372.235
2.99246629798905, 8, 230, 0, 0, -1372.235
2.98869737692037, 8, 199, 0, 0, -1372.235
2.97760104489276, 10, 5, 0, 0, -1372.235
2.97688863678961, 7, 105, 0, 0, -1372.235
2.97318969186354, 10, 31, 0, 0, -1372.235
2.96887023183825, 7, 180, 0, 0, -1372.235
2.96692067179528, 8, 183, 0, 0, -1372.235
2.96609878825129, 10, 68, 0, 0, -1372.235
2.95701763860426, 10, 13, 0, 0, -1372.235
2.95634914560027, 10, 59, 0, 0, -1372.235
2.95326785706039, 10, 71, 0, 0, -1372.235
2.95061653662302, 10, 72, 0, 0, -1372.235
2.94726474889305, 9, 85, 0, 0, -1372.235
2.94408040801218, 8, 56, 0, 0, -1372.235
2.9436385482091, 6, 860, 0, 0, -1372.235
2.94199241189575, 10, 32, 0, 0, -1372.235
2.93830345757584, 6, 719, 0, 0, -1372.235
2.93362473569677, 9, 72, 0, 0, -1372.235
2.93284454438929, 10, 15, 0, 0, -1372.235
2.93101059289248, 7, 218, 0, 0, -1372.235
2.92953439083817, 10, 53, 0, 0, -1372.235
2.91318409545222, 9, 151, 0, 0, -1372.235
2.91039829515251, 8, 246, 0, 0, -1372.235
2.8960127478469, 10, 27, 0, 0, -1372.235
2.89428390998651, 9, 27, 0, 0, -1372.235
2.88360436140429, 8, 120, 0, 0, -1372.235
2.88142409410219, 10, 35, 0, 0, -1372.235
2.88009841245193, 9, 38, 0, 0, -1372.235
2.87362222693121, 9, 79, 0, 0, -1372.235
2.86901488607654, 9, 81, 0, 0, -1372.235
2.86414411744736, 4, 3195, 0, 0, -1372.235
2.86387946049696, 10, 20, 0, 0, -1372.235
2.86291440860159, 10, 40, 0, 0, -1372.235
2.86278381561099, 9, 80, 0, 0, -1372.235
2.86142507674309, 10, 30, 0, 0, -1372.235
2.86114262725026, 6, 890, 0, 0, -1372.235
2.86105116809427, 10, 20, 0, 0, -1372.235
2.83778777038995, 10, 45, 0, 0, -1372.235
2.83676656456928, 10, 32, 0, 0, -1372.235
2.83542228422695, 10, 60, 0, 0, -1372.235
2.82952680993741, 10, 60, 0, 0, -1372.235
2.82807713070018, 10, 49, 0, 0, -1372.235
2.82751151514547, 10, 58, 0, 0, -1372.235
2.81935010041619, 10, 22, 0, 0, -1372.235
2.81039434994395, 10, 16, 0, 0, -1372.235
2.80336316784381, 8, 166, 0, 0, -1372.235
2.78075133160014, 10, 56, 0, 0, -1372.235
2.77692258246802, 9, 60, 0, 0, -1372.235
2.77552564679754, 9, 19, 0, 0, -1372.235
2.77406032081592, 7, 421, 0, 0, -1372.235
2.7634702398091, 10, 22, 0, 0, -1372.235
2.7630878751599, 5, 1470, 0, 0, -1372.235
2.75679703926778, 10, 33, 0, 0, -1372.235
2.75290737387018, 10, 34, 0, 0, -1372.235
2.75282616400323, 10, 35, 0, 0, -1372.235
2.74983850060202, 10, 66, 0, 0, -1372.235
2.74562808033659, 8, 105, 0, 0, -1372.235
2.74153893297426, 7, 427, 0, 0, -1372.235
2.74037676236824, 8, 90, 0, 0, -1372.235
2.73839334476117, 10, 25, 0, 0, -1372.235
2.72771204408342, 7, 462, 0, 0, -1372.235
2.7255833475449, 9, 164, 0, 0, -1372.235
2.72168591799535, 6, 945, 0, 0, -1372.235
2.71846939932185, 5, 1499, 0, 0, -1372.235
2.7168232149757, 10, 23, 0, 0, -1372.235
2.7167085166254, 7, 379, 0, 0, -1372.235
2.70549555092387, 9, 86, 0, 0, -1372.235
2.70351819130033, 10, 67, 0, 0, -1372.235
2.70338009044723, 9, 41, 0, 0, -1372.235
2.70207089581202, 9, 62, 0, 0, -1372.235
2.69803827534353, 8, 126, 0, 0, -1372.235
2.69352310701767, 4, 2969, 0, 0, -1372.235
2.68799722690206, 10, 43, 0, 0, -1372.235
2.68636641985446, 9, 95, 0, 0, -1372.235
2.6845330713065, 6, 340, 0, 0, -1372.235
2.67592783109626, 8, 145, 0, 0, -1372.235
2.67540189486035, 10, 38, 0, 0, -1372.235
2.6675542328048, 8, 192, 0, 0, -1372.235
2.66379129632585, 10, 18, 0, 0, -1372.235
2.65158986068483, 10, 39, 0, 0, -1372.235
2.65100097912785, 9, 30, 0, 0, -1372.235
2.64979058990341, 10, 44, 0, 0, -1372.235
2.6454254787964, 7, 207, 0, 0, -1372.235
2.64082095278252, 9, 75, 0, 0, -1372.235
2.63774523824013, 10, 49, 0, 0, -1372.235
2.63230835491435, 9, 82, 0, 0, -1372.235
2.62839311204132, 8, 152, 0, 0, -1372.235
2.62632083610089, 5, 1117, 0, 0, -1372.235
2.62499444278774, 9, 73, 0, 0, -1372.235
2.61929723574557, 10, 36, 0, 0, -1372.235
2.61601283624967, 10, 26, 0, 0, -1372.235
2.61564906053023, 10, 55, 0, 0, -1372.235
2.61311185545117, 9, 83, 0, 0, -1372.235
2.61233543527101, 10, 63, 0, 0, -1372.235
2.60968105361366, 7, 218, 0, 0, -1372.235
2.60832548960903, 10, 17, 0, 0, -1372.235
2.60478867592567, 9, 14, 0, 0, -1372.235
2.60054325029026, 9, 80, 0, 0, -1372.235
2.598431861887, 10, 20, 0, 0, -1372.235
2.5965166114325, 10, 57, 0, 0, -1372.235
2.59623218459736, 10, 40, 0, 0, -1372.235
2.59139042262119, 10, 26, 0, 0, -1372.235
2.59027735238957, 10, 40, 0, 0, -1372.235
2.58823123468418, 9, 44, 0, 0, -1372.235
2.58405992843879, 10, 34, 0, 0, -1372.235
2.58328899862361, 6, 160, 0, 0, -1372.235
2.57891893243383, 10, 30, 0, 0, -1372.235
2.5755390478009, 10, 61, 0, 0, -1372.235
2.56947959019798, 10, 61, 0, 0, -1372.235
2.56833085661585, 10, 22, 0, 0, -1372.235
2.56711804929172, 6, 485, 0, 0, -1372.235
2.56660275064036, 9, 56, 0, 0, -1372.235
2.56312673394049, 10, 79, 0, 0, -1372.235
2.55573668947997, 8, 234, 0, 0, -1372.235
2.5555328789026, 10, 23, 0, 0, -1372.235
2.55540644522804, 8, 184, 0, 0, -1372.235
2.54759277409267, 6, 441, 0, 0, -1372.235
2.54109559252645, 10, 46, 0, 0, -1372.235
2.53660759338988, 9, 34, 0, 0, -1372.235
2.53583193891253, 9, 79, 0, 0, -1372.235
2.52873085141144, 6, 810, 0, 0, -1372.235
2.52702552775301, 8, 92, 0, 0, -1372.235
2.52581033964666, 8, 168, 0, 0, -1372.235
2.52122480917025, 10, 56, 0, 0, -1372.235
2.52122480917025, 10, 56, 0, 0, -1372.235
2.52072310282403, 8, 175, 0, 0, -1372.235
2.5183932241863, 10, 17, 0, 0, -1372.235
2.50940441551479, 10, 31, 0, 0, -1372.235
2.50862728261545, 10, 21, 0, 0, -1372.235
2.50468679350653, 9, 120, 0, 0, -1372.235
2.50289986828506, 10, 47, 0, 0, -1372.235
2.49914317081124, 8, 267, 0, 0, -1372.235
2.4982571306822, 9, 65, 0, 0, -1372.235
2.49637371359375, 10, 77, 0, 0, -1372.235
2.49197700048482, 9, 151, 0, 0, -1372.235
2.49143139397231, 10, 14, 0, 0, -1372.235
2.4877689813647, 9, 73, 0, 0, -1372.235
2.48668573699906, 10, 32, 0, 0, -1372.235
2.48112444185495, 10, 59, 0, 0, -1372.235
2.47292903408033, 10, 40, 0, 0, -1372.235
2.47182372392176, 10, 60, 0, 0, -1372.235
2.47147856044215, 9, 107, 0, 0, -1372.235
2.46911557377841, 9, 41, 0, 0, -1372.235
2.4691155737784, 9, 41, 0, 0, -1372.235
2.46880015952736, 10, 39, 0, 0, -1372.235
2.46844791403474, 10, 26, 0, 0, -1372.235
2.46517495083, 8, 160, 0, 0, -1372.235
2.46306174404172, 8, 109, 0, 0, -1372.235
2.45944930053069, 9, 76, 0, 0, -1372.235
2.45925261774067, 9, 15, 0, 0, -1372.235
2.4555127725318, 9, 122, 0, 0, -1372.235
2.45428139382245, 10, 120, 0, 0, -1372.235
2.45027518928777, 10, 42, 0, 0, -1372.235
2.43698415797422, 10, 25, 0, 0, -1372.235
2.43155457734208, 7, 162, 0, 0, -1372.235
2.43044100615482, 8, 117, 0, 0, -1372.235
2.42770085518822, 10, 20, 0, 0, -1372.235
2.42492827090604, 10, 66, 0, 0, -1372.235
2.42345125930833, 10, 54, 0, 0, -1372.235
2.42033185552856, 9, 76, 0, 0, -1372.235
2.41251935047833, 8, 55, 0, 0, -1372.235
2.41065218745825, 8, 251, 0, 0, -1372.235
2.40844699157385, 10, 19, 0, 0, -1372.235
2.40645935507423, 8, 123, 0, 0, -1372.235
2.40577095509097, 10, 65, 0, 0, -1372.235
2.40434011630136, 10, 26, 0, 0, -1372.235
2.40137460131312, 8, 126, 0, 0, -1372.235
2.40066369725182, 7, 277, 0, 0, -1372.235
2.39853413962231, 10, 39, 0, 0, -1372.235
2.39607277991141, 10, 47, 0, 0, -1372.235
2.39606572109409, 10, 49, 0, 0, -1372.235
2.39319042110629, 10, 37, 0, 0, -1372.235
2.39302177024726, 10, 41, 0, 0, -1372.235
2.39116872931798, 8, 60, 0, 0, -1372.235
2.38562640883096, 5, 961, 0, 0, -1372.235
2.38184116146283, 10, 78, 0, 0, -1372.235
2.38028873993007, 8, 134, 0, 0, -1372.235
2.37902737651213, 7, 373, 0, 0, -1372.235
2.37614168364069, 10, 23, 0, 0, -1372.235
2.37614168364069, 10, 23, 0, 0, -1372.235
2.37228028678036, 10, 16, 0, 0, -1372.235
2.36963239892379, 10, 34, 0, 0, -1372.235
2.36700976080747, 9, 23, 0, 0, -1372.235
2.36512835486686, 9, 16, 0, 0, -1372.235
2.3613883086773, 10, 73, 0, 0, -1372.235
2.35474325919495, 8, 223, 0, 0, -1372.235
2.34612090063588, 10, 27, 0, 0, -1372.235
2.34561025485607, 4, 3505, 0, 0, -1372.235
2.34227927642373, 9, 80, 0, 0, -1372.235
2.34148770561104, 9, 100, 0, 0, -1372.235
2.33688805040301, 10, 68, 0, 0, -1372.235
2.33597102500748, 10, 60, 0, 0, -1372.235
2.33348078334826, 10, 34, 0, 0, -1372.235
2.33348078334824, 10, 34, 0, 0, -1372.235
2.33281465934145, 10, 35, 0, 0, -1372.235
2.32815744683725, 9, 43, 0, 0, -1372.235
2.32815744683724, 9, 43, 0, 0, -1372.235
2.32665265950943, 9, 63, 0, 0, -1372.235
2.32548440568593, 10, 27, 0, 0, -1372.235
2.32224400527544, 6, 547, 0, 0, -1372.235
2.31622127885489, 10, 13, 0, 0, -1372.235
2.31050168587042, 10, 37, 0, 0, -1372.235
2.30969163379146, 9, 63, 0, 0, -1372.235
2.30969163379145, 9, 63, 0, 0, -1372.235
2.30487745423358, 10, 39, 0, 0, -1372.235
2.30464481852553, 6, 746, 0, 0, -1372.235
2.30404464615064, 5, 897, 0, 0, -1372.235
2.3017836008323, 10, 17, 0, 0, -1372.235
2.30075218680336, 8, 124, 0, 0, -1372.235
2.29999862669573, 9, 75, 0, 0, -1372.235
2.29653194670547, 7, 353, 0, 0, -1372.235
2.29448644570895, 10, 9, 0, 0, -1372.235
2.28899279860645, 10, 31, 0, 0, -1372.235
2.28746625787245, 6, 971, 0, 0, -1372.235
2.28655810947453, 9, 49, 0, 0, -1372.235
2.28549518021989, 10, 36, 0, 0, -1372.235
2.28515629142695, 6, 302, 0, 0, -1372.235
2.28381803224938, 8, 79, 0, 0, -1372.235
2.27795019048407, 10, 20, 0, 0, -1372.235
2.26965983505544, 9, 54, 0, 0, -1372.235
2.2671454469709, 10, 32, 0, 0, -1372.235
2.26169328111121, 10, 70, 0, 0, -1372.235
2.24800116592844, 7, 178, 0, 0, -1372.235
2.24444611728931, 9, 35, 0, 0, -1372.235
2.24439297867373, 10, 53, 0, 0, -1372.235
2.23390289191521, 10, 37, 0, 0, -1372.235
2.23269403571762, 10, 44, 0, 0, -1372.235
2.22699603718201, 10, 68, 0, 0, -1372.235
2.22490475757481, 6, 257, 0, 0, -1372.235
2.22324040098664, 8, 158, 0, 0, -1372.235
2.21999309293205, 9, 99, 0, 0, -1372.235
2.21736754759191, 10, 28, 0, 0, -1372.235
2.21312222924792, 9, 107, 0, 0, -1372.235
2.21233548226475, 10, 73, 0, 0, -1372.235
2.21128839299449, 10, 23, 0, 0, -1372.235
2.21102637291492, 8, 75, 0, 0, -1372.235
2.20830240741702, 9, 45, 0, 0, -1372.235
2.20398411190644, 7, 267, 0, 0, -1372.235
2.20213006324112, 10, 54, 0, 0, -1372.235
2.20105107255869, 10, 46, 0, 0, -1372.235
2.19997011844863, 8, 90, 0, 0, -1372.235
2.19843698047333, 10, 18, 0, 0, -1372.235
2.19788291317806, 9, 57, 0, 0, -1372.235
2.19494826795692, 8, 38, 0, 0, -1372.235
2.19256812358446, 10, 28, 0, 0, -1372.235
2.18717742290933, 7, 152, 0, 0, -1372.235
2.17820231335483, 10, 28, 0, 0, -1372.235
2.17788813372055, 10, 74, 0, 0, -1372.235
2.17670994863692, 9, 87, 0, 0, -1372.235
2.17550095785499, 9, 72, 0, 0, -1372.235
2.17519885133778, 10, 33, 0, 0, -1372.235
2.17454478123606, 5, 1074, 0, 0, -1372.235
2.16937957144646, 10, 25, 0, 0, -1372.235
2.16792898141055, 10, 58, 0, 0, -1372.235
2.16537640450494, 10, 27, 0, 0, -1372.235
2.14964615448481, 7, 225, 0, 0, -1372.235
2.14830962708928, 10, 22, 0, 0, -1372.235
2.14436317688037, 10, 76, 0, 0, -1372.235
2.14110541163128, 7, 165, 0, 0, -1372.235
2.13956132637722, 10, 32, 0, 0, -1372.235
2.1362255745983, 9, 90, 0, 0, -1372.235
2.13172069787353, 10, 31, 0, 0, -1372.235
2.13068788242961, 9, 104, 0, 0, -1372.235
2.12672437816818, 10, 39, 0, 0, -1372.235
2.12672437816818, 10, 39, 0, 0, -1372.235
2.12508156778824, 10, 16, 0, 0, -1372.235
2.11796370117295, 5, 1446, 0, 0, -1372.235
2.11757168845821, 8, 197, 0, 0, -1372.235
2.11578934218455, 10, 30, 0, 0, -1372.235
2.11542751097581, 10, 18, 0, 0, -1372.235
2.11148651891754, 10, 43, 0, 0, -1372.235
2.10995542626694, 10, 27, 0, 0, -1372.235
2.10627983884556, 9, 46, 0, 0, -1372.235
2.09882581214605, 9, 114, 0, 0, -1372.235
2.09743568972807, 10, 47, 0, 0, -1372.235
2.09151061354869, 9, 103, 0, 0, -1372.235
2.09099704939919, 8, 219, 0, 0, -1372.235
2.08550290724135, 10, 24, 0, 0, -1372.235
2.08326639248999, 9, 98, 0, 0, -1372.235
2.08075235274762, 8, 202, 0, 0, -1372.235
2.0805489370136, 10, 43, 0, 0, -1372.235
2.07789378102274, 9, 100, 0, 0, -1372.235
2.07777235858654, 10, 37, 0, 0, -1372.235
2.07484279558307, 10, 17, 0, 0, -1372.235
2.07453776431631, 8, 174, 0, 0, -1372.235
2.06026968436288, 8, 41, 0, 0, -1372.235
2.05907168903157, 6, 854, 0, 0, -1372.235
2.0574876273127, 7, 192, 0, 0, -1372.235
2.05730295568491, 9, 89, 0, 0, -1372.235
2.05565053110983, 10, 33, 0, 0, -1372.235
2.04859998567965, 7, 193, 0, 0, -1372.235
2.04833502678999, 5, 1033, 0, 0, -1372.235
2.04276267438899, 10, 14, 0, 0, -1372.235
2.04202454044149, 10, 35, 0, 0, -1372.235
2.04026152930167, 10, 57, 0, 0, -1372.235
2.03360204204545, 8, 119, 0, 0, -1372.235
2.03360204204543, 8, 119, 0, 0, -1372.235
2.03261531592036, 9, 21, 0, 0, -1372.235
2.02839992070661, 10, 75, 0, 0, -1372.235
2.02760051027267, 7, 207, 0, 0, -1372.235
2.02434590462874, 9, 61, 0, 0, -1372.235
2.02167857302844, 7, 136, 0, 0, -1372.235
2.02165044683444, 10, 38, 0, 0, -1372.235
2.02030748754928, 10, 34, 0, 0, -1372.235
2.01028519949532, 10, 17, 0, 0, -1372.235
2.00820768289062, 9, 45, 0, 0, -1372.235
1.99902039798472, 10, 30, 0, 0, -1372.235
1.99805025412227, 10, 24, 0, 0, -1372.235
1.99773121512207, 10, 76, 0, 0, -1372.235
1.99740821874693, 8, 97, 0, 0, -1372.235
1.99378760278119, 10, 62, 0, 0, -1372.235
1.98892549475113, 10, 49, 0, 0, -1372.235
1.98859142295933, 10, 39, 0, 0, -1372.235
1.98294737095684, 10, 12, 0, 0, -1372.235
1.98130811577918, 10, 40, 0, 0, -1372.235
1.981088404202, 9, 125, 0, 0, -1372.235
1.97739065971047, 10, 37, 0, 0, -1372.235
1.97139659439836, 10, 34, 0, 0, -1372.235
1.97100223305701, 10, 31, 0, 0, -1372.235
1.97047163647455, 10, 27, 0, 0, -1372.235
1.96874850745905, 9, 102, 0, 0, -1372.235
1.96682142137573, 7, 294, 0, 0, -1372.235
1.96544001462536, 8, 136, 0, 0, -1372.235
1.96485801817552, 9, 45, 0, 0, -1372.235
1.96289803158613, 6, 603, 0, 0, -1372.235
1.96187688196848, 8, 104, 0, 0, -1372.235
1.95772192035679, 10, 14, 0, 0, -1372.235
1.95450291435011, 9, 104, 0, 0, -1372.235
1.95383355673324, 10, 20, 0, 0, -1372.235
1.94843946654963, 9, 95, 0, 0, -1372.235
1.94584523863964, 10, 40, 0, 0, -1372.235
1.94172916666667, 10, 64, 0, 0, -1372.235
1.93753954566043, 10, 25, 0, 0, -1372.235
1.93726823981038, 10, 90, 0, 0, -1372.235
1.93190944950669, 10, 47, 0, 0, -1372.235
1.93002625562684, 8, 139, 0, 0, -1372.235
1.92919772840232, 9, 46, 0, 0, -1372.235
1.92105943767362, 9, 53, 0, 0, -1372.235
1.91859497453952, 10, 17, 0, 0, -1372.235
1.91677596698528, 10, 18, 0, 0, -1372.235
1.91345792786425, 10, 27, 0, 0, -1372.235
1.91267778613458, 10, 28, 0, 0, -1372.235
1.91187201987987, 10, 36, 0, 0, -1372.235
1.90564187092067, 7, 260, 0, 0, -1372.235
1.90369991421717, 6, 376, 0, 0, -1372.235
1.90316960878508, 9, 25, 0, 0, -1372.235
1.9012920903134, 8, 187, 0, 0, -1372.235
1.89434883845026, 10, 32, 0, 0, -1372.235
1.88715673161117, 10, 27, 0, 0, -1372.235
1.88243954955294, 10, 40, 0, 0, -1372.235
1.88228717149246, 9, 104, 0, 0, -1372.235
1.88197115574739, 10, 36, 0, 0, -1372.235
1.87434934436547, 7, 313, 0, 0, -1372.235
1.8729294317284, 9, 53, 0, 0, -1372.235
1.87094165630039, 10, 33, 0, 0, -1372.235
1.87085318149138, 10, 26, 0, 0, -1372.235
1.87073371748722, 7, 228, 0, 0, -1372.235
1.86975855301569, 8, 105, 0, 0, -1372.235
1.86568572617973, 8, 195, 0, 0, -1372.235
1.86101380867876, 8, 101, 0, 0, -1372.235
1.85810527115544, 9, 87, 0, 0, -1372.235
1.85703423506844, 8, 243, 0, 0, -1372.235
1.85280967647784, 10, 34, 0, 0, -1372.235
1.84719248599655, 8, 134, 0, 0, -1372.235
1.84658290566819, 9, 41, 0, 0, -1372.235
1.84429152143628, 10, 26, 0, 0, -1372.235
1.84205836044166, 10, 25, 0, 0, -1372.235
1.83490677547806, 9, 56, 0, 0, -1372.235
1.82977553981793, 10, 36, 0, 0, -1372.235
1.82724829124131, 9, 109, 0, 0, -1372.235
1.82461477614402, 8, 83, 0, 0, -1372.235
1.82396097266771, 10, 50, 0, 0, -1372.235
1.82376418858935, 10, 43, 0, 0, -1372.235
1.82191283872612, 9, 70, 0, 0, -1372.235
1.82093965116661, 9, 75, 0, 0, -1372.235
1.81921999362216, 7, 324, 0, 0, -1372.235
1.81908086139375, 9, 23, 0, 0, -1372.235
1.81586362368287, 8, 166, 0, 0, -1372.235
1.81555997800628, 8, 122, 0, 0, -1372.235
1.81285095347892, 10, 35, 0, 0, -1372.235
1.81248203751342, 7, 359, 0, 0, -1372.235
1.79839236849755, 10, 47, 0, 0, -1372.235
1.79688425120147, 10, 38, 0, 0, -1372.235
1.7967175688891, 10, 32, 0, 0, -1372.235
1.7966516828058, 9, 97, 0, 0, -1372.235
1.79226096083589, 10, 23, 0, 0, -1372.235
1.791869411204, 9, 124, 0, 0, -1372.235
1.78736114527591, 9, 58, 0, 0, -1372.235
1.7850407475338, 10, 33, 0, 0, -1372.235
1.77650483997295, 10, 40, 0, 0, -1372.235
1.77598385807971, 10, 31, 0, 0, -1372.235
1.77490639135325, 10, 47, 0, 0, -1372.235
1.77362978332706, 8, 210, 0, 0, -1372.235
1.77188610560471, 8, 242, 0, 0, -1372.235
1.76761920421716, 8, 122, 0, 0, -1372.235
1.76747462174752, 10, 26, 0, 0, -1372.235
1.76359733290338, 10, 41, 0, 0, -1372.235
1.76174111684477, 10, 39, 0, 0, -1372.235
1.75000300120964, 9, 74, 0, 0, -1372.235
1.74607278670306, 5, 1492, 0, 0, -1372.235
1.74390248475165, 10, 14, 0, 0, -1372.235
1.74297250317619, 9, 73, 0, 0, -1372.235
1.7398423023024, 10, 21, 0, 0, -1372.235
1.73908526020003, 9, 113, 0, 0, -1372.235
1.73760280514362, 10, 17, 0, 0, -1372.235
1.7374826380542, 10, 38, 0, 0, -1372.235
1.7341069344177, 10, 50, 0, 0, -1372.235
1.73158838346633, 8, 62, 0, 0, -1372.235
1.73043954543579, 9, 72, 0, 0, -1372.235
1.72511640756225, 9, 115, 0, 0, -1372.235
1.72295337029558, 9, 102, 0, 0, -1372.235
1.72217514048435, 10, 31, 0, 0, -1372.235
1.71849295462084, 2, 5985, 0, 0, -1372.235
1.71832406758961, 10, 50, 0, 0, -1372.235
1.71744277489083, 6, 471, 0, 0, -1372.235
1.71688253085431, 10, 72, 0, 0, -1372.235
1.71436864479944, 10, 50, 0, 0, -1372.235
1.71214800069258, 8, 83, 0, 0, -1372.235
1.71125681819392, 10, 32, 0, 0, -1372.235
1.71065492439572, 10, 54, 0, 0, -1372.235
1.70735230087334, 9, 26, 0, 0, -1372.235
1.70229142822017, 9, 103, 0, 0, -1372.235
1.70123628107121, 9, 76, 0, 0, -1372.235
1.69998866772039, 8, 146, 0, 0, -1372.235
1.69234186019294, 9, 78, 0, 0, -1372.235
1.68601010830011, 9, 67, 0, 0, -1372.235
1.68387181666588, 10, 29, 0, 0, -1372.235
1.68193688907341, 10, 31, 0, 0, -1372.235
1.68177672993469, 10, 38, 0, 0, -1372.235
1.67985993811249, 10, 46, 0, 0, -1372.235
1.67834572038718, 10, 52, 0, 0, -1372.235
1.67713037333105, 8, 126, 0, 0, -1372.235
1.67605538831611, 10, 28, 0, 0, -1372.235
1.6744241179953, 8, 259, 0, 0, -1372.235
1.67278211740547, 10, 49, 0, 0, -1372.235
1.6626413000724, 9, 95, 0, 0, -1372.235
1.66256099862313, 10, 26, 0, 0, -1372.235
1.66210800646175, 10, 47, 0, 0, -1372.235
1.66043287589935, 9, 88, 0, 0, -1372.235
1.66043287589933, 9, 88, 0, 0, -1372.235
1.6587934981709, 7, 281, 0, 0, -1372.235
1.653128421231, 10, 31, 0, 0, -1372.235
1.64854751551046, 9, 27, 0, 0, -1372.235
1.64243269020564, 9, 153, 0, 0, -1372.235
1.63991154367665, 7, 222, 0, 0, -1372.235
1.63015150224785, 9, 125, 0, 0, -1372.235
1.62977423548621, 8, 129, 0, 0, -1372.235
1.62501804969199, 6, 621, 0, 0, -1372.235
1.62432143644658, 10, 32, 0, 0, -1372.235
1.6225244629439, 9, 114, 0, 0, -1372.235
1.61972358695434, 9, 61, 0, 0, -1372.235
1.61923491905541, 10, 47, 0, 0, -1372.235
1.60954812869597, 10, 39, 0, 0, -1372.235
1.60867967306926, 8, 156, 0, 0, -1372.235
1.60818832606798, 10, 27, 0, 0, -1372.235
1.60774342296602, 10, 20, 0, 0, -1372.235
1.60729800267028, 10, 40, 0, 0, -1372.235
1.60639052319089, 10, 26, 0, 0, -1372.235
1.60599702020057, 7, 233, 0, 0, -1372.235
1.59565105137979, 10, 15, 0, 0, -1372.235
1.59562248881376, 7, 380, 0, 0, -1372.235
1.59510520254044, 8, 138, 0, 0, -1372.235
1.59383874087066, 9, 88, 0, 0, -1372.235
1.58913851196397, 10, 79, 0, 0, -1372.235
1.58726688023108, 10, 35, 0, 0, -1372.235
1.5869947785809, 10, 35, 0, 0, -1372.235
1.58631888724526, 9, 83, 0, 0, -1372.235
1.58357284938187, 9, 19, 0, 0, -1372.235
1.58357284938186, 9, 19, 0, 0, -1372.235
1.58127856094787, 8, 144, 0, 0, -1372.235
1.57853685228137, 8, 135, 0, 0, -1372.235
1.57827105942795, 9, 113, 0, 0, -1372.235
1.57715301491558, 9, 76, 0, 0, -1372.235
1.57675897321387, 9, 63, 0, 0, -1372.235
1.57514885103194, 7, 299, 0, 0, -1372.235
1.57385279320361, 5, 1690, 0, 0, -1372.235
1.57108178748071, 10, 31, 0, 0, -1372.235
1.57042925815428, 10, 46, 0, 0, -1372.235
1.56925145252051, 9, 61, 0, 0, -1372.235
1.5672930114646, 10, 11, 0, 0, -1372.235
1.56699673701417, 9, 102, 0, 0, -1372.235
1.56676059857534, 10, 22, 0, 0, -1372.235
1.5600656927056, 9, 77, 0, 0, -1372.235
1.55915378802788, 9, 91, 0, 0, -1372.235
1.55644368558116, 9, 90, 0, 0, -1372.235
1.55536418948386, 9, 115, 0, 0, -1372.235
1.5518967056258, 8, 104, 0, 0, -1372.235
1.55045747698259, 7, 187, 0, 0, -1372.235
1.5421134235271, 7, 239, 0, 0, -1372.235
1.5420123040971, 10, 24, 0, 0, -1372.235
1.54050941371768, 7, 271, 0, 0, -1372.235
1.53675737425158, 9, 35, 0, 0, -1372.235
1.5347967618771, 10, 37, 0, 0, -1372.235
1.53126134882556, 10, 18, 0, 0, -1372.235
1.51926617638693, 10, 55, 0, 0, -1372.235
1.51810563214051, 8, 142, 0, 0, -1372.235
1.51743892721788, 9, 77, 0, 0, -1372.235
1.51517954292948, 10, 37, 0, 0, -1372.235
1.51315493297206, 10, 42, 0, 0, -1372.235
1.50921043665707, 8, 220, 0, 0, -1372.235
1.50443775876518, 10, 44, 0, 0, -1372.235
1.50375666461075, 10, 53, 0, 0, -1372.235
1.49525334492188, 10, 61, 0, 0, -1372.235
1.49500231737129, 10, 36, 0, 0, -1372.235
1.49500009931908, 9, 79, 0, 0, -1372.235
1.48840786465322, 10, 52, 0, 0, -1372.235
1.48795337520087, 10, 59, 0, 0, -1372.235
1.48414959700881, 8, 303, 0, 0, -1372.235
1.48282811113845, 8, 163, 0, 0, -1372.235
1.48181811066478, 10, 48, 0, 0, -1372.235
1.47297396366871, 9, 34, 0, 0, -1372.235
1.4717174767216, 10, 20, 0, 0, -1372.235
1.46786484211454, 10, 33, 0, 0, -1372.235
1.46666386366823, 10, 29, 0, 0, -1372.235
1.46405496854673, 8, 123, 0, 0, -1372.235
1.46398099559318, 10, 14, 0, 0, -1372.235
1.46396699252161, 9, 88, 0, 0, -1372.235
1.46261930798125, 10, 33, 0, 0, -1372.235
1.46102228680783, 9, 54, 0, 0, -1372.235
1.45767172494766, 10, 12, 0, 0, -1372.235
1.45597752024747, 7, 253, 0, 0, -1372.235
1.45387156916922, 10, 57, 0, 0, -1372.235
1.44809690805661, 10, 60, 0, 0, -1372.235
1.44774782359932, 9, 73, 0, 0, -1372.235
1.44733312752695, 10, 30, 0, 0, -1372.235
1.4433409401811, 6, 436, 0, 0, -1372.235
1.44267625771889, 10, 20, 0, 0, -1372.235
1.44252724794842, 10, 17, 0, 0, -1372.235
1.43691448409095, 7, 279, 0, 0, -1372.235
1.436071132432, 9, 32, 0, 0, -1372.235
1.43567657647263, 10, 24, 0, 0, -1372.235
1.4343294720659, 9, 73, 0, 0, -1372.235
1.43334367181652, 9, 99, 0, 0, -1372.235
1.43315116667765, 10, 59, 0, 0, -1372.235
1.43235242879355, 9, 79, 0, 0, -1372.235
1.43098541719154, 10, 23, 0, 0, -1372.235
1.42393256594321, 10, 53, 0, 0, -1372.235
1.41399544522348, 10, 47, 0, 0, -1372.235
1.41105138720397, 10, 25, 0, 0, -1372.235
1.40965180156031, 9, 101, 0, 0, -1372.235
1.40843951588907, 10, 25, 0, 0, -1372.235
1.40133265724109, 7, 275, 0, 0, -1372.235
1.39955546791904, 9, 17, 0, 0, -1372.235
1.3975717444812, 10, 10, 0, 0, -1372.235
1.39700423426982, 10, 78, 0, 0, -1372.235
1.39627436161016, 7, 446, 0, 0, -1372.235
1.39260751571777, 10, 40, 0, 0, -1372.235
1.39159086892412, 10, 23, 0, 0, -1372.235
1.39159086892412, 10, 23, 0, 0, -1372.235
1.38960106815398, 10, 24, 0, 0, -1372.235
1.38869987945424, 9, 35, 0, 0, -1372.235
1.38710355476157, 10, 13, 0, 0, -1372.235
1.38680293650281, 7, 495, 0, 0, -1372.235
1.38272711198292, 9, 34, 0, 0, -1372.235
1.37764053242861, 10, 44, 0, 0, -1372.235
1.37519619027271, 9, 44, 0, 0, -1372.235
1.3706317297333, 9, 87, 0, 0, -1372.235
1.36363403711084, 10, 38, 0, 0, -1372.235
1.36299342788975, 10, 33, 0, 0, -1372.235
1.36263138686131, 9, 64, 0, 0, -1372.235
1.35804433643226, 9, 106, 0, 0, -1372.235
1.35633542695878, 10, 14, 0, 0, -1372.235
1.35586242331, 10, 17, 0, 0, -1372.235
1.35473666674645, 10, 47, 0, 0, -1372.235
1.35034622268837, 10, 9, 0, 0, -1372.235
1.34652042990887, 10, 26, 0, 0, -1372.235
1.34650025328994, 8, 126, 0, 0, -1372.235
1.34647073336815, 9, 33, 0, 0, -1372.235
1.34638097342678, 8, 211, 0, 0, -1372.235
1.34544307076699, 7, 198, 0, 0, -1372.235
1.33045412127591, 7, 306, 0, 0, -1372.235
1.32977975743895, 10, 45, 0, 0, -1372.235
1.32721898059254, 10, 39, 0, 0, -1372.235
1.32617165439032, 7, 283, 0, 0, -1372.235
1.32437297346148, 10, 33, 0, 0, -1372.235
1.321041159241, 9, 75, 0, 0, -1372.235
1.32089499776749, 9, 102, 0, 0, -1372.235
1.32055099144176, 9, 95, 0, 0, -1372.235
1.32014382934518, 10, 30, 0, 0, -1372.235
1.31989464310071, 6, 646, 0, 0, -1372.235
1.31677337813336, 10, 20, 0, 0, -1372.235
1.31473110481508, 8, 132, 0, 0, -1372.235
1.31148845151784, 8, 292, 0, 0, -1372.235
1.30505261503907, 10, 38, 0, 0, -1372.235
1.30496653028687, 9, 46, 0, 0, -1372.235
1.30314865388959, 10, 65, 0, 0, -1372.235
1.29848420885839, 6, 495, 0, 0, -1372.235
1.29760498256281, 7, 486, 0, 0, -1372.235
1.29687813641658, 8, 129, 0, 0, -1372.235
1.29679565409917, 9, 86, 0, 0, -1372.235
1.29487775056357, 9, 91, 0, 0, -1372.235
1.292747548515, 10, 20, 0, 0, -1372.235
1.2849030904767, 9, 90, 0, 0, -1372.235
1.28368992073052, 9, 60, 0, 0, -1372.235
1.28313811619431, 9, 92, 0, 0, -1372.235
1.2829956834683, 6, 489, 0, 0, -1372.235
1.28288849866035, 10, 53, 0, 0, -1372.235
1.28035232631763, 10, 30, 0, 0, -1372.235
1.27249990636446, 10, 39, 0, 0, -1372.235
1.26981341656796, 10, 43, 0, 0, -1372.235
1.26881696875044, 10, 12, 0, 0, -1372.235
1.26827816633484, 10, 27, 0, 0, -1372.235
1.26827816633484, 10, 27, 0, 0, -1372.235
1.2675717989398, 10, 35, 0, 0, -1372.235
1.26690099923563, 10, 18, 0, 0, -1372.235
1.26559462081127, 10, 51, 0, 0, -1372.235
1.2643091714772, 10, 21, 0, 0, -1372.235
1.26325019444712, 9, 46, 0, 0, -1372.235
1.2626053447915, 10, 28, 0, 0, -1372.235
1.26201225415919, 10, 52, 0, 0, -1372.235
1.2602651209538, 9, 89, 0, 0, -1372.235
1.25852721754757, 9, 32, 0, 0, -1372.235
1.25811862550836, 10, 20, 0, 0, -1372.235
1.25326595006559, 9, 61, 0, 0, -1372.235
1.25242716805208, 9, 58, 0, 0, -1372.235
1.25118764231998, 2, 8759, 0, 0, -1372.235
1.24879323144847, 8, 134, 0, 0, -1372.235
1.24441705149375, 8, 141, 0, 0, -1372.235
1.24441276874935, 10, 16, 0, 0, -1372.235
1.2433234674501, 10, 36, 0, 0, -1372.235
1.24039683916285, 10, 55, 0, 0, -1372.235
1.24029027184433, 10, 48, 0, 0, -1372.235
1.2393230093613, 10, 24, 0, 0, -1372.235
1.23870474750335, 9, 99, 0, 0, -1372.235
1.23254385839204, 9, 63, 0, 0, -1372.235
1.22995344949515, 8, 204, 0, 0, -1372.235
1.22966848714755, 9, 67, 0, 0, -1372.235
1.22947344642574, 9, 57, 0, 0, -1372.235
1.22735528953468, 9, 89, 0, 0, -1372.235
1.22596309110827, 8, 137, 0, 0, -1372.235
1.22460792022844, 9, 104, 0, 0, -1372.235
1.22350583099229, 10, 43, 0, 0, -1372.235
1.2229392724131, 10, 54, 0, 0, -1372.235
1.22112273336834, 9, 73, 0, 0, -1372.235
1.22110464651689, 9, 60, 0, 0, -1372.235
1.22092673101661, 7, 521, 0, 0, -1372.235
1.21936118081316, 10, 47, 0, 0, -1372.235
1.21816091873383, 10, 51, 0, 0, -1372.235
1.21745626409006, 10, 92, 0, 0, -1372.235
1.21710829380693, 10, 22, 0, 0, -1372.235
1.21693942748266, 8, 103, 0, 0, -1372.235
1.21544468444462, 10, 35, 0, 0, -1372.235
1.21405506466589, 10, 10, 0, 0, -1372.235
1.21358936234234, 8, 239, 0, 0, -1372.235
1.21350196251919, 10, 16, 0, 0, -1372.235
1.21267295576699, 10, 49, 0, 0, -1372.235
1.21191667358977, 8, 86, 0, 0, -1372.235
1.21086202477904, 10, 50, 0, 0, -1372.235
1.20799140038159, 10, 21, 0, 0, -1372.235
1.2048890857242, 9, 124, 0, 0, -1372.235
1.20202581414698, 9, 47, 0, 0, -1372.235
1.19806854408002, 10, 51, 0, 0, -1372.235
1.19638843855161, 4, 1329, 0, 0, -1372.235
1.19348995645592, 6, 398, 0, 0, -1372.235
1.19316954309237, 10, 47, 0, 0, -1372.235
1.19108859194729, 9, 69, 0, 0, -1372.235
1.18614397463976, 7, 222, 0, 0, -1372.235
1.1847209452454, 9, 62, 0, 0, -1372.235
1.17949451237966, 10, 20, 0, 0, -1372.235
1.17948229386135, 10, 31, 0, 0, -1372.235
1.17822467330619, 9, 52, 0, 0, -1372.235
1.17338347136099, 6, 435, 0, 0, -1372.235
1.17166040893961, 9, 71, 0, 0, -1372.235
1.16322857080915, 10, 32, 0, 0, -1372.235
1.15798012195307, 8, 151, 0, 0, -1372.235
1.15723547636572, 7, 346, 0, 0, -1372.235
1.15603120862434, 10, 23, 0, 0, -1372.235
1.14623001333885, 6, 655, 0, 0, -1372.235
1.13827351016734, 9, 56, 0, 0, -1372.235
1.13700935971669, 10, 40, 0, 0, -1372.235
1.1366972179223, 10, 47, 0, 0, -1372.235
1.13578752861121, 10, 49, 0, 0, -1372.235
1.13540983160108, 7, 124, 0, 0, -1372.235
1.13143853185968, 9, 68, 0, 0, -1372.235
1.13133627613183, 8, 79, 0, 0, -1372.235
1.1225016833793, 9, 135, 0, 0, -1372.235
1.12228995193323, 7, 225, 0, 0, -1372.235
1.12159603881225, 8, 145, 0, 0, -1372.235
1.12084216441791, 10, 52, 0, 0, -1372.235
1.1182415920605, 10, 19, 0, 0, -1372.235
1.11538554580656, 9, 44, 0, 0, -1372.235
1.113881157341, 10, 36, 0, 0, -1372.235
1.11094987045877, 10, 32, 0, 0, -1372.235
1.11015882498535, 8, 115, 0, 0, -1372.235
1.1097890472084, 10, 10, 0, 0, -1372.235
1.10899109552318, 10, 46, 0, 0, -1372.235
1.10790872151847, 9, 73, 0, 0, -1372.235
1.10592144191229, 10, 34, 0, 0, -1372.235
1.10497560347773, 6, 585, 0, 0, -1372.235
1.10267312607498, 10, 54, 0, 0, -1372.235
1.10171275657602, 9, 68, 0, 0, -1372.235
1.09405592724955, 8, 189, 0, 0, -1372.235
1.0903529078396, 8, 150, 0, 0, -1372.235
1.08598153504462, 10, 19, 0, 0, -1372.235
1.0857151017803, 8, 83, 0, 0, -1372.235
1.08177171157137, 9, 62, 0, 0, -1372.235
1.07906859452064, 9, 73, 0, 0, -1372.235
1.07843195527055, 10, 25, 0, 0, -1372.235
1.07390012382176, 9, 70, 0, 0, -1372.235
1.07314281332576, 10, 33, 0, 0, -1372.235
1.06409096194057, 10, 60, 0, 0, -1372.235
1.06088233624577, 7, 424, 0, 0, -1372.235
1.06073905478632, 8, 92, 0, 0, -1372.235
1.05964808091426, 7, 360, 0, 0, -1372.235
1.05893751071669, 10, 26, 0, 0, -1372.235
1.05593509479421, 6, 461, 0, 0, -1372.235
1.05417041949391, 10, 41, 0, 0, -1372.235
1.05113410863713, 6, 632, 0, 0, -1372.235
1.04277838327378, 7, 367, 0, 0, -1372.235
1.04181927213975, 8, 120, 0, 0, -1372.235
1.03958865837235, 10, 36, 0, 0, -1372.235
1.0389267506878, 10, 58, 0, 0, -1372.235
1.03241787294886, 10, 43, 0, 0, -1372.235
1.03100967556531, 10, 35, 0, 0, -1372.235
1.02947889020593, 7, 273, 0, 0, -1372.235
1.02736022385523, 8, 116, 0, 0, -1372.235
1.02505349335332, 10, 11, 0, 0, -1372.235
1.02177359880997, 9, 37, 0, 0, -1372.235
1.01966637899815, 9, 63, 0, 0, -1372.235
1.01885629025612, 7, 174, 0, 0, -1372.235
1.01751569941681, 9, 27, 0, 0, -1372.235
1.01691374621504, 8, 109, 0, 0, -1372.235
1.0161212022844, 10, 37, 0, 0, -1372.235
1.01605482378377, 9, 98, 0, 0, -1372.235
1.01190804683476, 9, 117, 0, 0, -1372.235
1.01177560126403, 10, 13, 0, 0, -1372.235
1.01101909075805, 10, 47, 0, 0, -1372.235
1.01090669122208, 10, 34, 0, 0, -1372.235
1.0103021973693, 10, 27, 0, 0, -1372.235
1.01026932176676, 9, 134, 0, 0, -1372.235
1.00991459419466, 10, 56, 0, 0, -1372.235
1.0082746917882, 8, 130, 0, 0, -1372.235
1.00670505448272, 10, 27, 0, 0, -1372.235
0.997142982998234, 10, 55, 0, 0, -1372.235
0.995500053327204, 9, 83, 0, 0, -1372.235
0.99392468252421, 10, 44, 0, 0, -1372.235
0.991799818716535, 9, 137, 0, 0, -1372.235
0.990535301699731, 10, 33, 0, 0, -1372.235
0.990001347792364, 9, 30, 0, 0, -1372.235
0.989536341537242, 8, 100, 0, 0, -1372.235
0.988797236434575, 10, 63, 0, 0, -1372.235
0.986461858357558, 10, 12, 0, 0, -1372.235
0.986000243900498, 6, 536, 0, 0, -1372.235
0.985481267855724, 10, 53, 0, 0, -1372.235
0.985466764734292, 10, 44, 0, 0, -1372.235
0.983240239557809, 8, 78, 0, 0, -1372.235
0.982683437689372, 9, 78, 0, 0, -1372.235
0.980868484921414, 8, 125, 0, 0, -1372.235
0.97831098996954, 10, 63, 0, 0, -1372.235
0.978131278824938, 9, 75, 0, 0, -1372.235
0.975631000413915, 10, 13, 0, 0, -1372.235
0.973473944629858, 10, 60, 0, 0, -1372.235
0.97008884649186, 7, 268, 0, 0, -1372.235
0.968731336646392, 10, 20, 0, 0, -1372.235
0.968003323577944, 9, 82, 0, 0, -1372.235
0.967543058675778, 9, 54, 0, 0, -1372.235
0.96739430625697, 6, 520, 0, 0, -1372.235
0.966743977871584, 10, 38, 0, 0, -1372.235
0.966720163906009, 10, 9, 0, 0, -1372.235
0.966542702574536, 8, 98, 0, 0, -1372.235
0.964889211998292, 8, 136, 0, 0, -1372.235
0.962727741827009, 10, 68, 0, 0, -1372.235
0.96088096204422, 9, 58, 0, 0, -1372.235
0.960880962044215, 9, 58, 0, 0, -1372.235
0.957460813846007, 5, 1600, 0, 0, -1372.235
0.95595435538305, 9, 95, 0, 0, -1372.235
0.955377154647452, 6, 815, 0, 0, -1372.235
0.954359959837636, 10, 22, 0, 0, -1372.235
0.952819957825504, 10, 23, 0, 0, -1372.235
0.949893417411788, 10, 28, 0, 0, -1372.235
0.947543226372744, 10, 66, 0, 0, -1372.235
0.946961934892439, 10, 15, 0, 0, -1372.235
0.946961934892434, 10, 15, 0, 0, -1372.235
0.942557011527593, 10, 44, 0, 0, -1372.235
0.942557011527583, 10, 44, 0, 0, -1372.235
0.937396250203782, 10, 12, 0, 0, -1372.235
0.937395991569938, 4, 1781, 0, 0, -1372.235
0.934410123038539, 7, 79, 0, 0, -1372.235
0.93401681387441, 9, 71, 0, 0, -1372.235
0.931155002322183, 10, 61, 0, 0, -1372.235
0.929858338918095, 9, 109, 0, 0, -1372.235
0.929303683123484, 10, 37, 0, 0, -1372.235
0.928621823498283, 10, 51, 0, 0, -1372.235
0.927087118717197, 10, 21, 0, 0, -1372.235
0.926995365049635, 9, 56, 0, 0, -1372.235
0.926850753545733, 9, 130, 0, 0, -1372.235
0.926610451577274, 10, 25, 0, 0, -1372.235
0.925379885919188, 10, 30, 0, 0, -1372.235
0.922518121471289, 10, 29, 0, 0, -1372.235
0.922416071356499, 10, 35, 0, 0, -1372.235
0.921685233323802, 9, 44, 0, 0, -1372.235
0.916548949425285, 10, 53, 0, 0, -1372.235
0.915143631471455, 7, 81, 0, 0, -1372.235
0.91418862245409, 10, 40, 0, 0, -1372.235
0.913126170983257, 10, 30, 0, 0, -1372.235
0.912846080817859, 10, 31, 0, 0, -1372.235
0.907755593983277, 10, 33, 0, 0, -1372.235
0.906813736592255, 9, 94, 0, 0, -1372.235
0.906194369947814, 9, 113, 0, 0, -1372.235
0.905234669810599, 9, 67, 0, 0, -1372.235
0.903066552586914, 9, 77, 0, 0, -1372.235
0.900728702181874, 10, 65, 0, 0, -1372.235
0.899932154829294, 8, 149, 0, 0, -1372.235
0.898594482273121, 10, 30, 0, 0, -1372.235
0.894591360757654, 10, 28, 0, 0, -1372.235
0.893381042007087, 8, 124, 0, 0, -1372.235
0.893041954554768, 9, 115, 0, 0, -1372.235
0.891840076121767, 9, 66, 0, 0, -1372.235
0.888988520319796, 5, 1749, 0, 0, -1372.235
0.886149947436877, 10, 66, 0, 0, -1372.235
0.882208374170386, 10, 15, 0, 0, -1372.235
0.881797048137594, 10, 45, 0, 0, -1372.235
0.881797048137587, 10, 45, 0, 0, -1372.235
0.879804889209838, 10, 35, 0, 0, -1372.235
0.878266121086605, 10, 67, 0, 0, -1372.235
0.876134788948421, 10, 36, 0, 0, -1372.235
0.875863117306069, 9, 98, 0, 0, -1372.235
0.875663563259156, 10, 44, 0, 0, -1372.235
0.865560530881672, 9, 91, 0, 0, -1372.235
0.864209309704698, 10, 12, 0, 0, -1372.235
0.859709745931046, 9, 73, 0, 0, -1372.235
0.857315643668445, 10, 34, 0, 0, -1372.235
0.857020093086931, 9, 103, 0, 0, -1372.235
0.856526866714222, 10, 48, 0, 0, -1372.235
0.855566771008347, 10, 44, 0, 0, -1372.235
0.852232163518141, 9, 46, 0, 0, -1372.235
0.851014598879836, 10, 16, 0, 0, -1372.235
0.849646627181435, 10, 79, 0, 0, -1372.235
0.847532042130936, 10, 19, 0, 0, -1372.235
0.847088795782741, 8, 159, 0, 0, -1372.235
0.846913388775906, 10, 27, 0, 0, -1372.235
0.846266357688296, 10, 26, 0, 0, -1372.235
0.841660908293743, 10, 13, 0, 0, -1372.235
0.840407597214578, 10, 16, 0, 0, -1372.235
0.840277241292742, 10, 69, 0, 0, -1372.235
0.840080143273512, 7, 178, 0, 0, -1372.235
0.836854217259294, 10, 35, 0, 0, -1372.235
0.830853421506287, 10, 54, 0, 0, -1372.235
0.828943671122069, 10, 20, 0, 0, -1372.235
0.827851597288064, 10, 36, 0, 0, -1372.235
0.826631011315651, 10, 41, 0, 0, -1372.235
0.826531697255767, 10, 60, 0, 0, -1372.235
0.826476199900016, 9, 147, 0, 0, -1372.235
0.824161759831494, 10, 12, 0, 0, -1372.235
0.824079121269678, 10, 15, 0, 0, -1372.235
0.824022609810589, 9, 75, 0, 0, -1372.235
0.82192355104089, 10, 37, 0, 0, -1372.235
0.82108947604489, 3, 2875, 0, 0, -1372.235
0.820471196118617, 10, 21, 0, 0, -1372.235
0.819914780533264, 10, 43, 0, 0, -1372.235
0.819853045621785, 6, 366, 0, 0, -1372.235
0.819635735883541, 9, 35, 0, 0, -1372.235
0.819601044993162, 10, 39, 0, 0, -1372.235
0.819071762148658, 10, 15, 0, 0, -1372.235
0.818021131168779, 10, 21, 0, 0, -1372.235
0.816220892806, 10, 40, 0, 0, -1372.235
0.813723531306045, 9, 98, 0, 0, -1372.235
0.811583155564199, 10, 26, 0, 0, -1372.235
0.810470865083067, 8, 183, 0, 0, -1372.235
0.810302735412438, 10, 27, 0, 0, -1372.235
0.809466008046152, 10, 28, 0, 0, -1372.235
0.80827979416981, 10, 26, 0, 0, -1372.235
0.806224829980714, 8, 132, 0, 0, -1372.235
0.805898256488287, 10, 36, 0, 0, -1372.235
0.804564108266097, 7, 231, 0, 0, -1372.235
0.802123533390412, 7, 355, 0, 0, -1372.235
0.801719679576812, 9, 75, 0, 0, -1372.235
0.798093972858176, 8, 79, 0, 0, -1372.235
0.791266850369609, 8, 135, 0, 0, -1372.235
0.791255217889162, 10, 14, 0, 0, -1372.235
0.789413605555096, 6, 383, 0, 0, -1372.235
0.782228591197485, 6, 412, 0, 0, -1372.235
0.782093378737867, 9, 42, 0, 0, -1372.235
0.780140771628722, 10, 25, 0, 0, -1372.235
0.779903361580164, 8, 103, 0, 0, -1372.235
0.778160821664452, 10, 30, 0, 0, -1372.235
0.774294241213321, 10, 51, 0, 0, -1372.235
0.770222501356306, 10, 40, 0, 0, -1372.235
0.769050813310419, 3, 3110, 0, 0, -1372.235
0.768299416408891, 10, 34, 0, 0, -1372.235
0.766559659090909, 10, 64, 0, 0, -1372.235
0.762265623229023, 10, 44, 0, 0, -1372.235
0.761759519961809, 10, 48, 0, 0, -1372.235
0.75897423915294, 10, 19, 0, 0, -1372.235
0.753298313190829, 10, 31, 0, 0, -1372.235
0.752354380695975, 9, 44, 0, 0, -1372.235
0.751837248284408, 9, 72, 0, 0, -1372.235
0.750690037609545, 8, 297, 0, 0, -1372.235
0.745498490932161, 10, 49, 0, 0, -1372.235
0.745370459115533, 10, 39, 0, 0, -1372.235
0.745024942601422, 10, 7, 0, 0, -1372.235
0.744787912293774, 8, 106, 0, 0, -1372.235
0.744341212007533, 7, 349, 0, 0, -1372.235
0.743161970065569, 10, 68, 0, 0, -1372.235
0.740500171323548, 10, 88, 0, 0, -1372.235
0.735887353337815, 2, 10439, 0, 0, -1372.235
0.734068716993466, 10, 24, 0, 0, -1372.235
0.734048467847126, 8, 177, 0, 0, -1372.235
0.733651655818467, 9, 31, 0, 0, -1372.235
0.732184778709771, 9, 170, 0, 0, -1372.235
0.731241170149656, 10, 21, 0, 0, -1372.235
0.729615347172062, 10, 30, 0, 0, -1372.235
0.729465796012791, 10, 28, 0, 0, -1372.235
0.728070616532682, 10, 43, 0, 0, -1372.235
0.727912281108493, 10, 51, 0, 0, -1372.235
0.727101160848257, 9, 91, 0, 0, -1372.235
0.726862397906653, 8, 104, 0, 0, -1372.235
0.72056163940568, 7, 313, 0, 0, -1372.235
0.719365762935563, 10, 30, 0, 0, -1372.235
0.714090179261996, 3, 3965, 0, 0, -1372.235
0.713773108963413, 8, 141, 0, 0, -1372.235
0.713763118952897, 10, 34, 0, 0, -1372.235
0.713172320636187, 8, 109, 0, 0, -1372.235
0.712982184909714, 9, 48, 0, 0, -1372.235
0.711803115269699, 10, 32, 0, 0, -1372.235
0.710161708235308, 7, 302, 0, 0, -1372.235
0.708965580252106, 7, 370, 0, 0, -1372.235
0.7079205823617, 10, 18, 0, 0, -1372.235
0.706243670027594, 9, 81, 0, 0, -1372.235
0.705270565266766, 10, 33, 0, 0, -1372.235
0.70312603910131, 9, 50, 0, 0, -1372.235
0.702075739144844, 10, 47, 0, 0, -1372.235
0.701922747789847, 7, 323, 0, 0, -1372.235
0.701152254026426, 8, 193, 0, 0, -1372.235
0.70022843997323, 10, 62, 0, 0, -1372.235
0.698726396175414, 10, 63, 0, 0, -1372.235
0.698126700523798, 10, 23, 0, 0, -1372.235
0.697801061178142, 10, 20, 0, 0, -1372.235
0.696195732812248, 10, 42, 0, 0, -1372.235
0.694279973468369, 10, 18, 0, 0, -1372.235
0.692797102603545, 10, 28, 0, 0, -1372.235
0.692010596871016, 8, 126, 0, 0, -1372.235
0.690953831042235, 10, 63, 0, 0, -1372.235
0.690885136626832, 8, 116, 0, 0, -1372.235
0.690559328520728, 9, 121, 0, 0, -1372.235
0.690283392207987, 10, 41, 0, 0, -1372.235
0.68927934524391, 7, 267, 0, 0, -1372.235
0.687124819877183, 10, 43, 0, 0, -1372.235
0.685680293384538, 9, 46, 0, 0, -1372.235
0.685292157311371, 10, 39, 0, 0, -1372.235
0.683766730697083, 2, 11401, 0, 0, -1372.235
0.683556265694641, 9, 98, 0, 0, -1372.235
0.682804828570429, 6, 485, 0, 0, -1372.235
0.679633386684462, 10, 42, 0, 0, -1372.235
0.678084864920911, 9, 83, 0, 0, -1372.235
0.677124045542936, 8, 116, 0, 0, -1372.235
0.675755409577123, 8, 178, 0, 0, -1372.235
0.673946428571431, 10, 64, 0, 0, -1372.235
0.67390713785128, 10, 33, 0, 0, -1372.235
0.671048300105919, 10, 51, 0, 0, -1372.235
0.670175587660318, 10, 30, 0, 0, -1372.235
0.669168979540336, 9, 48, 0, 0, -1372.235
0.667692810316611, 9, 66, 0, 0, -1372.235
0.661272727395479, 8, 99, 0, 0, -1372.235
0.659153125518175, 8, 130, 0, 0, -1372.235
0.654729741988654, 10, 25, 0, 0, -1372.235
0.654235359052076, 10, 24, 0, 0, -1372.235
0.653790416387951, 10, 44, 0, 0, -1372.235
0.653673488259222, 10, 38, 0, 0, -1372.235
0.650483090423574, 9, 130, 0, 0, -1372.235
0.649000528459466, 10, 34, 0, 0, -1372.235
0.646358922019075, 10, 34, 0, 0, -1372.235
0.644679980003087, 10, 59, 0, 0, -1372.235
0.643071732116081, 10, 41, 0, 0, -1372.235
0.640706077114331, 8, 121, 0, 0, -1372.235
0.640597847184497, 8, 156, 0, 0, -1372.235
0.640290680252318, 9, 72, 0, 0, -1372.235
0.639024353842334, 10, 38, 0, 0, -1372.235
0.637573849926381, 10, 41, 0, 0, -1372.235
0.636647974929879, 10, 39, 0, 0, -1372.235
0.635222340626794, 10, 38, 0, 0, -1372.235
0.634312060922122, 7, 295, 0, 0, -1372.235
0.633905058515104, 10, 47, 0, 0, -1372.235
0.631890837131371, 10, 63, 0, 0, -1372.235
0.630286818683215, 10, 42, 0, 0, -1372.235
0.630124964605206, 10, 55, 0, 0, -1372.235
0.628708968583234, 9, 128, 0, 0, -1372.235
0.628131086733106, 10, 47, 0, 0, -1372.235
0.625309976388862, 10, 42, 0, 0, -1372.235
0.624080659962224, 10, 8, 0, 0, -1372.235
0.623652312992125, 10, 64, 0, 0, -1372.235
0.621049964020055, 10, 25, 0, 0, -1372.235
0.619292891400983, 10, 51, 0, 0, -1372.235
0.617336543178027, 9, 34, 0, 0, -1372.235
0.617336543178018, 9, 34, 0, 0, -1372.235
0.616844133177002, 10, 32, 0, 0, -1372.235
0.616498463910026, 10, 49, 0, 0, -1372.235
0.616012959419553, 8, 141, 0, 0, -1372.235
0.614913010155619, 9, 91, 0, 0, -1372.235
0.61350640479291, 10, 28, 0, 0, -1372.235
0.610981821897076, 9, 44, 0, 0, -1372.235
0.610842579287468, 10, 43, 0, 0, -1372.235
0.61056610344472, 9, 46, 0, 0, -1372.235
0.606702090847482, 10, 56, 0, 0, -1372.235
0.606028128584931, 10, 58, 0, 0, -1372.235
0.604017293918076, 10, 37, 0, 0, -1372.235
0.600222484137051, 9, 75, 0, 0, -1372.235
0.599251484004398, 10, 44, 0, 0, -1372.235
0.597488322735594, 9, 99, 0, 0, -1372.235
0.596246093964487, 10, 41, 0, 0, -1372.235
0.595487545380451, 9, 97, 0, 0, -1372.235
0.59081016010848, 8, 57, 0, 0, -1372.235
0.589890873116284, 9, 47, 0, 0, -1372.235
0.58879925312574, 10, 43, 0, 0, -1372.235
0.58876320376567, 9, 46, 0, 0, -1372.235
0.587724245455061, 9, 27, 0, 0, -1372.235
0.583066017955986, 10, 59, 0, 0, -1372.235
0.581190393680897, 8, 94, 0, 0, -1372.235
0.58018461210259, 10, 39, 0, 0, -1372.235
0.579631786634725, 9, 48, 0, 0, -1372.235
0.576119671005937, 9, 55, 0, 0, -1372.235
0.573216715863012, 9, 99, 0, 0, -1372.235
0.572830926341493, 10, 39, 0, 0, -1372.235
0.571465354777353, 9, 60, 0, 0, -1372.235
0.569021619387736, 10, 17, 0, 0, -1372.235
0.566654003948053, 9, 145, 0, 0, -1372.235
0.561432070523019, 9, 8, 0, 0, -1372.235
0.560799853751238, 10, 24, 0, 0, -1372.235
0.560379191884488, 9, 108, 0, 0, -1372.235
0.559224125261034, 9, 57, 0, 0, -1372.235
0.559091228801464, 10, 48, 0, 0, -1372.235
0.556980578417754, 9, 92, 0, 0, -1372.235
0.555643107966858, 10, 33, 0, 0, -1372.235
0.554652200904722, 8, 153, 0, 0, -1372.235
0.55374745805634, 9, 29, 0, 0, -1372.235
0.553017710556573, 10, 12, 0, 0, -1372.235
0.55219352735338, 10, 45, 0, 0, -1372.235
0.551644042348287, 9, 54, 0, 0, -1372.235
0.548591744634158, 10, 26, 0, 0, -1372.235
0.54578457446809, 10, 64, 0, 0, -1372.235
0.545472993280112, 9, 52, 0, 0, -1372.235
0.54508937942054, 10, 23, 0, 0, -1372.235
0.543299354306756, 10, 25, 0, 0, -1372.235
0.543273044842139, 9, 55, 0, 0, -1372.235
0.541455064365054, 9, 57, 0, 0, -1372.235
0.538802422492365, 10, 28, 0, 0, -1372.235
0.534521462775573, 10, 45, 0, 0, -1372.235
0.529481150678727, 9, 45, 0, 0, -1372.235
0.528103106871976, 10, 59, 0, 0, -1372.235
0.52806807979692, 10, 43, 0, 0, -1372.235
0.528013530853676, 10, 25, 0, 0, -1372.235
0.526370472627957, 10, 40, 0, 0, -1372.235
0.524613509204693, 10, 26, 0, 0, -1372.235
0.521496115874415, 10, 22, 0, 0, -1372.235
0.520129186670666, 9, 37, 0, 0, -1372.235
0.519612226082565, 9, 35, 0, 0, -1372.235
0.519497896964631, 10, 33, 0, 0, -1372.235
0.51940675651971, 10, 76, 0, 0, -1372.235
0.519144758016532, 10, 33, 0, 0, -1372.235
0.519100925864365, 10, 23, 0, 0, -1372.235
0.518877021296125, 9, 72, 0, 0, -1372.235
0.518652447884403, 9, 47, 0, 0, -1372.235
0.517333518985033, 10, 13, 0, 0, -1372.235
0.516988345226445, 10, 21, 0, 0, -1372.235
0.516444729141682, 7, 143, 0, 0, -1372.235
0.515302318494995, 9, 101, 0, 0, -1372.235
0.515115339283863, 10, 20, 0, 0, -1372.235
0.515083014717259, 7, 444, 0, 0, -1372.235
0.514514658458961, 9, 71, 0, 0, -1372.235
0.5140765318128, 8, 180, 0, 0, -1372.235
0.513275764427542, 9, 120, 0, 0, -1372.235
0.513115375573821, 10, 34, 0, 0, -1372.235
0.512004062026631, 10, 32, 0, 0, -1372.235
0.511395644422325, 8, 123, 0, 0, -1372.235
0.510018865696551, 8, 68, 0, 0, -1372.235
0.509132318912299, 9, 21, 0, 0, -1372.235
0.507681224303443, 9, 90, 0, 0, -1372.235
0.503173118594296, 8, 190, 0, 0, -1372.235
0.501186763540694, 7, 61, 0, 0, -1372.235
0.499140847814926, 10, 37, 0, 0, -1372.235
0.497531651864159, 9, 208, 0, 0, -1372.235
0.49716978088708, 10, 33, 0, 0, -1372.235
0.495905082175681, 8, 175, 0, 0, -1372.235
0.49427496086366, 10, 33, 0, 0, -1372.235
0.493399412673922, 10, 32, 0, 0, -1372.235
0.491495854431593, 8, 129, 0, 0, -1372.235
0.490914132286496, 9, 72, 0, 0, -1372.235
0.490400533141478, 10, 26, 0, 0, -1372.235
0.489078928474931, 9, 69, 0, 0, -1372.235
0.48752720259719, 9, 45, 0, 0, -1372.235
0.486826347880352, 7, 427, 0, 0, -1372.235
0.485978390548832, 10, 35, 0, 0, -1372.235
0.485179753493055, 9, 100, 0, 0, -1372.235
0.482744655493264, 10, 47, 0, 0, -1372.235
0.480907990968652, 10, 33, 0, 0, -1372.235
0.480750286262142, 8, 125, 0, 0, -1372.235
0.477981343626823, 9, 85, 0, 0, -1372.235
0.474582595868243, 3, 6474, 0, 0, -1372.235
0.474332010153843, 8, 28, 0, 0, -1372.235
0.473859172304468, 8, 224, 0, 0, -1372.235
0.473374633895875, 9, 103, 0, 0, -1372.235
0.471934781920385, 10, 37, 0, 0, -1372.235
0.471707720962407, 9, 30, 0, 0, -1372.235
0.470410682769941, 9, 54, 0, 0, -1372.235
0.467942064449303, 10, 44, 0, 0, -1372.235
0.467838147247815, 10, 77, 0, 0, -1372.235
0.467743638500473, 10, 40, 0, 0, -1372.235
0.466386193055746, 10, 53, 0, 0, -1372.235
0.461426014746129, 10, 32, 0, 0, -1372.235
0.460774377250612, 9, 57, 0, 0, -1372.235
0.459392837945716, 9, 26, 0, 0, -1372.235
0.458802801724135, 9, 64, 0, 0, -1372.235
0.458078134919102, 10, 46, 0, 0, -1372.235
0.456175194582067, 10, 35, 0, 0, -1372.235
0.451998671762832, 10, 30, 0, 0, -1372.235
0.450979924153788, 10, 51, 0, 0, -1372.235
0.450967267273469, 8, 59, 0, 0, -1372.235
0.447259072974393, 9, 33, 0, 0, -1372.235
0.446393672710589, 8, 204, 0, 0, -1372.235
0.446253894656798, 7, 474, 0, 0, -1372.235
0.44505428331306, 10, 27, 0, 0, -1372.235
0.441493850335067, 9, 60, 0, 0, -1372.235
0.441269837729159, 9, 56, 0, 0, -1372.235
0.438996352827066, 10, 41, 0, 0, -1372.235
0.438728651060014, 10, 83, 0, 0, -1372.235
0.436067882692931, 9, 45, 0, 0, -1372.235
0.435663461078694, 10, 55, 0, 0, -1372.235
0.434800801447217, 10, 40, 0, 0, -1372.235
0.434273583249112, 10, 13, 0, 0, -1372.235
0.432559479591915, 10, 39, 0, 0, -1372.235
0.432188455083041, 9, 52, 0, 0, -1372.235
0.430765004379154, 9, 75, 0, 0, -1372.235
0.427917454948898, 10, 29, 0, 0, -1372.235
0.427798493091786, 10, 49, 0, 0, -1372.235
0.427706783675873, 10, 25, 0, 0, -1372.235
0.42558117414009, 10, 46, 0, 0, -1372.235
0.424419880492208, 7, 394, 0, 0, -1372.235
0.424334304290875, 8, 156, 0, 0, -1372.235
0.422434384295584, 10, 37, 0, 0, -1372.235
0.421062825911441, 10, 40, 0, 0, -1372.235
0.420491058536138, 10, 34, 0, 0, -1372.235
0.419513529727723, 8, 139, 0, 0, -1372.235
0.419255627851052, 9, 62, 0, 0, -1372.235
0.41748728611713, 10, 33, 0, 0, -1372.235
0.416212613335453, 10, 19, 0, 0, -1372.235
0.413636806767575, 8, 33, 0, 0, -1372.235
0.41265182018503, 6, 323, 0, 0, -1372.235
0.410607212832885, 9, 102, 0, 0, -1372.235
0.403484387928342, 8, 58, 0, 0, -1372.235
0.402715192393243, 10, 10, 0, 0, -1372.235
0.402714257744611, 9, 68, 0, 0, -1372.235
0.402182954473509, 10, 35, 0, 0, -1372.235
0.399976162500998, 10, 39, 0, 0, -1372.235
0.399706057863651, 8, 156, 0, 0, -1372.235
0.398981190629234, 9, 56, 0, 0, -1372.235
0.397063446966602, 8, 153, 0, 0, -1372.235
0.395048728530184, 8, 254, 0, 0, -1372.235
0.394896096358209, 10, 30, 0, 0, -1372.235
0.392534033019036, 10, 27, 0, 0, -1372.235
0.392534033019034, 10, 27, 0, 0, -1372.235
0.388483408650023, 9, 71, 0, 0, -1372.235
0.38775670119368, 10, 23, 0, 0, -1372.235
0.387756701193659, 10, 23, 0, 0, -1372.235
0.387031126882847, 10, 60, 0, 0, -1372.235
0.387031126882847, 10, 60, 0, 0, -1372.235
0.386588622470618, 10, 51, 0, 0, -1372.235
0.383599479668552, 8, 247, 0, 0, -1372.235
0.381274746246914, 10, 57, 0, 0, -1372.235
0.378384666307185, 10, 46, 0, 0, -1372.235
0.376796570180581, 9, 60, 0, 0, -1372.235
0.376572645347707, 10, 21, 0, 0, -1372.235
0.376572645347692, 10, 21, 0, 0, -1372.235
0.374218773454654, 10, 32, 0, 0, -1372.235
0.373556672810203, 9, 92, 0, 0, -1372.235
0.368330897045975, 10, 43, 0, 0, -1372.235
0.366996283764592, 10, 47, 0, 0, -1372.235
0.366405883552251, 6, 848, 0, 0, -1372.235
0.366134794504253, 10, 35, 0, 0, -1372.235
0.36547747873093, 10, 37, 0, 0, -1372.235
0.364551694693916, 9, 45, 0, 0, -1372.235
0.361423158039942, 10, 37, 0, 0, -1372.235
0.361044160347233, 10, 30, 0, 0, -1372.235
0.360769295916641, 10, 63, 0, 0, -1372.235
0.35855400509472, 10, 10, 0, 0, -1372.235
0.358502964839262, 10, 35, 0, 0, -1372.235
0.357620714606522, 9, 58, 0, 0, -1372.235
0.354678655926968, 10, 79, 0, 0, -1372.235
0.354620125610941, 9, 18, 0, 0, -1372.235
0.352382755540985, 9, 65, 0, 0, -1372.235
0.351919673032076, 9, 44, 0, 0, -1372.235
0.351830377879558, 8, 274, 0, 0, -1372.235
0.350546222040938, 10, 33, 0, 0, -1372.235
0.350253427945729, 10, 16, 0, 0, -1372.235
0.348354685598475, 6, 901, 0, 0, -1372.235
0.346077755156264, 9, 57, 0, 0, -1372.235
0.346013138280616, 9, 45, 0, 0, -1372.235
0.346013138280595, 9, 45, 0, 0, -1372.235
0.342368584071278, 9, 37, 0, 0, -1372.235
0.340002414201248, 9, 103, 0, 0, -1372.235
0.338996956721131, 9, 19, 0, 0, -1372.235
0.337798679086935, 10, 45, 0, 0, -1372.235
0.337798679086931, 10, 45, 0, 0, -1372.235
0.336457542892047, 9, 45, 0, 0, -1372.235
0.335467733271203, 10, 42, 0, 0, -1372.235
0.334488783438696, 10, 34, 0, 0, -1372.235
0.33448878343869, 10, 34, 0, 0, -1372.235
0.333908642774822, 7, 154, 0, 0, -1372.235
0.331125960408828, 10, 25, 0, 0, -1372.235
0.331122824634796, 10, 18, 0, 0, -1372.235
0.330692654665623, 10, 49, 0, 0, -1372.235
0.330343016612552, 10, 49, 0, 0, -1372.235
0.32970018970912, 8, 110, 0, 0, -1372.235
0.329093749999998, 10, 64, 0, 0, -1372.235
0.329093749999991, 10, 64, 0, 0, -1372.235
0.327577738401857, 10, 40, 0, 0, -1372.235
0.326062231810196, 8, 214, 0, 0, -1372.235
0.32478658471738, 8, 112, 0, 0, -1372.235
0.323840826688985, 10, 35, 0, 0, -1372.235
0.323398069935328, 10, 22, 0, 0, -1372.235
0.320934376031527, 7, 551, 0, 0, -1372.235
0.319115426965039, 5, 1670, 0, 0, -1372.235
0.31812019816466, 10, 52, 0, 0, -1372.235
0.318082413711599, 9, 53, 0, 0, -1372.235
0.317520181098289, 10, 35, 0, 0, -1372.235
0.314282744182693, 8, 91, 0, 0, -1372.235
0.310594490715239, 9, 38, 0, 0, -1372.235
0.309167464654774, 8, 317, 0, 0, -1372.235
0.308646113674683, 8, 207, 0, 0, -1372.235
0.305213980188029, 10, 77, 0, 0, -1372.235
0.304376794077697, 6, 400, 0, 0, -1372.235
0.301751540519027, 9, 70, 0, 0, -1372.235
0.298623225030934, 10, 40, 0, 0, -1372.235
0.297965182539875, 10, 57, 0, 0, -1372.235
0.296477218216538, 9, 80, 0, 0, -1372.235
0.296341494777847, 9, 39, 0, 0, -1372.235
0.29602090141114, 8, 59, 0, 0, -1372.235
0.295017742358894, 5, 1835, 0, 0, -1372.235
0.293881253578289, 10, 51, 0, 0, -1372.235
0.293357274459139, 10, 44, 0, 0, -1372.235
0.293098168553605, 10, 27, 0, 0, -1372.235
0.292233324298957, 10, 24, 0, 0, -1372.235
0.290099357966075, 6, 493, 0, 0, -1372.235
0.285510937779738, 10, 23, 0, 0, -1372.235
0.285510937779735, 10, 23, 0, 0, -1372.235
0.283982365382047, 10, 45, 0, 0, -1372.235
0.283072476908618, 10, 65, 0, 0, -1372.235
0.280008743951564, 10, 26, 0, 0, -1372.235
0.277668028983029, 10, 47, 0, 0, -1372.235
0.276614918962076, 10, 51, 0, 0, -1372.235
0.27635157125728, 10, 53, 0, 0, -1372.235
0.275831170209597, 10, 51, 0, 0, -1372.235
0.273528291577538, 9, 53, 0, 0, -1372.235
0.272950268442082, 10, 30, 0, 0, -1372.235
0.272307234625573, 6, 520, 0, 0, -1372.235
0.271403661426972, 10, 52, 0, 0, -1372.235
0.270574580725164, 9, 143, 0, 0, -1372.235
0.265592919665027, 10, 31, 0, 0, -1372.235
0.263469842535836, 6, 541, 0, 0, -1372.235
0.263424119774586, 9, 85, 0, 0, -1372.235
0.263075809789285, 9, 48, 0, 0, -1372.235
0.261225055424667, 10, 31, 0, 0, -1372.235
0.257015663379436, 10, 16, 0, 0, -1372.235
0.256808335352187, 9, 63, 0, 0, -1372.235
0.255929931560798, 8, 146, 0, 0, -1372.235
0.255747773859064, 10, 15, 0, 0, -1372.235
0.254511651786489, 10, 22, 0, 0, -1372.235
0.2543703131716, 9, 154, 0, 0, -1372.235
0.253520434262588, 9, 89, 0, 0, -1372.235
0.249241271515999, 10, 29, 0, 0, -1372.235
0.248492974874176, 10, 76, 0, 0, -1372.235
0.247309309520054, 7, 346, 0, 0, -1372.235
0.246639102914911, 10, 53, 0, 0, -1372.235
0.245783511835404, 6, 517, 0, 0, -1372.235
0.245256225522787, 10, 23, 0, 0, -1372.235
0.243966711000369, 9, 67, 0, 0, -1372.235
0.243480445614886, 5, 1582, 0, 0, -1372.235
0.242212702339024, 8, 107, 0, 0, -1372.235
0.240004948653556, 9, 98, 0, 0, -1372.235
0.239574641936448, 5, 1613, 0, 0, -1372.235
0.237165347969976, 10, 22, 0, 0, -1372.235
0.237165347969973, 10, 22, 0, 0, -1372.235
0.237113773541873, 8, 77, 0, 0, -1372.235
0.232625081167214, 5, 816, 0, 0, -1372.235
0.231633545182858, 8, 211, 0, 0, -1372.235
0.231361943886704, 9, 56, 0, 0, -1372.235
0.230870475140355, 10, 16, 0, 0, -1372.235
0.229819652715687, 8, 213, 0, 0, -1372.235
0.22932025449017, 9, 48, 0, 0, -1372.235
0.229170341422, 10, 53, 0, 0, -1372.235
0.228243704932798, 10, 26, 0, 0, -1372.235
0.226899640802291, 10, 20, 0, 0, -1372.235
0.22601625986951, 10, 20, 0, 0, -1372.235
0.224118387921616, 10, 33, 0, 0, -1372.235
0.223257828230949, 10, 38, 0, 0, -1372.235
0.22287979524753, 5, 859, 0, 0, -1372.235
0.221556655388814, 10, 30, 0, 0, -1372.235
0.221477978264132, 10, 27, 0, 0, -1372.235
0.221477978264131, 10, 27, 0, 0, -1372.235
0.220415899526629, 10, 25, 0, 0, -1372.235
0.220415899526626, 10, 25, 0, 0, -1372.235
0.219634025118483, 10, 35, 0, 0, -1372.235
0.219390687168387, 10, 73, 0, 0, -1372.235
0.218209558801377, 7, 233, 0, 0, -1372.235
0.217859277560645, 10, 21, 0, 0, -1372.235
0.217231198869568, 9, 25, 0, 0, -1372.235
0.21539786208601, 10, 36, 0, 0, -1372.235
0.214523064931417, 9, 52, 0, 0, -1372.235
0.214382620156278, 7, 238, 0, 0, -1372.235
0.214119608314697, 8, 56, 0, 0, -1372.235
0.213527330822448, 10, 28, 0, 0, -1372.235
0.212686265736682, 9, 43, 0, 0, -1372.235
0.211895498454384, 9, 72, 0, 0, -1372.235
0.209257374530913, 10, 23, 0, 0, -1372.235
0.20925737453091, 10, 23, 0, 0, -1372.235
0.209203579932849, 10, 45, 0, 0, -1372.235
0.208678620205102, 8, 168, 0, 0, -1372.235
0.208064199334892, 10, 65, 0, 0, -1372.235
0.207606877392738, 10, 78, 0, 0, -1372.235
0.207502063837088, 9, 35, 0, 0, -1372.235
0.207373615294476, 10, 29, 0, 0, -1372.235
0.206167124799836, 10, 14, 0, 0, -1372.235
0.204303117608297, 10, 21, 0, 0, -1372.235
0.201758260641469, 10, 47, 0, 0, -1372.235
0.200066196072006, 10, 19, 0, 0, -1372.235
0.199959511615937, 9, 122, 0, 0, -1372.235
0.198936946909473, 10, 22, 0, 0, -1372.235
0.198758943874304, 7, 287, 0, 0, -1372.235
0.198040285552852, 6, 727, 0, 0, -1372.235
0.197292304781085, 10, 40, 0, 0, -1372.235
0.191951445393395, 10, 72, 0, 0, -1372.235
0.191877023778808, 10, 18, 0, 0, -1372.235
0.189387455645882, 10, 23, 0, 0, -1372.235
0.189169386092853, 8, 189, 0, 0, -1372.235
0.188372630577207, 6, 772, 0, 0, -1372.235
0.188100002886194, 10, 44, 0, 0, -1372.235
0.187866917970578, 9, 87, 0, 0, -1372.235
0.185531905465845, 8, 166, 0, 0, -1372.235
0.184456002238706, 10, 16, 0, 0, -1372.235
0.184342164391114, 9, 89, 0, 0, -1372.235
0.180632666457132, 10, 49, 0, 0, -1372.235
0.180469497355121, 9, 78, 0, 0, -1372.235
0.179132875310882, 9, 116, 0, 0, -1372.235
0.178834378048821, 10, 25, 0, 0, -1372.235
0.177432099393373, 10, 28, 0, 0, -1372.235
0.177432099393369, 10, 28, 0, 0, -1372.235
0.175733402961971, 9, 43, 0, 0, -1372.235
0.172479783935773, 10, 34, 0, 0, -1372.235
0.17215388403532, 10, 32, 0, 0, -1372.235
0.171475427330186, 9, 44, 0, 0, -1372.235
0.170303290418552, 10, 41, 0, 0, -1372.235
0.170101637697403, 10, 37, 0, 0, -1372.235
0.169688898291063, 10, 46, 0, 0, -1372.235
0.167990520942274, 9, 110, 0, 0, -1372.235
0.167610875781354, 10, 16, 0, 0, -1372.235
0.166516462009138, 8, 189, 0, 0, -1372.235
0.166475881436685, 8, 200, 0, 0, -1372.235
0.166106714099871, 9, 127, 0, 0, -1372.235
0.163510173608025, 9, 67, 0, 0, -1372.235
0.16323174646064, 7, 202, 0, 0, -1372.235
0.162804346245315, 9, 57, 0, 0, -1372.235
0.162403694913972, 9, 40, 0, 0, -1372.235
0.162370718755483, 10, 50, 0, 0, -1372.235
0.161406812030668, 10, 26, 0, 0, -1372.235
0.161077967608371, 10, 53, 0, 0, -1372.235
0.160570473930906, 10, 44, 0, 0, -1372.235
0.159914787990755, 9, 48, 0, 0, -1372.235
0.158033086721006, 7, 210, 0, 0, -1372.235
0.156576979930433, 10, 29, 0, 0, -1372.235
0.153852139075092, 10, 22, 0, 0, -1372.235
0.15194103949357, 10, 18, 0, 0, -1372.235
0.151849580282605, 9, 87, 0, 0, -1372.235
0.151794703005138, 9, 96, 0, 0, -1372.235
0.15051531163607, 9, 74, 0, 0, -1372.235
0.147565244950069, 10, 41, 0, 0, -1372.235
0.146971848649325, 9, 67, 0, 0, -1372.235
0.14431132199232, 9, 132, 0, 0, -1372.235
0.143435524052726, 10, 34, 0, 0, -1372.235
0.143435524052721, 10, 34, 0, 0, -1372.235
0.142764671338065, 9, 55, 0, 0, -1372.235
0.142471870707382, 7, 266, 0, 0, -1372.235
0.141233895433474, 10, 26, 0, 0, -1372.235
0.140232751572756, 10, 47, 0, 0, -1372.235
0.139408708893335, 9, 54, 0, 0, -1372.235
0.134315066990958, 8, 98, 0, 0, -1372.235
0.132930685185176, 8, 262, 0, 0, -1372.235
0.132472578897134, 9, 73, 0, 0, -1372.235
0.131076425358859, 7, 305, 0, 0, -1372.235
0.131005397881701, 10, 51, 0, 0, -1372.235
0.130509796426292, 9, 52, 0, 0, -1372.235
0.129578031861992, 10, 45, 0, 0, -1372.235
0.129331051754502, 9, 88, 0, 0, -1372.235
0.128999371200228, 10, 23, 0, 0, -1372.235
0.12881055695263, 9, 47, 0, 0, -1372.235
0.128549458530336, 6, 577, 0, 0, -1372.235
0.127828465066132, 9, 63, 0, 0, -1372.235
0.124744245595059, 8, 95, 0, 0, -1372.235
0.124159879791082, 9, 62, 0, 0, -1372.235
0.122324466340134, 9, 33, 0, 0, -1372.235
0.120180371762996, 9, 30, 0, 0, -1372.235
0.11752558231957, 10, 33, 0, 0, -1372.235
0.115158036679875, 9, 78, 0, 0, -1372.235
0.115158036679868, 9, 78, 0, 0, -1372.235
0.112897027123928, 10, 73, 0, 0, -1372.235
0.112589387770538, 10, 32, 0, 0, -1372.235
0.110085324130109, 6, 695, 0, 0, -1372.235
0.109691832354122, 9, 72, 0, 0, -1372.235
0.109682487995262, 9, 57, 0, 0, -1372.235
0.109398648657114, 10, 67, 0, 0, -1372.235
0.109201746979357, 7, 366, 0, 0, -1372.235
0.109174958168145, 10, 29, 0, 0, -1372.235
0.106339788398752, 10, 29, 0, 0, -1372.235
0.104784335701951, 9, 76, 0, 0, -1372.235
0.102185487602512, 10, 45, 0, 0, -1372.235
0.100585628163619, 8, 123, 0, 0, -1372.235
0.0962907545021507, 9, 94, 0, 0, -1372.235
0.0958950629497907, 9, 126, 0, 0, -1372.235
0.0939543868034904, 10, 91, 0, 0, -1372.235
0.091173637471716, 10, 36, 0, 0, -1372.235
0.0888503037739608, 10, 86, 0, 0, -1372.235
0.0880886006965901, 10, 51, 0, 0, -1372.235
0.0876087934672145, 8, 128, 0, 0, -1372.235
0.0875277598273555, 10, 47, 0, 0, -1372.235
0.0873421795108683, 9, 44, 0, 0, -1372.235
0.0866746450042865, 10, 52, 0, 0, -1372.235
0.0830294094675741, 10, 37, 0, 0, -1372.235
0.081791908226063, 8, 139, 0, 0, -1372.235
0.08094704471003, 9, 77, 0, 0, -1372.235
0.077486243824249, 9, 122, 0, 0, -1372.235
0.0742235062857199, 10, 45, 0, 0, -1372.235
0.0733105960397315, 9, 61, 0, 0, -1372.235
0.0697889631261748, 9, 92, 0, 0, -1372.235
0.0669263898647779, 8, 176, 0, 0, -1372.235
0.065169167149063, 10, 36, 0, 0, -1372.235
0.0637612899520758, 10, 54, 0, 0, -1372.235
0.0627908874776372, 8, 190, 0, 0, -1372.235
0.0625264731642666, 10, 52, 0, 0, -1372.235
0.0531235234217018, 9, 93, 0, 0, -1372.235
0.05309540554221, 10, 50, 0, 0, -1372.235
0.0524934675508391, 10, 60, 0, 0, -1372.235
0.0517753576980575, 10, 61, 0, 0, -1372.235
0.0513880919886362, 10, 52, 0, 0, -1372.235
0.0511921241377261, 9, 69, 0, 0, -1372.235
0.0491734851181056, 10, 19, 0, 0, -1372.235
0.0472316081047348, 9, 76, 0, 0, -1372.235
0.0435633219375507, 9, 118, 0, 0, -1372.235
0.0435184504322924, 10, 22, 0, 0, -1372.235
0.0422021351699186, 10, 14, 0, 0, -1372.235
0.041993885422122, 10, 61, 0, 0, -1372.235
0.0417583201677047, 6, 223, 0, 0, -1372.235
0.040663577385867, 10, 47, 0, 0, -1372.235
0.040163056967211, 10, 14, 0, 0, -1372.235
0.0392756816673783, 10, 49, 0, 0, -1372.235
0.0377935041321226, 8, 179, 0, 0, -1372.235
0.0375591770890919, 10, 18, 0, 0, -1372.235
0.0330314072931113, 10, 21, 0, 0, -1372.235
0.032719986797867, 10, 19, 0, 0, -1372.235
0.0325741458602655, 10, 18, 0, 0, -1372.235
0.0308922101548644, 8, 228, 0, 0, -1372.235
0.0302904540972752, 9, 53, 0, 0, -1372.235
0.0292345348607234, 8, 176, 0, 0, -1372.235
0.0259563355539573, 8, 203, 0, 0, -1372.235
0.0256301794971485, 9, 45, 0, 0, -1372.235
0.0253971247938717, 6, 405, 0, 0, -1372.235
0.0234652541144286, 9, 72, 0, 0, -1372.235
0.0218379825317183, 9, 18, 0, 0, -1372.235
0.0201284067274116, 8, 137, 0, 0, -1372.235
0.0200067847711863, 8, 138, 0, 0, -1372.235
0.019521279875968, 9, 76, 0, 0, -1372.235
0.018865469245648, 9, 65, 0, 0, -1372.235
0.0179630436405839, 10, 12, 0, 0, -1372.235
0.0177829514759366, 9, 85, 0, 0, -1372.235
0.0163677884615368, 10, 64, 0, 0, -1372.235
0.0159534042065039, 10, 66, 0, 0, -1372.235
0.0141088148207313, 8, 92, 0, 0, -1372.235
0.0137365409469613, 8, 95, 0, 0, -1372.235
0.0133747193045074, 10, 35, 0, 0, -1372.235
0.010997307986509, 9, 41, 0, 0, -1372.235
0.00913891195332496, 10, 27, 0, 0, -1372.235
0.00890797521768801, 10, 57, 0, 0, -1372.235
0.00493506415432539, 8, 207, 0, 0, -1372.235
0.00374778225710285, 8, 288, 0, 0, -1372.235
0.00162727923006385, 9, 112, 0, 0, -1372.235
0.00146546010330934, 9, 127, 0, 0, -1372.235
