norm, level, Npoints, dimSplit, MainGridIndexSplit
44.8287639855959, 0, 36584, -1, -1, -1
11.9047050158434, 10, 19, 0, 0, -1372.235
11.5070050743333, 2, 7270, 0, 0, -1372.235
11.2084405234361, 2, 7503, 0, 0, -1372.235
11.0626020564482, 8, 35, 0, 0, -1372.235
11.040965495258, 8, 105, 0, 0, -1372.235
10.1137434596512, 9, 10, 0, 0, -1372.235
9.9320497662133, 8, 71, 0, 0, -1372.235
9.47213797885918, 8, 170, 0, 0, -1372.235
9.47101734895723, 10, 25, 0, 0, -1372.235
9.16081430557956, 10, 16, 0, 0, -1372.235
9.11441366252021, 8, 107, 0, 0, -1372.235
9.05674931199875, 10, 48, 0, 0, -1372.235
8.93841246238152, 10, 26, 0, 0, -1372.235
8.9261565103133, 10, 45, 0, 0, -1372.235
8.74819401808048, 9, 44, 0, 0, -1372.235
8.53923456349, 10, 26, 0, 0, -1372.235
8.43006216004321, 9, 46, 0, 0, -1372.235
8.41520553100414, 10, 31, 0, 0, -1372.235
8.05627918982901, 9, 30, 0, 0, -1372.235
8.02783382067546, 10, 28, 0, 0, -1372.235
7.99083606065328, 8, 50, 0, 0, -1372.235
7.96590120698585, 10, 23, 0, 0, -1372.235
7.91099689929521, 10, 12, 0, 0, -1372.235
7.89190219237181, 8, 91, 0, 0, -1372.235
7.75734867988535, 10, 12, 0, 0, -1372.235
7.73919048999897, 10, 17, 0, 0, -1372.235
7.69997184316965, 8, 131, 0, 0, -1372.235
7.69209579680652, 7, 175, 0, 0, -1372.235
7.67471555311647, 7, 322, 0, 0, -1372.235
7.6063400246216, 10, 20, 0, 0, -1372.235
7.5832860607937, 8, 74, 0, 0, -1372.235
7.57163099677446, 6, 678, 0, 0, -1372.235
7.51967757574228, 10, 26, 0, 0, -1372.235
7.49893321699221, 8, 75, 0, 0, -1372.235
7.42469554637065, 9, 46, 0, 0, -1372.235
7.37197605826159, 10, 6, 0, 0, -1372.235
7.31677989441216, 6, 570, 0, 0, -1372.235
7.20965734076387, 10, 4, 0, 0, -1372.235
7.19400329741307, 10, 10, 0, 0, -1372.235
7.1922314705857, 10, 26, 0, 0, -1372.235
7.14360894913711, 8, 38, 0, 0, -1372.235
7.07236869425652, 6, 368, 0, 0, -1372.235
7.04716468138148, 9, 117, 0, 0, -1372.235
6.93775830757738, 5, 1265, 0, 0, -1372.235
6.9122611552426, 9, 53, 0, 0, -1372.235
6.89219077436408, 10, 26, 0, 0, -1372.235
6.88992501944737, 10, 21, 0, 0, -1372.235
6.81984124257507, 10, 16, 0, 0, -1372.235
6.81531757043781, 10, 36, 0, 0, -1372.235
6.74901249017807, 9, 48, 0, 0, -1372.235
6.6078760820178, 10, 30, 0, 0, -1372.235
6.60643269216324, 10, 49, 0, 0, -1372.235
6.59371000123799, 10, 18, 0, 0, -1372.235
6.57817681909369, 10, 20, 0, 0, -1372.235
6.53622497927801, 10, 15, 0, 0, -1372.235
6.53568963942852, 10, 71, 0, 0, -1372.235
6.53368807665216, 10, 42, 0, 0, -1372.235
6.5088696083325, 9, 35, 0, 0, -1372.235
6.49429258376625, 10, 54, 0, 0, -1372.235
6.48201137024085, 8, 268, 0, 0, -1372.235
6.43628817654649, 9, 37, 0, 0, -1372.235
6.38427246651332, 6, 832, 0, 0, -1372.235
6.37181011007233, 5, 1401, 0, 0, -1372.235
6.37093464812808, 6, 673, 0, 0, -1372.235
6.31608249535599, 10, 21, 0, 0, -1372.235
6.27578297857716, 4, 1986, 0, 0, -1372.235
6.2691041038895, 7, 132, 0, 0, -1372.235
6.26384701548892, 10, 46, 0, 0, -1372.235
6.21931119601838, 9, 69, 0, 0, -1372.235
6.20525447742032, 6, 679, 0, 0, -1372.235
6.19142882670494, 8, 90, 0, 0, -1372.235
6.19142882670494, 8, 90, 0, 0, -1372.235
6.17319418497823, 10, 6, 0, 0, -1372.235
6.11948781792699, 10, 11, 0, 0, -1372.235
6.07938680741996, 8, 192, 0, 0, -1372.235
6.07938680741993, 8, 192, 0, 0, -1372.235
6.02627198457673, 9, 68, 0, 0, -1372.235
6.01947612848054, 10, 18, 0, 0, -1372.235
5.9619629657785, 9, 143, 0, 0, -1372.235
5.96158075460966, 8, 131, 0, 0, -1372.235
5.95672083343318, 10, 65, 0, 0, -1372.235
5.95338320707419, 10, 34, 0, 0, -1372.235
5.94993926968201, 8, 154, 0, 0, -1372.235
5.94903234753748, 9, 37, 0, 0, -1372.235
5.94476182991776, 10, 38, 0, 0, -1372.235
5.92996020356646, 6, 717, 0, 0, -1372.235
5.8433827166896, 10, 50, 0, 0, -1372.235
5.8311681556651, 9, 65, 0, 0, -1372.235
5.82888918183705, 9, 41, 0, 0, -1372.235
5.82417883273803, 10, 57, 0, 0, -1372.235
5.82028950312498, 9, 61, 0, 0, -1372.235
5.80189108477437, 10, 55, 0, 0, -1372.235
5.79548973683526, 10, 40, 0, 0, -1372.235
5.78795659303443, 5, 699, 0, 0, -1372.235
5.78119793599944, 10, 13, 0, 0, -1372.235
5.77737163232576, 10, 21, 0, 0, -1372.235
5.74840763147421, 10, 35, 0, 0, -1372.235
5.74738393378237, 10, 16, 0, 0, -1372.235
5.74738393378236, 10, 16, 0, 0, -1372.235
5.74195399271079, 9, 62, 0, 0, -1372.235
5.73356744518914, 10, 36, 0, 0, -1372.235
5.72538212298608, 7, 433, 0, 0, -1372.235
5.70880121682579, 8, 147, 0, 0, -1372.235
5.67244459110615, 10, 33, 0, 0, -1372.235
5.67086487628715, 7, 438, 0, 0, -1372.235
5.66043595110751, 10, 20, 0, 0, -1372.235
5.63647015498524, 9, 83, 0, 0, -1372.235
5.61998309274157, 10, 12, 0, 0, -1372.235
5.61251650140503, 9, 59, 0, 0, -1372.235
5.61202543004795, 10, 25, 0, 0, -1372.235
5.59888937907725, 10, 12, 0, 0, -1372.235
5.58905560854324, 10, 37, 0, 0, -1372.235
5.58126683718255, 10, 24, 0, 0, -1372.235
5.57110497641977, 6, 490, 0, 0, -1372.235
5.56968128751699, 5, 732, 0, 0, -1372.235
5.56330945271155, 8, 239, 0, 0, -1372.235
5.55591143308224, 10, 11, 0, 0, -1372.235
5.53440573621347, 10, 16, 0, 0, -1372.235
5.52300808436001, 10, 23, 0, 0, -1372.235
5.51392035335156, 8, 118, 0, 0, -1372.235
5.51350095800142, 10, 20, 0, 0, -1372.235
5.49657191703697, 10, 24, 0, 0, -1372.235
5.47055390289634, 1, 14773, 0, 0, -1372.235
5.46971860113519, 8, 172, 0, 0, -1372.235
5.44545937878922, 9, 48, 0, 0, -1372.235
5.44387180158869, 7, 237, 0, 0, -1372.235
5.44212378831229, 6, 664, 0, 0, -1372.235
5.43802121847683, 9, 63, 0, 0, -1372.235
5.42726682949773, 9, 67, 0, 0, -1372.235
5.42580666900138, 10, 67, 0, 0, -1372.235
5.41590788158646, 10, 25, 0, 0, -1372.235
5.40101241156344, 10, 35, 0, 0, -1372.235
5.39859645560372, 10, 17, 0, 0, -1372.235
5.3799516973443, 10, 35, 0, 0, -1372.235
5.36765503441332, 10, 38, 0, 0, -1372.235
5.34831614201868, 6, 678, 0, 0, -1372.235
5.33928958000553, 10, 16, 0, 0, -1372.235
5.33122668102295, 10, 49, 0, 0, -1372.235
5.32272942542225, 6, 746, 0, 0, -1372.235
5.32217080136353, 8, 146, 0, 0, -1372.235
5.31798714516597, 9, 89, 0, 0, -1372.235
5.3170307956219, 9, 32, 0, 0, -1372.235
5.31563747353193, 8, 178, 0, 0, -1372.235
5.30590206793998, 10, 37, 0, 0, -1372.235
5.29318165448573, 6, 751, 0, 0, -1372.235
5.29104119064681, 9, 15, 0, 0, -1372.235
5.28709756531683, 10, 75, 0, 0, -1372.235
5.2734698221103, 8, 178, 0, 0, -1372.235
5.23795026305876, 10, 26, 0, 0, -1372.235
5.19527598931356, 9, 89, 0, 0, -1372.235
5.17959958214326, 8, 11, 0, 0, -1372.235
5.17647937250683, 9, 86, 0, 0, -1372.235
5.17638466215421, 10, 35, 0, 0, -1372.235
5.16254776062647, 8, 106, 0, 0, -1372.235
5.1625473099028, 8, 20, 0, 0, -1372.235
5.14747854888991, 10, 18, 0, 0, -1372.235
5.11834468209441, 10, 30, 0, 0, -1372.235
5.08397110944108, 9, 35, 0, 0, -1372.235
5.08175053577621, 10, 32, 0, 0, -1372.235
5.07756390846615, 9, 114, 0, 0, -1372.235
5.06647313724365, 10, 27, 0, 0, -1372.235
5.05649893441029, 10, 89, 0, 0, -1372.235
5.04553143942272, 10, 24, 0, 0, -1372.235
5.03284812436914, 10, 37, 0, 0, -1372.235
5.0182982548271, 10, 37, 0, 0, -1372.235
5.0137478853975, 8, 140, 0, 0, -1372.235
5.01323145570151, 9, 35, 0, 0, -1372.235
5.0132314557015, 9, 35, 0, 0, -1372.235
5.00885325134045, 10, 33, 0, 0, -1372.235
4.98865596176773, 10, 22, 0, 0, -1372.235
4.98198221660385, 10, 40, 0, 0, -1372.235
4.97214754041894, 10, 40, 0, 0, -1372.235
4.96248842811438, 10, 21, 0, 0, -1372.235
4.96163583107236, 9, 77, 0, 0, -1372.235
4.95879026806893, 3, 3193, 0, 0, -1372.235
4.95309556109888, 10, 33, 0, 0, -1372.235
4.93964144661422, 8, 74, 0, 0, -1372.235
4.91430304803152, 9, 73, 0, 0, -1372.235
4.90973492259259, 10, 16, 0, 0, -1372.235
4.89626745973515, 8, 90, 0, 0, -1372.235
4.874299804391, 10, 58, 0, 0, -1372.235
4.86735136141306, 8, 178, 0, 0, -1372.235
4.86217188228885, 10, 16, 0, 0, -1372.235
4.82856703748374, 8, 130, 0, 0, -1372.235
4.82679973862359, 10, 24, 0, 0, -1372.235
4.81645979616397, 5, 1497, 0, 0, -1372.235
4.81463778488354, 9, 71, 0, 0, -1372.235
4.80724133070836, 10, 23, 0, 0, -1372.235
4.8029057784702, 10, 39, 0, 0, -1372.235
4.8028339376518, 10, 69, 0, 0, -1372.235
4.79596839955441, 10, 19, 0, 0, -1372.235
4.78187974639393, 5, 1510, 0, 0, -1372.235
4.77834773720836, 9, 51, 0, 0, -1372.235
4.75884796301859, 9, 72, 0, 0, -1372.235
4.75507043979314, 10, 17, 0, 0, -1372.235
4.73673012060251, 8, 111, 0, 0, -1372.235
4.72721109018156, 9, 91, 0, 0, -1372.235
4.71996191962669, 10, 26, 0, 0, -1372.235
4.71846437275679, 9, 68, 0, 0, -1372.235
4.70318394956358, 10, 21, 0, 0, -1372.235
4.68572266284371, 10, 27, 0, 0, -1372.235
4.68029850440405, 10, 97, 0, 0, -1372.235
4.67906133570599, 10, 34, 0, 0, -1372.235
4.67613590558945, 7, 318, 0, 0, -1372.235
4.67082308429395, 8, 144, 0, 0, -1372.235
4.6581989851517, 8, 114, 0, 0, -1372.235
4.64557281584841, 9, 39, 0, 0, -1372.235
4.63898584188821, 10, 21, 0, 0, -1372.235
4.6355386514372, 8, 119, 0, 0, -1372.235
4.63338980028965, 7, 590, 0, 0, -1372.235
4.63238936694139, 9, 25, 0, 0, -1372.235
4.60936850211515, 10, 53, 0, 0, -1372.235
4.60855251756253, 8, 92, 0, 0, -1372.235
4.59390526546038, 7, 276, 0, 0, -1372.235
4.5915734655989, 8, 110, 0, 0, -1372.235
4.58398909551297, 10, 53, 0, 0, -1372.235
4.58290177098898, 10, 27, 0, 0, -1372.235
4.562734907974, 10, 28, 0, 0, -1372.235
4.56047328374439, 10, 51, 0, 0, -1372.235
4.55866017687029, 9, 41, 0, 0, -1372.235
4.55666283924827, 9, 56, 0, 0, -1372.235
4.55196581681588, 9, 77, 0, 0, -1372.235
4.55181809391785, 10, 26, 0, 0, -1372.235
4.5443927180627, 10, 14, 0, 0, -1372.235
4.53812570162157, 10, 54, 0, 0, -1372.235
4.52709767301477, 10, 31, 0, 0, -1372.235
4.52381061572181, 10, 31, 0, 0, -1372.235
4.51869282434103, 10, 27, 0, 0, -1372.235
4.51307873890441, 3, 4993, 0, 0, -1372.235
4.50958971799563, 7, 196, 0, 0, -1372.235
4.5063695338278, 9, 81, 0, 0, -1372.235
4.49945695617531, 10, 24, 0, 0, -1372.235
4.49898308610487, 9, 72, 0, 0, -1372.235
4.48526052269649, 9, 41, 0, 0, -1372.235
4.47825679273378, 10, 16, 0, 0, -1372.235
4.44543921596997, 10, 23, 0, 0, -1372.235
4.44159985558799, 4, 3007, 0, 0, -1372.235
4.4332796933462, 10, 20, 0, 0, -1372.235
4.40222484305917, 8, 122, 0, 0, -1372.235
4.37734855719757, 10, 25, 0, 0, -1372.235
4.3763797820068, 10, 34, 0, 0, -1372.235
4.36836128082637, 10, 55, 0, 0, -1372.235
4.36165124386114, 9, 50, 0, 0, -1372.235
4.35017895514842, 7, 157, 0, 0, -1372.235
4.33921032735427, 9, 110, 0, 0, -1372.235
4.33510773916725, 9, 57, 0, 0, -1372.235
4.33414119254151, 10, 19, 0, 0, -1372.235
4.30972112477974, 8, 149, 0, 0, -1372.235
4.30600598543275, 9, 33, 0, 0, -1372.235
4.30481799614797, 10, 38, 0, 0, -1372.235
4.30315791919063, 8, 152, 0, 0, -1372.235
4.30292742712405, 10, 28, 0, 0, -1372.235
4.29264768454586, 8, 109, 0, 0, -1372.235
4.29069787416266, 10, 41, 0, 0, -1372.235
4.29053884512787, 10, 24, 0, 0, -1372.235
4.29031762940118, 8, 125, 0, 0, -1372.235
4.27765755942162, 10, 44, 0, 0, -1372.235
4.27638224330341, 10, 28, 0, 0, -1372.235
4.24984028076869, 7, 319, 0, 0, -1372.235
4.24712681412499, 10, 29, 0, 0, -1372.235
4.23026225757633, 6, 725, 0, 0, -1372.235
4.22477821467317, 10, 37, 0, 0, -1372.235
4.22118287565418, 9, 36, 0, 0, -1372.235
4.21492680469625, 9, 28, 0, 0, -1372.235
4.20805115352568, 10, 25, 0, 0, -1372.235
4.20070684914397, 9, 56, 0, 0, -1372.235
4.19775481641415, 10, 46, 0, 0, -1372.235
4.19081372197074, 10, 28, 0, 0, -1372.235
4.18636844560013, 10, 24, 0, 0, -1372.235
4.18544488749415, 5, 1396, 0, 0, -1372.235
4.18115239458234, 9, 47, 0, 0, -1372.235
4.17608391337476, 7, 289, 0, 0, -1372.235
4.16972438956297, 10, 36, 0, 0, -1372.235
4.1648319759344, 9, 95, 0, 0, -1372.235
4.1640985256011, 10, 14, 0, 0, -1372.235
4.16095750994153, 8, 104, 0, 0, -1372.235
4.15865223544181, 9, 80, 0, 0, -1372.235
4.15178618178708, 10, 112, 0, 0, -1372.235
4.14251430643215, 9, 54, 0, 0, -1372.235
4.13762251309098, 10, 49, 0, 0, -1372.235
4.13580635786419, 10, 35, 0, 0, -1372.235
4.13545142168781, 3, 5545, 0, 0, -1372.235
4.12197871309368, 8, 97, 0, 0, -1372.235
4.11750848259394, 9, 46, 0, 0, -1372.235
4.11573293500767, 9, 20, 0, 0, -1372.235
4.11405773582478, 8, 53, 0, 0, -1372.235
4.10973783461002, 10, 22, 0, 0, -1372.235
4.1044268466938, 8, 178, 0, 0, -1372.235
4.10390301585324, 10, 28, 0, 0, -1372.235
4.10092004978238, 3, 5429, 0, 0, -1372.235
4.0969601023196, 10, 58, 0, 0, -1372.235
4.09519855436908, 10, 14, 0, 0, -1372.235
4.09351858608359, 8, 113, 0, 0, -1372.235
4.09221637485592, 7, 285, 0, 0, -1372.235
4.08366466943624, 9, 63, 0, 0, -1372.235
4.07755364582784, 9, 89, 0, 0, -1372.235
4.05246737987013, 8, 99, 0, 0, -1372.235
4.04433150198916, 6, 315, 0, 0, -1372.235
4.03889936819149, 10, 35, 0, 0, -1372.235
4.02407916345437, 10, 73, 0, 0, -1372.235
4.02221622727145, 9, 88, 0, 0, -1372.235
4.01671445773398, 10, 55, 0, 0, -1372.235
4.00206419937091, 10, 19, 0, 0, -1372.235
3.99750855570549, 9, 48, 0, 0, -1372.235
3.99268550236215, 10, 26, 0, 0, -1372.235
3.99266723233571, 10, 29, 0, 0, -1372.235
3.98112916539754, 10, 30, 0, 0, -1372.235
3.97856582944556, 8, 167, 0, 0, -1372.235
3.97715201729323, 8, 71, 0, 0, -1372.235
3.96791877811033, 9, 76, 0, 0, -1372.235
3.96600285105558, 9, 60, 0, 0, -1372.235
3.96245994883706, 7, 319, 0, 0, -1372.235
3.96042854673073, 10, 70, 0, 0, -1372.235
3.95460326086956, 9, 64, 0, 0, -1372.235
3.95389897285755, 1, 21811, 0, 0, -1372.235
3.95381358279316, 8, 267, 0, 0, -1372.235
3.94869623589111, 9, 96, 0, 0, -1372.235
3.94845442982197, 8, 118, 0, 0, -1372.235
3.94825801276317, 8, 136, 0, 0, -1372.235
3.94053879688561, 10, 53, 0, 0, -1372.235
3.93637913114956, 10, 26, 0, 0, -1372.235
3.93629793966086, 10, 52, 0, 0, -1372.235
3.93199646018766, 5, 662, 0, 0, -1372.235
3.92316714959294, 10, 20, 0, 0, -1372.235
3.92205139743551, 10, 34, 0, 0, -1372.235
3.91419043855506, 10, 21, 0, 0, -1372.235
3.91262817835048, 10, 32, 0, 0, -1372.235
3.90355462723555, 10, 39, 0, 0, -1372.235
3.89972429202953, 10, 31, 0, 0, -1372.235
3.89190045200148, 9, 52, 0, 0, -1372.235
3.88542039452882, 10, 28, 0, 0, -1372.235
3.88517731774511, 10, 14, 0, 0, -1372.235
3.88424568941858, 10, 42, 0, 0, -1372.235
3.88103805055252, 9, 55, 0, 0, -1372.235
3.87627173204225, 10, 21, 0, 0, -1372.235
3.87623715968608, 4, 2666, 0, 0, -1372.235
3.86988681258747, 8, 81, 0, 0, -1372.235
3.8692016044497, 9, 62, 0, 0, -1372.235
3.86790539185835, 10, 18, 0, 0, -1372.235
3.86349041402221, 9, 94, 0, 0, -1372.235
3.86198379545554, 3, 4310, 0, 0, -1372.235
3.8571606013497, 10, 21, 0, 0, -1372.235
3.85680886567417, 7, 306, 0, 0, -1372.235
3.85676044617894, 3, 5844, 0, 0, -1372.235
3.85249867602689, 5, 1542, 0, 0, -1372.235
3.85001101322893, 10, 31, 0, 0, -1372.235
3.84614083739557, 7, 319, 0, 0, -1372.235
3.84334433852396, 8, 120, 0, 0, -1372.235
3.83843489710823, 8, 113, 0, 0, -1372.235
3.83752679567614, 9, 23, 0, 0, -1372.235
3.83369273688221, 10, 38, 0, 0, -1372.235
3.82939868882108, 6, 817, 0, 0, -1372.235
3.82839360302923, 9, 38, 0, 0, -1372.235
3.82513178201086, 9, 90, 0, 0, -1372.235
3.8228536568226, 10, 33, 0, 0, -1372.235
3.80571231357954, 9, 33, 0, 0, -1372.235
3.805594323675, 10, 38, 0, 0, -1372.235
3.79969960612305, 9, 59, 0, 0, -1372.235
3.79434511471835, 10, 26, 0, 0, -1372.235
3.7846252843571, 7, 250, 0, 0, -1372.235
3.76891404680485, 7, 350, 0, 0, -1372.235
3.76249897899772, 4, 2763, 0, 0, -1372.235
3.76133967577342, 8, 155, 0, 0, -1372.235
3.75872378220632, 5, 1012, 0, 0, -1372.235
3.7512717462647, 9, 131, 0, 0, -1372.235
3.74846893143688, 7, 200, 0, 0, -1372.235
3.74207499351924, 4, 1431, 0, 0, -1372.235
3.73341425360276, 8, 141, 0, 0, -1372.235
3.71301594253743, 9, 58, 0, 0, -1372.235
3.70724665480668, 10, 31, 0, 0, -1372.235
3.69570498078776, 9, 21, 0, 0, -1372.235
3.69202492844776, 10, 29, 0, 0, -1372.235
3.68117951995164, 7, 202, 0, 0, -1372.235
3.67771040111987, 8, 155, 0, 0, -1372.235
3.67172770447564, 10, 32, 0, 0, -1372.235
3.670960750687, 10, 46, 0, 0, -1372.235
3.66758997435039, 10, 39, 0, 0, -1372.235
3.66619039833664, 9, 36, 0, 0, -1372.235
3.65783621880919, 8, 76, 0, 0, -1372.235
3.65127098596956, 10, 22, 0, 0, -1372.235
3.63732780821561, 9, 76, 0, 0, -1372.235
3.63569728143386, 9, 94, 0, 0, -1372.235
3.6346495684714, 10, 38, 0, 0, -1372.235
3.63318687327191, 7, 354, 0, 0, -1372.235
3.62425865363714, 10, 40, 0, 0, -1372.235
3.61356948458359, 10, 40, 0, 0, -1372.235
3.6104492512764, 10, 32, 0, 0, -1372.235
3.5958567946299, 10, 43, 0, 0, -1372.235
3.5889019238719, 10, 45, 0, 0, -1372.235
3.58138907293581, 10, 43, 0, 0, -1372.235
3.57814470438239, 7, 209, 0, 0, -1372.235
3.57775825285445, 8, 113, 0, 0, -1372.235
3.57775825285444, 8, 113, 0, 0, -1372.235
3.57702795197157, 10, 41, 0, 0, -1372.235
3.57625452287527, 9, 36, 0, 0, -1372.235
3.5749300634449, 10, 31, 0, 0, -1372.235
3.56308976233248, 9, 98, 0, 0, -1372.235
3.56018170854215, 9, 73, 0, 0, -1372.235
3.56018170854215, 9, 73, 0, 0, -1372.235
3.55920780983721, 6, 441, 0, 0, -1372.235
3.55815000597992, 9, 67, 0, 0, -1372.235
3.5560073655814, 5, 725, 0, 0, -1372.235
3.55337613832918, 9, 58, 0, 0, -1372.235
3.54599071603617, 8, 116, 0, 0, -1372.235
3.54581221457216, 6, 443, 0, 0, -1372.235
3.5449283453557, 10, 29, 0, 0, -1372.235
3.54178900768114, 10, 22, 0, 0, -1372.235
3.54033605245562, 10, 32, 0, 0, -1372.235
3.53328960968607, 9, 87, 0, 0, -1372.235
3.5332373263559, 10, 33, 0, 0, -1372.235
3.51185553780215, 7, 290, 0, 0, -1372.235
3.51081672601755, 8, 170, 0, 0, -1372.235
3.50571988997863, 9, 96, 0, 0, -1372.235
3.50175376969996, 10, 41, 0, 0, -1372.235
3.49979860205536, 9, 88, 0, 0, -1372.235
3.49506205392941, 10, 60, 0, 0, -1372.235
3.49025829498152, 8, 154, 0, 0, -1372.235
3.4851998420059, 9, 76, 0, 0, -1372.235
3.48292715833661, 10, 49, 0, 0, -1372.235
3.47985730247272, 10, 42, 0, 0, -1372.235
3.47599468817819, 10, 30, 0, 0, -1372.235
3.47522927191214, 9, 48, 0, 0, -1372.235
3.47322448318642, 10, 33, 0, 0, -1372.235
3.47175482665402, 10, 53, 0, 0, -1372.235
3.47128379284783, 6, 193, 0, 0, -1372.235
3.46967528992369, 10, 36, 0, 0, -1372.235
3.46087622246088, 10, 30, 0, 0, -1372.235
3.45891120739909, 9, 63, 0, 0, -1372.235
3.44449529347581, 10, 36, 0, 0, -1372.235
3.44138494221759, 9, 108, 0, 0, -1372.235
3.4391767953838, 10, 24, 0, 0, -1372.235
3.43672631079687, 9, 49, 0, 0, -1372.235
3.43213537944429, 10, 42, 0, 0, -1372.235
3.43035362221796, 10, 9, 0, 0, -1372.235
3.4216215410917, 7, 159, 0, 0, -1372.235
3.4208995778385, 8, 115, 0, 0, -1372.235
3.4184932200005, 9, 68, 0, 0, -1372.235
3.41775046763546, 9, 59, 0, 0, -1372.235
3.41734513002135, 9, 25, 0, 0, -1372.235
3.41641789540691, 9, 52, 0, 0, -1372.235
3.41602541208429, 9, 49, 0, 0, -1372.235
3.41282304096632, 10, 40, 0, 0, -1372.235
3.41148781960668, 9, 44, 0, 0, -1372.235
3.4114320773105, 5, 785, 0, 0, -1372.235
3.40537415869149, 10, 32, 0, 0, -1372.235
3.39962495094084, 10, 62, 0, 0, -1372.235
3.39702090624865, 9, 115, 0, 0, -1372.235
3.38706787302824, 8, 174, 0, 0, -1372.235
3.38359136646974, 9, 38, 0, 0, -1372.235
3.37370267038215, 8, 323, 0, 0, -1372.235
3.37178950968019, 10, 22, 0, 0, -1372.235
3.36391577850389, 10, 19, 0, 0, -1372.235
3.35931626770388, 9, 58, 0, 0, -1372.235
3.35541538965469, 10, 28, 0, 0, -1372.235
3.35408603646871, 10, 40, 0, 0, -1372.235
3.35149673646455, 10, 46, 0, 0, -1372.235
3.34822439951374, 9, 53, 0, 0, -1372.235
3.34086327064858, 10, 19, 0, 0, -1372.235
3.3331463188003, 8, 92, 0, 0, -1372.235
3.3323954714773, 10, 31, 0, 0, -1372.235
3.32771131583796, 9, 34, 0, 0, -1372.235
3.32592927898267, 10, 37, 0, 0, -1372.235
3.31774742335007, 8, 157, 0, 0, -1372.235
3.31774515766935, 10, 38, 0, 0, -1372.235
3.31773458917432, 10, 33, 0, 0, -1372.235
3.314964111534, 10, 34, 0, 0, -1372.235
3.29826092525516, 10, 18, 0, 0, -1372.235
3.29362832097337, 9, 53, 0, 0, -1372.235
3.29262967413538, 8, 177, 0, 0, -1372.235
3.29161099868247, 6, 411, 0, 0, -1372.235
3.28880383014506, 10, 42, 0, 0, -1372.235
3.28487577249333, 8, 124, 0, 0, -1372.235
3.28094005987327, 7, 226, 0, 0, -1372.235
3.27395809542488, 8, 99, 0, 0, -1372.235
3.27145495447681, 10, 57, 0, 0, -1372.235
3.26600726345619, 7, 73, 0, 0, -1372.235
3.26050924531359, 10, 57, 0, 0, -1372.235
3.25572976015114, 10, 28, 0, 0, -1372.235
3.25483183847948, 10, 33, 0, 0, -1372.235
3.24649129944087, 8, 172, 0, 0, -1372.235
3.24644543059494, 10, 29, 0, 0, -1372.235
3.23938406036317, 10, 27, 0, 0, -1372.235
3.23938406036316, 10, 27, 0, 0, -1372.235
3.2391980054013, 9, 58, 0, 0, -1372.235
3.23850440985571, 7, 171, 0, 0, -1372.235
3.23471455541721, 10, 48, 0, 0, -1372.235
3.23359788300137, 10, 24, 0, 0, -1372.235
3.23219225632633, 8, 162, 0, 0, -1372.235
3.23133673314563, 10, 37, 0, 0, -1372.235
3.22108170525761, 7, 140, 0, 0, -1372.235
3.22022380890388, 9, 158, 0, 0, -1372.235
3.21917897896961, 9, 53, 0, 0, -1372.235
3.21903569096346, 10, 25, 0, 0, -1372.235
3.2132169552966, 10, 43, 0, 0, -1372.235
3.2079783161601, 10, 50, 0, 0, -1372.235
3.20134266434983, 9, 92, 0, 0, -1372.235
3.20129351779472, 6, 417, 0, 0, -1372.235
3.19835160124749, 10, 14, 0, 0, -1372.235
3.19835160124749, 10, 14, 0, 0, -1372.235
3.19211730338839, 7, 407, 0, 0, -1372.235
3.18397181502545, 10, 30, 0, 0, -1372.235
3.18391924986284, 10, 25, 0, 0, -1372.235
3.17981806079225, 7, 229, 0, 0, -1372.235
3.17676564074751, 10, 26, 0, 0, -1372.235
3.17609450175035, 9, 51, 0, 0, -1372.235
3.17553374400733, 8, 188, 0, 0, -1372.235
3.17542160039496, 10, 24, 0, 0, -1372.235
3.16687969181064, 5, 1243, 0, 0, -1372.235
3.16031707153496, 10, 38, 0, 0, -1372.235
3.15601258643905, 10, 30, 0, 0, -1372.235
3.15570604052348, 10, 36, 0, 0, -1372.235
3.15386918869102, 9, 119, 0, 0, -1372.235
3.15353181166576, 10, 30, 0, 0, -1372.235
3.15082487644229, 9, 66, 0, 0, -1372.235
3.14635166356592, 4, 1762, 0, 0, -1372.235
3.13752049308459, 7, 332, 0, 0, -1372.235
3.1366908596253, 10, 27, 0, 0, -1372.235
3.13195206017945, 9, 120, 0, 0, -1372.235
3.13071304772655, 10, 58, 0, 0, -1372.235
3.11732588929487, 9, 62, 0, 0, -1372.235
3.11490604525616, 9, 74, 0, 0, -1372.235
3.11310106284542, 6, 556, 0, 0, -1372.235
3.10508831916142, 9, 102, 0, 0, -1372.235
3.10129660937807, 9, 37, 0, 0, -1372.235
3.10127721661259, 6, 336, 0, 0, -1372.235
3.10084922138742, 10, 36, 0, 0, -1372.235
3.09908486100372, 10, 35, 0, 0, -1372.235
3.08987378536821, 9, 93, 0, 0, -1372.235
3.08921726865457, 9, 37, 0, 0, -1372.235
3.08549975509015, 10, 34, 0, 0, -1372.235
3.08333912034329, 7, 268, 0, 0, -1372.235
3.08286922914639, 8, 147, 0, 0, -1372.235
3.079050002084, 7, 425, 0, 0, -1372.235
3.07869539282635, 9, 37, 0, 0, -1372.235
3.06399135792001, 9, 209, 0, 0, -1372.235
3.06035074761002, 9, 113, 0, 0, -1372.235
3.05902304944469, 10, 42, 0, 0, -1372.235
3.05626549709976, 10, 56, 0, 0, -1372.235
3.04340835786631, 10, 24, 0, 0, -1372.235
3.0394543936403, 8, 147, 0, 0, -1372.235
3.0360406317846, 6, 293, 0, 0, -1372.235
3.03556958342798, 9, 95, 0, 0, -1372.235
3.03085130216022, 10, 37, 0, 0, -1372.235
3.01938439562727, 9, 60, 0, 0, -1372.235
3.01602650442598, 10, 37, 0, 0, -1372.235
3.01407432978583, 9, 80, 0, 0, -1372.235
3.01366415728744, 10, 37, 0, 0, -1372.235
3.00989330038422, 10, 40, 0, 0, -1372.235
3.00744489138776, 8, 200, 0, 0, -1372.235
3.00682656520357, 9, 82, 0, 0, -1372.235
3.00572194620846, 9, 21, 0, 0, -1372.235
3.00407707009223, 9, 63, 0, 0, -1372.235
2.99931136867687, 9, 43, 0, 0, -1372.235
2.99735203408752, 10, 35, 0, 0, -1372.235
2.9888675145588, 7, 383, 0, 0, -1372.235
2.98533219768238, 10, 46, 0, 0, -1372.235
2.98332974220552, 10, 59, 0, 0, -1372.235
2.97560164019617, 10, 37, 0, 0, -1372.235
2.96304003707124, 10, 55, 0, 0, -1372.235
2.96297037305593, 10, 17, 0, 0, -1372.235
2.95832041924849, 9, 76, 0, 0, -1372.235
2.95685200121233, 10, 26, 0, 0, -1372.235
2.9526869439293, 9, 82, 0, 0, -1372.235
2.95062510462984, 9, 62, 0, 0, -1372.235
2.94992538267717, 8, 79, 0, 0, -1372.235
2.94928630507176, 10, 43, 0, 0, -1372.235
2.94752194823766, 8, 165, 0, 0, -1372.235
2.94580326447867, 7, 251, 0, 0, -1372.235
2.93757215004319, 9, 102, 0, 0, -1372.235
2.93741655634061, 10, 29, 0, 0, -1372.235
2.93719817922098, 7, 268, 0, 0, -1372.235
2.93574875041659, 9, 47, 0, 0, -1372.235
2.9347043475264, 9, 71, 0, 0, -1372.235
2.92994576564389, 10, 38, 0, 0, -1372.235
2.9289336445942, 5, 948, 0, 0, -1372.235
2.92284049649656, 10, 41, 0, 0, -1372.235
2.92100464339836, 10, 21, 0, 0, -1372.235
2.90785462551798, 10, 26, 0, 0, -1372.235
2.90694930499393, 10, 37, 0, 0, -1372.235
2.90540764249693, 10, 53, 0, 0, -1372.235
2.89960953746512, 10, 21, 0, 0, -1372.235
2.89142976383878, 9, 22, 0, 0, -1372.235
2.89080614246851, 10, 40, 0, 0, -1372.235
2.8907711509971, 9, 60, 0, 0, -1372.235
2.89077115099707, 9, 60, 0, 0, -1372.235
2.88563326313147, 6, 609, 0, 0, -1372.235
2.87932083826482, 8, 194, 0, 0, -1372.235
2.87818957821072, 7, 197, 0, 0, -1372.235
2.87669133057374, 10, 15, 0, 0, -1372.235
2.87291994083732, 7, 348, 0, 0, -1372.235
2.86879766052251, 10, 23, 0, 0, -1372.235
2.86688083363845, 8, 146, 0, 0, -1372.235
2.85841658421723, 5, 858, 0, 0, -1372.235
2.85723334661662, 7, 260, 0, 0, -1372.235
2.85680813707358, 10, 17, 0, 0, -1372.235
2.85240143691387, 10, 42, 0, 0, -1372.235
2.84001069026847, 10, 46, 0, 0, -1372.235
2.837797001965, 10, 55, 0, 0, -1372.235
2.83241438424856, 9, 85, 0, 0, -1372.235
2.82892008040666, 5, 954, 0, 0, -1372.235
2.82859600495538, 6, 493, 0, 0, -1372.235
2.82256946350885, 8, 70, 0, 0, -1372.235
2.82133960341989, 8, 221, 0, 0, -1372.235
2.81755365180588, 6, 377, 0, 0, -1372.235
2.81541914529381, 8, 153, 0, 0, -1372.235
2.81340235684437, 9, 57, 0, 0, -1372.235
2.80945893826446, 7, 205, 0, 0, -1372.235
2.80678427017974, 8, 70, 0, 0, -1372.235
2.79881886726131, 10, 38, 0, 0, -1372.235
2.78305017000249, 5, 1376, 0, 0, -1372.235
2.77618364042549, 10, 36, 0, 0, -1372.235
2.77183500824349, 10, 52, 0, 0, -1372.235
2.76993729305207, 10, 41, 0, 0, -1372.235
2.7693697534983, 10, 34, 0, 0, -1372.235
2.76629662412964, 10, 40, 0, 0, -1372.235
2.76464483054046, 5, 1387, 0, 0, -1372.235
2.76183067146339, 10, 29, 0, 0, -1372.235
2.7597691349859, 9, 86, 0, 0, -1372.235
2.74481340135249, 4, 2770, 0, 0, -1372.235
2.74069144065493, 4, 2775, 0, 0, -1372.235
2.73954165904078, 10, 42, 0, 0, -1372.235
2.73668348102727, 5, 904, 0, 0, -1372.235
2.73585893164721, 9, 61, 0, 0, -1372.235
2.73429446756299, 9, 51, 0, 0, -1372.235
2.73086160529382, 7, 279, 0, 0, -1372.235
2.73014806992444, 10, 29, 0, 0, -1372.235
2.72683710541344, 8, 123, 0, 0, -1372.235
2.72634577436934, 10, 36, 0, 0, -1372.235
2.72575959100557, 10, 43, 0, 0, -1372.235
2.72078033572225, 10, 50, 0, 0, -1372.235
2.72028962688599, 10, 46, 0, 0, -1372.235
2.71947963857966, 10, 34, 0, 0, -1372.235
2.71144483593825, 10, 29, 0, 0, -1372.235
2.70769557994503, 10, 43, 0, 0, -1372.235
2.70331542589043, 9, 70, 0, 0, -1372.235
2.70294194812151, 10, 36, 0, 0, -1372.235
2.6989586585173, 10, 17, 0, 0, -1372.235
2.69317268981842, 7, 434, 0, 0, -1372.235
2.6910893372735, 7, 342, 0, 0, -1372.235
2.69051108395559, 8, 169, 0, 0, -1372.235
2.6902569251069, 10, 49, 0, 0, -1372.235
2.68826051229557, 10, 58, 0, 0, -1372.235
2.68814733532435, 10, 30, 0, 0, -1372.235
2.67197130755946, 10, 47, 0, 0, -1372.235
2.66961039959416, 8, 226, 0, 0, -1372.235
2.65167642016228, 9, 78, 0, 0, -1372.235
2.65164902517426, 9, 92, 0, 0, -1372.235
2.65023674464234, 10, 59, 0, 0, -1372.235
2.64331250000001, 10, 64, 0, 0, -1372.235
2.64080188804102, 4, 2906, 0, 0, -1372.235
2.64043420117136, 8, 229, 0, 0, -1372.235
2.63754476739594, 10, 29, 0, 0, -1372.235
2.63431609727232, 10, 16, 0, 0, -1372.235
2.63378201434599, 10, 35, 0, 0, -1372.235
2.632365031575, 7, 324, 0, 0, -1372.235
2.63126581757015, 10, 25, 0, 0, -1372.235
2.63036386866117, 7, 218, 0, 0, -1372.235
2.61960619839179, 10, 50, 0, 0, -1372.235
2.61681088267105, 4, 2938, 0, 0, -1372.235
2.6162133361363, 7, 280, 0, 0, -1372.235
2.61467228251975, 10, 38, 0, 0, -1372.235
2.61209787799508, 9, 70, 0, 0, -1372.235
2.61152279774983, 9, 35, 0, 0, -1372.235
2.6088942770585, 8, 162, 0, 0, -1372.235
2.60179984387363, 9, 37, 0, 0, -1372.235
2.60150693344812, 10, 38, 0, 0, -1372.235
2.59441667511445, 9, 114, 0, 0, -1372.235
2.59182251983522, 10, 53, 0, 0, -1372.235
2.59139438869991, 9, 36, 0, 0, -1372.235
2.59012495263916, 8, 115, 0, 0, -1372.235
2.57341550036358, 10, 18, 0, 0, -1372.235
2.57077072098114, 10, 45, 0, 0, -1372.235
2.57055185045634, 9, 42, 0, 0, -1372.235
2.56477053164622, 10, 43, 0, 0, -1372.235
2.56387432368904, 10, 43, 0, 0, -1372.235
2.56206413699144, 10, 50, 0, 0, -1372.235
2.5601540100642, 9, 63, 0, 0, -1372.235
2.55662067910895, 7, 212, 0, 0, -1372.235
2.5524567985817, 6, 592, 0, 0, -1372.235
2.54919052789079, 10, 36, 0, 0, -1372.235
2.54880802665094, 9, 85, 0, 0, -1372.235
2.53873973521274, 10, 31, 0, 0, -1372.235
2.53323697013668, 8, 164, 0, 0, -1372.235
2.5321992875031, 8, 172, 0, 0, -1372.235
2.53103774875786, 10, 28, 0, 0, -1372.235
2.52719055135295, 10, 25, 0, 0, -1372.235
2.52173683832786, 9, 65, 0, 0, -1372.235
2.52110154634536, 10, 24, 0, 0, -1372.235
2.51897866351363, 10, 78, 0, 0, -1372.235
2.51519601325999, 9, 31, 0, 0, -1372.235
2.51489279306596, 8, 129, 0, 0, -1372.235
2.51429380902129, 9, 78, 0, 0, -1372.235
2.51139910904999, 10, 31, 0, 0, -1372.235
2.50519743279781, 6, 369, 0, 0, -1372.235
2.50463816546546, 10, 52, 0, 0, -1372.235
2.50453498981856, 10, 17, 0, 0, -1372.235
2.50267542621805, 9, 77, 0, 0, -1372.235
2.50108481067503, 7, 353, 0, 0, -1372.235
2.48703785366545, 10, 32, 0, 0, -1372.235
2.48596459690264, 9, 97, 0, 0, -1372.235
2.48457435256568, 10, 21, 0, 0, -1372.235
2.48131329494844, 10, 40, 0, 0, -1372.235
2.48086677220229, 7, 238, 0, 0, -1372.235
2.47959727377163, 9, 53, 0, 0, -1372.235
2.47758747133215, 9, 66, 0, 0, -1372.235
2.47606401863916, 8, 188, 0, 0, -1372.235
2.47136814868801, 9, 39, 0, 0, -1372.235
2.46667278803199, 5, 1165, 0, 0, -1372.235
2.46666431864445, 10, 50, 0, 0, -1372.235
2.46154520099836, 10, 28, 0, 0, -1372.235
2.46086683982379, 8, 141, 0, 0, -1372.235
2.45359868685976, 8, 137, 0, 0, -1372.235
2.44758278073276, 10, 44, 0, 0, -1372.235
2.44473408855327, 8, 94, 0, 0, -1372.235
2.44448001249886, 9, 49, 0, 0, -1372.235
2.44151388966453, 10, 42, 0, 0, -1372.235
2.44072336364606, 10, 49, 0, 0, -1372.235
2.43847397182347, 9, 57, 0, 0, -1372.235
2.43819018405348, 9, 56, 0, 0, -1372.235
2.43348334431699, 7, 196, 0, 0, -1372.235
2.42843685697062, 10, 49, 0, 0, -1372.235
2.42685861198754, 10, 26, 0, 0, -1372.235
2.42033720018896, 9, 84, 0, 0, -1372.235
2.41911222095049, 8, 192, 0, 0, -1372.235
2.41114283947341, 5, 853, 0, 0, -1372.235
2.40851215056055, 8, 98, 0, 0, -1372.235
2.40848652848485, 9, 90, 0, 0, -1372.235
2.40221649829732, 8, 96, 0, 0, -1372.235
2.40187605667416, 10, 36, 0, 0, -1372.235
2.40088025144011, 10, 37, 0, 0, -1372.235
2.3941408949568, 10, 28, 0, 0, -1372.235
2.39379368916266, 10, 32, 0, 0, -1372.235
2.38796370623142, 9, 60, 0, 0, -1372.235
2.37830006252742, 10, 54, 0, 0, -1372.235
2.37544510485669, 10, 34, 0, 0, -1372.235
2.36665263920011, 10, 49, 0, 0, -1372.235
2.36409038692167, 10, 35, 0, 0, -1372.235
2.36343032821873, 9, 77, 0, 0, -1372.235
2.36221652919761, 10, 63, 0, 0, -1372.235
2.36026357951457, 9, 92, 0, 0, -1372.235
2.35990817766059, 10, 53, 0, 0, -1372.235
2.35865871559905, 10, 47, 0, 0, -1372.235
2.35809189060511, 9, 26, 0, 0, -1372.235
2.35280345364666, 10, 23, 0, 0, -1372.235
2.35214029381602, 10, 12, 0, 0, -1372.235
2.35011485629043, 7, 180, 0, 0, -1372.235
2.34261084672074, 8, 134, 0, 0, -1372.235
2.34166459774599, 8, 87, 0, 0, -1372.235
2.34031199713922, 9, 38, 0, 0, -1372.235
2.33908012811994, 10, 38, 0, 0, -1372.235
2.33830947796809, 10, 33, 0, 0, -1372.235
2.33684754456816, 9, 105, 0, 0, -1372.235
2.32266299578201, 8, 182, 0, 0, -1372.235
2.3226429872148, 9, 124, 0, 0, -1372.235
2.32141792974001, 7, 346, 0, 0, -1372.235
2.31941065576701, 9, 104, 0, 0, -1372.235
2.31183389429739, 7, 344, 0, 0, -1372.235
2.30842968610381, 10, 41, 0, 0, -1372.235
2.30412569502381, 10, 73, 0, 0, -1372.235
2.29375627108901, 6, 673, 0, 0, -1372.235
2.29170730784401, 8, 53, 0, 0, -1372.235
2.29062411113006, 10, 76, 0, 0, -1372.235
2.29054838044772, 9, 72, 0, 0, -1372.235
2.28707398840412, 7, 393, 0, 0, -1372.235
2.28654503080295, 10, 33, 0, 0, -1372.235
2.28555421472879, 10, 24, 0, 0, -1372.235
2.28387404026905, 10, 31, 0, 0, -1372.235
2.28039720672971, 10, 42, 0, 0, -1372.235
2.28033138549046, 8, 93, 0, 0, -1372.235
2.2779433851203, 10, 18, 0, 0, -1372.235
2.27209778083058, 9, 60, 0, 0, -1372.235
2.27085533663174, 10, 38, 0, 0, -1372.235
2.26966988267666, 10, 29, 0, 0, -1372.235
2.25258108229986, 8, 130, 0, 0, -1372.235
2.25231156531734, 10, 52, 0, 0, -1372.235
2.24842280855819, 10, 24, 0, 0, -1372.235
2.24757609427407, 10, 27, 0, 0, -1372.235
2.24689186050583, 10, 39, 0, 0, -1372.235
2.24667382374694, 9, 54, 0, 0, -1372.235
2.24011093631124, 7, 325, 0, 0, -1372.235
2.23866498124517, 10, 13, 0, 0, -1372.235
2.23846573083084, 10, 17, 0, 0, -1372.235
2.23680060668682, 10, 36, 0, 0, -1372.235
2.23677192376839, 7, 191, 0, 0, -1372.235
2.23551401254185, 10, 31, 0, 0, -1372.235
2.23426665239663, 9, 90, 0, 0, -1372.235
2.2328503519166, 8, 184, 0, 0, -1372.235
2.23175057236759, 10, 25, 0, 0, -1372.235
2.23144299070334, 7, 335, 0, 0, -1372.235
2.22979829263592, 9, 33, 0, 0, -1372.235
2.22885593866821, 9, 59, 0, 0, -1372.235
2.22322856573725, 9, 51, 0, 0, -1372.235
2.22202824390903, 10, 25, 0, 0, -1372.235
2.22169936642749, 10, 31, 0, 0, -1372.235
2.21656480092615, 10, 29, 0, 0, -1372.235
2.21590618809807, 3, 3126, 0, 0, -1372.235
2.21492598485471, 7, 338, 0, 0, -1372.235
2.21204838539614, 9, 74, 0, 0, -1372.235
2.21160440049521, 9, 73, 0, 0, -1372.235
2.20892300197795, 9, 123, 0, 0, -1372.235
2.20411453136281, 10, 38, 0, 0, -1372.235
2.20232390371088, 10, 32, 0, 0, -1372.235
2.20013536072836, 9, 50, 0, 0, -1372.235
2.19911774933908, 10, 16, 0, 0, -1372.235
2.19399956355028, 10, 41, 0, 0, -1372.235
2.19351796299762, 10, 13, 0, 0, -1372.235
2.18802450453293, 10, 53, 0, 0, -1372.235
2.18617259308538, 10, 54, 0, 0, -1372.235
2.17181024246491, 9, 103, 0, 0, -1372.235
2.16778968826867, 9, 61, 0, 0, -1372.235
2.16475819462459, 10, 42, 0, 0, -1372.235
2.16460890579234, 10, 38, 0, 0, -1372.235
2.16441526066035, 10, 47, 0, 0, -1372.235
2.15972161159741, 9, 61, 0, 0, -1372.235
2.15841603123148, 7, 120, 0, 0, -1372.235
2.15675852272727, 10, 64, 0, 0, -1372.235
2.15663748573262, 10, 44, 0, 0, -1372.235
2.15510190217391, 9, 64, 0, 0, -1372.235
2.15328430698613, 10, 29, 0, 0, -1372.235
2.15171166913128, 7, 379, 0, 0, -1372.235
2.14927458334951, 10, 27, 0, 0, -1372.235
2.14734504351277, 9, 14, 0, 0, -1372.235
2.1406086752185, 10, 30, 0, 0, -1372.235
2.13861119187495, 9, 76, 0, 0, -1372.235
2.13765300583147, 6, 535, 0, 0, -1372.235
2.13763244334128, 9, 43, 0, 0, -1372.235
2.13568013747301, 8, 211, 0, 0, -1372.235
2.13439879739537, 10, 42, 0, 0, -1372.235
2.13369486630232, 9, 68, 0, 0, -1372.235
2.12838966884968, 10, 43, 0, 0, -1372.235
2.12746239971217, 5, 1295, 0, 0, -1372.235
2.12661704916708, 10, 36, 0, 0, -1372.235
2.1256683352894, 10, 37, 0, 0, -1372.235
2.12548769776683, 9, 65, 0, 0, -1372.235
2.12497061278916, 10, 30, 0, 0, -1372.235
2.1225255411324, 10, 68, 0, 0, -1372.235
2.114627637498, 9, 82, 0, 0, -1372.235
2.11295081385201, 10, 38, 0, 0, -1372.235
2.11188611840199, 10, 40, 0, 0, -1372.235
2.11123402524494, 9, 43, 0, 0, -1372.235
2.11111257867997, 10, 57, 0, 0, -1372.235
2.10808357197856, 9, 44, 0, 0, -1372.235
2.1058558285674, 8, 156, 0, 0, -1372.235
2.10561277782943, 10, 38, 0, 0, -1372.235
2.09622477275625, 4, 1447, 0, 0, -1372.235
2.09385543890851, 7, 262, 0, 0, -1372.235
2.09037641495683, 10, 24, 0, 0, -1372.235
2.08887006777185, 9, 81, 0, 0, -1372.235
2.08801157256303, 10, 50, 0, 0, -1372.235
2.08799982184339, 9, 93, 0, 0, -1372.235
2.08799982184339, 9, 93, 0, 0, -1372.235
2.08451097687861, 10, 39, 0, 0, -1372.235
2.0845109768786, 10, 39, 0, 0, -1372.235
2.0780757399177, 10, 44, 0, 0, -1372.235
2.0779505471304, 10, 20, 0, 0, -1372.235
2.07650012486254, 9, 74, 0, 0, -1372.235
2.06988576153017, 10, 34, 0, 0, -1372.235
2.068589092655, 10, 14, 0, 0, -1372.235
2.06817435438603, 8, 143, 0, 0, -1372.235
2.06770484544332, 10, 39, 0, 0, -1372.235
2.06566758349774, 7, 152, 0, 0, -1372.235
2.06004203637557, 8, 112, 0, 0, -1372.235
2.05847098998075, 8, 137, 0, 0, -1372.235
2.0570361021003, 10, 23, 0, 0, -1372.235
2.05132149273735, 10, 14, 0, 0, -1372.235
2.04752895177177, 10, 45, 0, 0, -1372.235
2.04646236075843, 9, 100, 0, 0, -1372.235
2.04586229731696, 10, 33, 0, 0, -1372.235
2.04489015403919, 8, 202, 0, 0, -1372.235
2.04482926705141, 10, 61, 0, 0, -1372.235
2.04202615498445, 7, 270, 0, 0, -1372.235
2.03840068514837, 9, 78, 0, 0, -1372.235
2.03447738338116, 8, 120, 0, 0, -1372.235
2.03375932211426, 8, 139, 0, 0, -1372.235
2.03051205359199, 9, 122, 0, 0, -1372.235
2.02790046657207, 8, 159, 0, 0, -1372.235
2.02686947022342, 7, 399, 0, 0, -1372.235
2.02502337856312, 10, 29, 0, 0, -1372.235
2.02048049240334, 9, 56, 0, 0, -1372.235
2.0191420910269, 10, 17, 0, 0, -1372.235
2.01370412034627, 10, 32, 0, 0, -1372.235
2.01168900903853, 8, 154, 0, 0, -1372.235
2.01025422296957, 10, 43, 0, 0, -1372.235
2.00966723457858, 7, 283, 0, 0, -1372.235
2.00759971978147, 10, 31, 0, 0, -1372.235
2.00109029410903, 7, 488, 0, 0, -1372.235
1.99819483424976, 10, 71, 0, 0, -1372.235
1.99623801674769, 9, 101, 0, 0, -1372.235
1.99584465997343, 9, 80, 0, 0, -1372.235
1.99496351498571, 10, 32, 0, 0, -1372.235
1.99238541384603, 9, 59, 0, 0, -1372.235
1.98717279497802, 10, 36, 0, 0, -1372.235
1.98717279497801, 10, 36, 0, 0, -1372.235
1.98538311016357, 9, 55, 0, 0, -1372.235
1.98422475854953, 9, 75, 0, 0, -1372.235
1.9829308694388, 10, 68, 0, 0, -1372.235
1.97950525563576, 10, 58, 0, 0, -1372.235
1.97737478061502, 10, 28, 0, 0, -1372.235
1.97716710752788, 10, 33, 0, 0, -1372.235
1.96841791946617, 7, 372, 0, 0, -1372.235
1.96584162410672, 10, 37, 0, 0, -1372.235
1.96248864783332, 10, 41, 0, 0, -1372.235
1.96248864783332, 10, 41, 0, 0, -1372.235
1.9621524926791, 8, 119, 0, 0, -1372.235
1.96157881034156, 10, 42, 0, 0, -1372.235
1.95797977979494, 10, 47, 0, 0, -1372.235
1.9551806448459, 10, 32, 0, 0, -1372.235
1.95320603358969, 10, 97, 0, 0, -1372.235
1.95307416965375, 8, 112, 0, 0, -1372.235
1.95307396071953, 6, 399, 0, 0, -1372.235
1.95061934276833, 8, 193, 0, 0, -1372.235
1.94826356244298, 6, 598, 0, 0, -1372.235
1.94730460199879, 10, 27, 0, 0, -1372.235
1.94615144896221, 10, 22, 0, 0, -1372.235
1.94442685325342, 10, 17, 0, 0, -1372.235
1.94372393725833, 10, 37, 0, 0, -1372.235
1.93939363056784, 7, 260, 0, 0, -1372.235
1.9380742805606, 7, 379, 0, 0, -1372.235
1.93652942663686, 9, 59, 0, 0, -1372.235
1.93382869008781, 8, 216, 0, 0, -1372.235
1.93284858880497, 9, 74, 0, 0, -1372.235
1.92587532392785, 9, 145, 0, 0, -1372.235
1.92584299814845, 9, 81, 0, 0, -1372.235
1.91895638205992, 10, 25, 0, 0, -1372.235
1.91591807314242, 10, 22, 0, 0, -1372.235
1.90952209866094, 9, 74, 0, 0, -1372.235
1.90840534524137, 10, 42, 0, 0, -1372.235
1.90321947820716, 5, 1133, 0, 0, -1372.235
1.90138441579168, 10, 13, 0, 0, -1372.235
1.90103118376337, 10, 36, 0, 0, -1372.235
1.89521320114336, 10, 27, 0, 0, -1372.235
1.893771759078, 8, 113, 0, 0, -1372.235
1.89360651328182, 7, 342, 0, 0, -1372.235
1.88966860834098, 8, 191, 0, 0, -1372.235
1.88517033479421, 9, 101, 0, 0, -1372.235
1.88417976034371, 7, 400, 0, 0, -1372.235
1.88346964987091, 9, 108, 0, 0, -1372.235
1.88149537478395, 9, 61, 0, 0, -1372.235
1.88146491430583, 10, 39, 0, 0, -1372.235
1.8797454315049, 10, 66, 0, 0, -1372.235
1.87727316424502, 9, 53, 0, 0, -1372.235
1.87542114897946, 10, 50, 0, 0, -1372.235
1.86979141803323, 7, 419, 0, 0, -1372.235
1.866639154622, 9, 59, 0, 0, -1372.235
1.866639154622, 9, 59, 0, 0, -1372.235
1.86426996521908, 9, 63, 0, 0, -1372.235
1.85879618686201, 9, 52, 0, 0, -1372.235
1.8519078739783, 4, 1679, 0, 0, -1372.235
1.85105013938313, 6, 608, 0, 0, -1372.235
1.84972183093424, 7, 314, 0, 0, -1372.235
1.84575890586742, 10, 50, 0, 0, -1372.235
1.84509150934174, 10, 58, 0, 0, -1372.235
1.84477173391317, 8, 125, 0, 0, -1372.235
1.8445588255926, 8, 134, 0, 0, -1372.235
1.8419468794636, 10, 41, 0, 0, -1372.235
1.83688483362931, 9, 72, 0, 0, -1372.235
1.83455385623014, 8, 129, 0, 0, -1372.235
1.83409230034149, 10, 46, 0, 0, -1372.235
1.83305340725618, 9, 105, 0, 0, -1372.235
1.83256421567757, 10, 49, 0, 0, -1372.235
1.83136113571443, 8, 201, 0, 0, -1372.235
1.83070899755909, 7, 261, 0, 0, -1372.235
1.82826618132768, 10, 17, 0, 0, -1372.235
1.8281849864837, 10, 50, 0, 0, -1372.235
1.82273577628907, 9, 98, 0, 0, -1372.235
1.8212152297433, 9, 60, 0, 0, -1372.235
1.82071297472838, 9, 72, 0, 0, -1372.235
1.82052817952981, 10, 115, 0, 0, -1372.235
1.81836882514794, 10, 46, 0, 0, -1372.235
1.81723678660793, 10, 49, 0, 0, -1372.235
1.81510650687617, 8, 170, 0, 0, -1372.235
1.80797823615087, 9, 82, 0, 0, -1372.235
1.8072130687782, 8, 100, 0, 0, -1372.235
1.79693433037298, 9, 78, 0, 0, -1372.235
1.79637375187736, 10, 37, 0, 0, -1372.235
1.79419511495291, 7, 180, 0, 0, -1372.235
1.79236853921356, 10, 24, 0, 0, -1372.235
1.78317349770983, 8, 241, 0, 0, -1372.235
1.78230719300647, 8, 136, 0, 0, -1372.235
1.78201674255834, 10, 19, 0, 0, -1372.235
1.77836465853289, 10, 39, 0, 0, -1372.235
1.77624745199984, 10, 20, 0, 0, -1372.235
1.77566100361416, 9, 48, 0, 0, -1372.235
1.77391300647222, 9, 55, 0, 0, -1372.235
1.77353766672741, 5, 1611, 0, 0, -1372.235
1.772564358245, 10, 47, 0, 0, -1372.235
1.76341473976852, 10, 49, 0, 0, -1372.235
1.76157587934208, 10, 48, 0, 0, -1372.235
1.75414978785217, 9, 55, 0, 0, -1372.235
1.75196621146243, 3, 4144, 0, 0, -1372.235
1.7478418716014, 8, 175, 0, 0, -1372.235
1.74152188607256, 9, 58, 0, 0, -1372.235
1.73934569770199, 10, 9, 0, 0, -1372.235
1.73770226342184, 8, 190, 0, 0, -1372.235
1.73519213982171, 10, 52, 0, 0, -1372.235
1.73354090606503, 10, 34, 0, 0, -1372.235
1.73272338057805, 10, 49, 0, 0, -1372.235
1.73156574669281, 10, 49, 0, 0, -1372.235
1.73120074609312, 8, 265, 0, 0, -1372.235
1.72934999941697, 8, 223, 0, 0, -1372.235
1.72855783844028, 10, 27, 0, 0, -1372.235
1.72480003758604, 9, 61, 0, 0, -1372.235
1.72115842121763, 9, 88, 0, 0, -1372.235
1.71983967272017, 9, 82, 0, 0, -1372.235
1.71492700865863, 10, 43, 0, 0, -1372.235
1.71409573536111, 10, 37, 0, 0, -1372.235
1.71094317980592, 9, 57, 0, 0, -1372.235
1.7080830414036, 9, 42, 0, 0, -1372.235
1.7064541915974, 10, 30, 0, 0, -1372.235
1.7063222414418, 10, 57, 0, 0, -1372.235
1.70453723477992, 9, 90, 0, 0, -1372.235
1.7041949907133, 10, 31, 0, 0, -1372.235
1.70358275875424, 8, 188, 0, 0, -1372.235
1.70014813963943, 7, 295, 0, 0, -1372.235
1.69022833678385, 10, 32, 0, 0, -1372.235
1.68879968035818, 10, 53, 0, 0, -1372.235
1.6857912901495, 9, 43, 0, 0, -1372.235
1.6834483360211, 10, 10, 0, 0, -1372.235
1.68222948608074, 9, 54, 0, 0, -1372.235
1.67871206536876, 10, 35, 0, 0, -1372.235
1.67741980917784, 9, 45, 0, 0, -1372.235
1.67678554923656, 10, 26, 0, 0, -1372.235
1.67287312281349, 10, 87, 0, 0, -1372.235
1.67045150133817, 8, 147, 0, 0, -1372.235
1.66974121586427, 9, 61, 0, 0, -1372.235
1.66618199742504, 9, 70, 0, 0, -1372.235
1.66409611454397, 9, 68, 0, 0, -1372.235
1.66070945173201, 8, 183, 0, 0, -1372.235
1.65885631481395, 10, 56, 0, 0, -1372.235
1.65380241423603, 9, 44, 0, 0, -1372.235
1.6505444511334, 10, 26, 0, 0, -1372.235
1.64909452857089, 9, 122, 0, 0, -1372.235
1.64800556930693, 9, 64, 0, 0, -1372.235
1.64446008282784, 8, 203, 0, 0, -1372.235
1.64197247704032, 8, 164, 0, 0, -1372.235
1.63993290127991, 7, 190, 0, 0, -1372.235
1.6399012539832, 10, 90, 0, 0, -1372.235
1.63978844437709, 7, 318, 0, 0, -1372.235
1.63380573783514, 5, 884, 0, 0, -1372.235
1.6337051964965, 9, 82, 0, 0, -1372.235
1.63307578257402, 8, 148, 0, 0, -1372.235
1.63177207758634, 9, 48, 0, 0, -1372.235
1.63129426921215, 9, 75, 0, 0, -1372.235
1.63022973985936, 10, 36, 0, 0, -1372.235
1.6301129800658, 7, 205, 0, 0, -1372.235
1.62520670726749, 10, 23, 0, 0, -1372.235
1.624274434687, 7, 367, 0, 0, -1372.235
1.62360603780533, 9, 72, 0, 0, -1372.235
1.61672560873839, 9, 75, 0, 0, -1372.235
1.61457775622669, 8, 83, 0, 0, -1372.235
1.61123439970856, 8, 174, 0, 0, -1372.235
1.60890983789856, 8, 157, 0, 0, -1372.235
1.6033669466138, 10, 33, 0, 0, -1372.235
1.59854768211378, 10, 42, 0, 0, -1372.235
1.59839934435709, 8, 80, 0, 0, -1372.235
1.59803776346894, 10, 82, 0, 0, -1372.235
1.59475562150266, 7, 308, 0, 0, -1372.235
1.59438697901799, 6, 358, 0, 0, -1372.235
1.59231127416594, 9, 106, 0, 0, -1372.235
1.58762498890232, 10, 16, 0, 0, -1372.235
1.58389014352745, 10, 26, 0, 0, -1372.235
1.58096383093656, 10, 23, 0, 0, -1372.235
1.57814042392599, 9, 60, 0, 0, -1372.235
1.57807887954879, 8, 172, 0, 0, -1372.235
1.57801948847391, 9, 60, 0, 0, -1372.235
1.5752570302026, 10, 33, 0, 0, -1372.235
1.57398272105479, 10, 35, 0, 0, -1372.235
1.57370646048636, 10, 55, 0, 0, -1372.235
1.57126485990638, 9, 54, 0, 0, -1372.235
1.57101414223086, 10, 26, 0, 0, -1372.235
1.56986332836651, 10, 28, 0, 0, -1372.235
1.56980578622006, 10, 59, 0, 0, -1372.235
1.56978306747502, 10, 63, 0, 0, -1372.235
1.56750748795314, 10, 43, 0, 0, -1372.235
1.56617186352443, 10, 60, 0, 0, -1372.235
1.56308020460601, 9, 63, 0, 0, -1372.235
1.56172614390222, 6, 328, 0, 0, -1372.235
1.56032627965935, 10, 69, 0, 0, -1372.235
1.55956289195702, 10, 43, 0, 0, -1372.235
1.55788494345431, 10, 76, 0, 0, -1372.235
1.55617611580745, 8, 241, 0, 0, -1372.235
1.54836203874321, 10, 38, 0, 0, -1372.235
1.54202434872202, 8, 155, 0, 0, -1372.235
1.53538083757903, 8, 167, 0, 0, -1372.235
1.53523469553162, 5, 1270, 0, 0, -1372.235
1.53520608082875, 10, 28, 0, 0, -1372.235
1.53318835284576, 9, 75, 0, 0, -1372.235
1.53273792432696, 9, 84, 0, 0, -1372.235
1.53084185927813, 10, 26, 0, 0, -1372.235
1.52874984038695, 10, 36, 0, 0, -1372.235
1.52629510807402, 10, 32, 0, 0, -1372.235
1.525522199397, 9, 99, 0, 0, -1372.235
1.52461019625045, 8, 247, 0, 0, -1372.235
1.52258114348604, 8, 208, 0, 0, -1372.235
1.51971420856692, 10, 27, 0, 0, -1372.235
1.51907338143908, 10, 46, 0, 0, -1372.235
1.51525991638545, 9, 73, 0, 0, -1372.235
1.51507092888317, 9, 77, 0, 0, -1372.235
1.50990651499007, 8, 122, 0, 0, -1372.235
1.50874683114298, 8, 101, 0, 0, -1372.235
1.50731700523244, 9, 102, 0, 0, -1372.235
1.50625820386228, 9, 94, 0, 0, -1372.235
1.50595704692175, 10, 72, 0, 0, -1372.235
1.50564741888938, 6, 779, 0, 0, -1372.235
1.50413608548686, 9, 50, 0, 0, -1372.235
1.50229521712487, 10, 29, 0, 0, -1372.235
1.49895277749738, 10, 42, 0, 0, -1372.235
1.49817686093722, 9, 74, 0, 0, -1372.235
1.49539213709677, 9, 64, 0, 0, -1372.235
1.49338957321247, 10, 47, 0, 0, -1372.235
1.49268670001795, 7, 455, 0, 0, -1372.235
1.49117352548662, 6, 532, 0, 0, -1372.235
1.48809425536682, 9, 92, 0, 0, -1372.235
1.48715417878612, 10, 35, 0, 0, -1372.235
1.48412599947707, 10, 52, 0, 0, -1372.235
1.48088779398445, 9, 72, 0, 0, -1372.235
1.48002299874131, 9, 72, 0, 0, -1372.235
1.47757809534763, 9, 136, 0, 0, -1372.235
1.47707041702181, 9, 116, 0, 0, -1372.235
1.47169084782323, 10, 47, 0, 0, -1372.235
1.47166156878642, 10, 49, 0, 0, -1372.235
1.46906583634089, 5, 713, 0, 0, -1372.235
1.46757480361943, 9, 80, 0, 0, -1372.235
1.46600154372682, 10, 23, 0, 0, -1372.235
1.46237505194314, 10, 33, 0, 0, -1372.235
1.46229556640617, 10, 82, 0, 0, -1372.235
1.46044734623011, 10, 30, 0, 0, -1372.235
1.46005593100814, 10, 49, 0, 0, -1372.235
1.45952860176851, 9, 53, 0, 0, -1372.235
1.45799489831005, 9, 95, 0, 0, -1372.235
1.45769335228835, 9, 100, 0, 0, -1372.235
1.45497126699111, 10, 40, 0, 0, -1372.235
1.4541846598013, 9, 61, 0, 0, -1372.235
1.44961470983442, 7, 236, 0, 0, -1372.235
1.44940118654229, 9, 80, 0, 0, -1372.235
1.4470521333089, 10, 27, 0, 0, -1372.235
1.44680635016617, 9, 67, 0, 0, -1372.235
1.44618610818619, 10, 60, 0, 0, -1372.235
1.43916225285139, 10, 28, 0, 0, -1372.235
1.43867739532879, 9, 48, 0, 0, -1372.235
1.43845051287669, 8, 118, 0, 0, -1372.235
1.43204161628657, 10, 13, 0, 0, -1372.235
1.42541988152042, 10, 43, 0, 0, -1372.235
1.42533799561016, 10, 41, 0, 0, -1372.235
1.42532597906027, 10, 38, 0, 0, -1372.235
1.42505906836358, 10, 23, 0, 0, -1372.235
1.4246616414187, 7, 361, 0, 0, -1372.235
1.42205469393397, 9, 62, 0, 0, -1372.235
1.42048944545667, 9, 77, 0, 0, -1372.235
1.41943945714283, 10, 37, 0, 0, -1372.235
1.41911183185534, 9, 55, 0, 0, -1372.235
1.41881086867524, 10, 42, 0, 0, -1372.235
1.41771773953583, 10, 25, 0, 0, -1372.235
1.4094102432472, 9, 83, 0, 0, -1372.235
1.40935854302888, 6, 371, 0, 0, -1372.235
1.40796690224836, 9, 109, 0, 0, -1372.235
1.40675601512932, 10, 47, 0, 0, -1372.235
1.40567538226655, 6, 579, 0, 0, -1372.235
1.40127503757407, 10, 34, 0, 0, -1372.235
1.40007071396955, 9, 94, 0, 0, -1372.235
1.39851297108815, 10, 29, 0, 0, -1372.235
1.39494700408541, 9, 70, 0, 0, -1372.235
1.39445282984527, 9, 136, 0, 0, -1372.235
1.39351216145887, 7, 231, 0, 0, -1372.235
1.39332286776664, 10, 44, 0, 0, -1372.235
1.39156031861833, 10, 23, 0, 0, -1372.235
1.38970377873584, 9, 83, 0, 0, -1372.235
1.38825536482518, 9, 150, 0, 0, -1372.235
1.3875850034617, 10, 68, 0, 0, -1372.235
1.38533643436436, 9, 54, 0, 0, -1372.235
1.3795816079316, 10, 29, 0, 0, -1372.235
1.3786907342034, 10, 28, 0, 0, -1372.235
1.37823936996735, 10, 40, 0, 0, -1372.235
1.37674175661195, 9, 101, 0, 0, -1372.235
1.37579347088634, 10, 19, 0, 0, -1372.235
1.37526913130989, 9, 73, 0, 0, -1372.235
1.37107429417405, 10, 34, 0, 0, -1372.235
1.37070388238911, 10, 17, 0, 0, -1372.235
1.36774814018158, 7, 383, 0, 0, -1372.235
1.36683476431523, 10, 32, 0, 0, -1372.235
1.36465516620397, 9, 51, 0, 0, -1372.235
1.36297547088648, 9, 68, 0, 0, -1372.235
1.35977056295626, 8, 87, 0, 0, -1372.235
1.35323870864496, 8, 105, 0, 0, -1372.235
1.35055146547349, 10, 26, 0, 0, -1372.235
1.34784571275579, 9, 91, 0, 0, -1372.235
1.34351616562929, 8, 236, 0, 0, -1372.235
1.33975151333247, 9, 76, 0, 0, -1372.235
1.33747512394262, 10, 19, 0, 0, -1372.235
1.33609416008866, 10, 36, 0, 0, -1372.235
1.33605804201845, 10, 50, 0, 0, -1372.235
1.33442225460655, 10, 9, 0, 0, -1372.235
1.33299975837525, 10, 34, 0, 0, -1372.235
1.33269507934938, 5, 1505, 0, 0, -1372.235
1.32502797359086, 8, 272, 0, 0, -1372.235
1.32008680588247, 8, 89, 0, 0, -1372.235
1.31796952115738, 10, 45, 0, 0, -1372.235
1.31576125932158, 10, 17, 0, 0, -1372.235
1.31504653977395, 5, 1147, 0, 0, -1372.235
1.31280954276906, 10, 28, 0, 0, -1372.235
1.30887631480716, 10, 35, 0, 0, -1372.235
1.30637882076938, 10, 19, 0, 0, -1372.235
1.30494116283605, 9, 69, 0, 0, -1372.235
1.30325958119919, 9, 94, 0, 0, -1372.235
1.30259265032485, 9, 53, 0, 0, -1372.235
1.30056182037444, 8, 225, 0, 0, -1372.235
1.30053015545243, 10, 38, 0, 0, -1372.235
1.29656061502521, 9, 72, 0, 0, -1372.235
1.29191845470087, 10, 27, 0, 0, -1372.235
1.29082407890531, 10, 52, 0, 0, -1372.235
1.28969169473629, 10, 31, 0, 0, -1372.235
1.28920289302629, 10, 42, 0, 0, -1372.235
1.28904073769009, 8, 150, 0, 0, -1372.235
1.28839286550893, 10, 35, 0, 0, -1372.235
1.28626135535525, 8, 93, 0, 0, -1372.235
1.2845972675021, 8, 275, 0, 0, -1372.235
1.28357033990833, 10, 33, 0, 0, -1372.235
1.28305658676702, 7, 180, 0, 0, -1372.235
1.28138457573857, 10, 32, 0, 0, -1372.235
1.2802708920225, 10, 13, 0, 0, -1372.235
1.27388950059972, 8, 260, 0, 0, -1372.235
1.27115642893888, 9, 58, 0, 0, -1372.235
1.27047362401477, 10, 38, 0, 0, -1372.235
1.26848195798979, 10, 35, 0, 0, -1372.235
1.26730213959872, 10, 40, 0, 0, -1372.235
1.26657371638644, 10, 31, 0, 0, -1372.235
1.26502366388162, 8, 75, 0, 0, -1372.235
1.26425092748601, 10, 34, 0, 0, -1372.235
1.26082312197232, 7, 418, 0, 0, -1372.235
1.25428537399718, 10, 35, 0, 0, -1372.235
1.25070883142507, 10, 59, 0, 0, -1372.235
1.25013829124295, 10, 12, 0, 0, -1372.235
1.24578803273208, 9, 81, 0, 0, -1372.235
1.2457686267843, 6, 372, 0, 0, -1372.235
1.24312322026056, 9, 108, 0, 0, -1372.235
1.24210460489741, 10, 25, 0, 0, -1372.235
1.2418067091844, 10, 18, 0, 0, -1372.235
1.23945959013446, 10, 30, 0, 0, -1372.235
1.23937671502431, 8, 114, 0, 0, -1372.235
1.23363051152835, 10, 59, 0, 0, -1372.235
1.23193575835603, 7, 189, 0, 0, -1372.235
1.23107033287486, 10, 26, 0, 0, -1372.235
1.22655640016171, 10, 36, 0, 0, -1372.235
1.22655640016168, 10, 36, 0, 0, -1372.235
1.22595560186498, 9, 58, 0, 0, -1372.235
1.22043646610161, 10, 26, 0, 0, -1372.235
1.21782092287629, 10, 28, 0, 0, -1372.235
1.21770090228866, 9, 39, 0, 0, -1372.235
1.21709719639008, 6, 495, 0, 0, -1372.235
1.21571926368507, 9, 78, 0, 0, -1372.235
1.21289834438273, 9, 78, 0, 0, -1372.235
1.20848878953194, 10, 29, 0, 0, -1372.235
1.20767690798079, 10, 36, 0, 0, -1372.235
1.20657879454528, 9, 92, 0, 0, -1372.235
1.20579797085366, 10, 45, 0, 0, -1372.235
1.20546314994011, 8, 222, 0, 0, -1372.235
1.20477463193309, 10, 47, 0, 0, -1372.235
1.20260002956732, 10, 22, 0, 0, -1372.235
1.20235917649017, 9, 107, 0, 0, -1372.235
1.20124193405445, 9, 23, 0, 0, -1372.235
1.20076239067644, 10, 15, 0, 0, -1372.235
1.19752601919432, 10, 37, 0, 0, -1372.235
1.19743198796874, 9, 94, 0, 0, -1372.235
1.19741150482325, 10, 40, 0, 0, -1372.235
1.19548924493916, 7, 362, 0, 0, -1372.235
1.19484326745555, 9, 91, 0, 0, -1372.235
1.18713193965042, 10, 31, 0, 0, -1372.235
1.18602808681668, 7, 301, 0, 0, -1372.235
1.1845422041847, 10, 62, 0, 0, -1372.235
1.18253011215346, 10, 40, 0, 0, -1372.235
1.18135881137159, 10, 54, 0, 0, -1372.235
1.17809620491914, 8, 124, 0, 0, -1372.235
1.17718390680713, 10, 16, 0, 0, -1372.235
1.17431265430558, 9, 107, 0, 0, -1372.235
1.17147042451715, 10, 42, 0, 0, -1372.235
1.16352251004644, 7, 308, 0, 0, -1372.235
1.16321400845035, 10, 27, 0, 0, -1372.235
1.15708632803228, 10, 39, 0, 0, -1372.235
1.1565622259821, 9, 98, 0, 0, -1372.235
1.15577350528331, 10, 53, 0, 0, -1372.235
1.15174587326871, 9, 89, 0, 0, -1372.235
1.1512652622395, 10, 28, 0, 0, -1372.235
1.15083776308812, 9, 110, 0, 0, -1372.235
1.15072296967059, 10, 54, 0, 0, -1372.235
1.14996839293275, 10, 53, 0, 0, -1372.235
1.1478207267873, 10, 32, 0, 0, -1372.235
1.14470906082669, 10, 50, 0, 0, -1372.235
1.14182127217361, 6, 413, 0, 0, -1372.235
1.14119963951914, 10, 38, 0, 0, -1372.235
1.1409341720754, 10, 33, 0, 0, -1372.235
1.14022647781212, 10, 48, 0, 0, -1372.235
1.13995625822435, 10, 36, 0, 0, -1372.235
1.13913036363339, 9, 62, 0, 0, -1372.235
1.13807755688359, 9, 81, 0, 0, -1372.235
1.13731802952326, 10, 43, 0, 0, -1372.235
1.13324367435837, 8, 101, 0, 0, -1372.235
1.13083572309167, 10, 35, 0, 0, -1372.235
1.12978794457908, 10, 91, 0, 0, -1372.235
1.12766094438718, 10, 39, 0, 0, -1372.235
1.1260155289596, 9, 46, 0, 0, -1372.235
1.12597386611314, 10, 51, 0, 0, -1372.235
1.12328606522851, 9, 98, 0, 0, -1372.235
1.12064255669399, 8, 159, 0, 0, -1372.235
1.12000425069256, 8, 129, 0, 0, -1372.235
1.11747201003306, 9, 65, 0, 0, -1372.235
1.11123177494799, 10, 31, 0, 0, -1372.235
1.1085547218442, 8, 143, 0, 0, -1372.235
1.10757171932819, 10, 52, 0, 0, -1372.235
1.10642065719784, 10, 49, 0, 0, -1372.235
1.10123789032422, 10, 26, 0, 0, -1372.235
1.10027481041988, 8, 171, 0, 0, -1372.235
1.09917785581051, 10, 34, 0, 0, -1372.235
1.09814160764702, 8, 111, 0, 0, -1372.235
1.09663439794542, 10, 54, 0, 0, -1372.235
1.09649869501405, 10, 47, 0, 0, -1372.235
1.09530708247421, 9, 93, 0, 0, -1372.235
1.09514604448793, 9, 65, 0, 0, -1372.235
1.09486944553861, 7, 276, 0, 0, -1372.235
1.09423033920047, 10, 14, 0, 0, -1372.235
1.09388315821486, 10, 43, 0, 0, -1372.235
1.09189617621155, 10, 18, 0, 0, -1372.235
1.09144415509135, 8, 122, 0, 0, -1372.235
1.08712444458129, 10, 20, 0, 0, -1372.235
1.08632007814469, 10, 29, 0, 0, -1372.235
1.08613330300636, 9, 86, 0, 0, -1372.235
1.08335981366645, 8, 147, 0, 0, -1372.235
1.08176125999421, 6, 332, 0, 0, -1372.235
1.08107735476125, 10, 25, 0, 0, -1372.235
1.0800353415741, 8, 107, 0, 0, -1372.235
1.07742893914609, 10, 48, 0, 0, -1372.235
1.07704845232624, 6, 797, 0, 0, -1372.235
1.0760663161506, 10, 17, 0, 0, -1372.235
1.07400681127737, 9, 71, 0, 0, -1372.235
1.07376191266852, 10, 43, 0, 0, -1372.235
1.07286336222275, 9, 75, 0, 0, -1372.235
1.07073390891931, 10, 31, 0, 0, -1372.235
1.07014311620361, 10, 51, 0, 0, -1372.235
1.06826542634273, 9, 49, 0, 0, -1372.235
1.06711592298652, 10, 26, 0, 0, -1372.235
1.06542359137671, 10, 40, 0, 0, -1372.235
1.06469457205357, 7, 416, 0, 0, -1372.235
1.06394982588357, 10, 40, 0, 0, -1372.235
1.06248416073072, 8, 186, 0, 0, -1372.235
1.06083679764659, 10, 37, 0, 0, -1372.235
1.06050545368347, 9, 78, 0, 0, -1372.235
1.05887320581529, 9, 72, 0, 0, -1372.235
1.05835339732314, 8, 65, 0, 0, -1372.235
1.05697470808245, 9, 30, 0, 0, -1372.235
1.05586347621927, 8, 155, 0, 0, -1372.235
1.05576999878601, 9, 78, 0, 0, -1372.235
1.05321625685973, 10, 45, 0, 0, -1372.235
1.0530492243159, 8, 132, 0, 0, -1372.235
1.04915384240382, 10, 41, 0, 0, -1372.235
1.04548725143603, 10, 60, 0, 0, -1372.235
1.04457214133363, 8, 182, 0, 0, -1372.235
1.04413570012549, 10, 40, 0, 0, -1372.235
1.04226123172588, 10, 60, 0, 0, -1372.235
1.04129175270205, 10, 25, 0, 0, -1372.235
1.03743541622023, 9, 42, 0, 0, -1372.235
1.03548793304022, 9, 135, 0, 0, -1372.235
1.03308382954028, 9, 103, 0, 0, -1372.235
1.02933298045707, 10, 23, 0, 0, -1372.235
1.02834825966938, 9, 105, 0, 0, -1372.235
1.02825302739606, 9, 27, 0, 0, -1372.235
1.02653896767996, 9, 90, 0, 0, -1372.235
1.02607970137391, 10, 34, 0, 0, -1372.235
1.02542188988321, 9, 77, 0, 0, -1372.235
1.02141448451155, 10, 74, 0, 0, -1372.235
1.01974005807441, 6, 675, 0, 0, -1372.235
1.01901593111634, 6, 871, 0, 0, -1372.235
1.01438435074816, 10, 38, 0, 0, -1372.235
1.01399552534076, 9, 77, 0, 0, -1372.235
1.01389402777606, 8, 159, 0, 0, -1372.235
1.01322209591967, 10, 42, 0, 0, -1372.235
1.01074975973136, 10, 50, 0, 0, -1372.235
1.00965060977551, 10, 32, 0, 0, -1372.235
1.00895886577911, 10, 36, 0, 0, -1372.235
1.00830301462726, 10, 19, 0, 0, -1372.235
1.00690539973516, 10, 29, 0, 0, -1372.235
1.00302128734768, 10, 51, 0, 0, -1372.235
0.99795412399187, 10, 27, 0, 0, -1372.235
0.995921056581665, 9, 47, 0, 0, -1372.235
0.993581436494504, 10, 37, 0, 0, -1372.235
0.992921558071534, 8, 138, 0, 0, -1372.235
0.992859889276594, 10, 45, 0, 0, -1372.235
0.992512078458343, 10, 31, 0, 0, -1372.235
0.990662490794096, 5, 1366, 0, 0, -1372.235
0.987547528102813, 10, 17, 0, 0, -1372.235
0.986575872324893, 10, 51, 0, 0, -1372.235
0.986257772854749, 10, 23, 0, 0, -1372.235
0.985621569667627, 10, 53, 0, 0, -1372.235
0.983412121449932, 10, 31, 0, 0, -1372.235
0.98053657426821, 9, 95, 0, 0, -1372.235
0.977442511001835, 10, 30, 0, 0, -1372.235
0.975949175412004, 10, 34, 0, 0, -1372.235
0.973872625099952, 10, 58, 0, 0, -1372.235
0.970665737134061, 10, 59, 0, 0, -1372.235
0.968267554375316, 5, 1404, 0, 0, -1372.235
0.967866085349172, 6, 468, 0, 0, -1372.235
0.967493810927111, 9, 120, 0, 0, -1372.235
0.965661322786183, 10, 66, 0, 0, -1372.235
0.963869381139651, 9, 98, 0, 0, -1372.235
0.963656081961219, 10, 35, 0, 0, -1372.235
0.961996046839083, 10, 26, 0, 0, -1372.235
0.960238417836255, 10, 25, 0, 0, -1372.235
0.95631554377112, 9, 113, 0, 0, -1372.235
0.953397259131301, 6, 626, 0, 0, -1372.235
0.952690934139801, 10, 22, 0, 0, -1372.235
0.952574994045127, 10, 43, 0, 0, -1372.235
0.951694571846835, 10, 23, 0, 0, -1372.235
0.950114972970649, 9, 82, 0, 0, -1372.235
0.947948955596313, 9, 92, 0, 0, -1372.235
0.94765978646292, 6, 480, 0, 0, -1372.235
0.944195936017001, 10, 38, 0, 0, -1372.235
0.942995462566146, 9, 134, 0, 0, -1372.235
0.938486917336918, 10, 21, 0, 0, -1372.235
0.935226093384158, 10, 47, 0, 0, -1372.235
0.933781303557335, 8, 86, 0, 0, -1372.235
0.932150472856119, 7, 237, 0, 0, -1372.235
0.930116573776578, 9, 3, 0, 0, -1372.235
0.92528982793403, 10, 51, 0, 0, -1372.235
0.925159051012363, 10, 47, 0, 0, -1372.235
0.924149469874426, 10, 40, 0, 0, -1372.235
0.923397450286337, 10, 14, 0, 0, -1372.235
0.918921249331423, 9, 62, 0, 0, -1372.235
0.918400546484379, 10, 29, 0, 0, -1372.235
0.918204567628495, 10, 44, 0, 0, -1372.235
0.913832496191688, 10, 38, 0, 0, -1372.235
0.913377061747982, 10, 62, 0, 0, -1372.235
0.91230728466184, 8, 165, 0, 0, -1372.235
0.911970964606398, 10, 28, 0, 0, -1372.235
0.910550535219096, 8, 180, 0, 0, -1372.235
0.909376605305297, 8, 114, 0, 0, -1372.235
0.907789587785091, 9, 94, 0, 0, -1372.235
0.907202115255014, 10, 36, 0, 0, -1372.235
0.902613593149566, 9, 43, 0, 0, -1372.235
0.90258573473319, 9, 66, 0, 0, -1372.235
0.899355342602154, 8, 151, 0, 0, -1372.235
0.89887805474685, 8, 154, 0, 0, -1372.235
0.897140525513537, 9, 50, 0, 0, -1372.235
0.894849893931265, 10, 78, 0, 0, -1372.235
0.893672709052942, 10, 31, 0, 0, -1372.235
0.890451184686935, 10, 26, 0, 0, -1372.235
0.890451184686929, 10, 26, 0, 0, -1372.235
0.890314810444225, 10, 22, 0, 0, -1372.235
0.889130932382756, 10, 24, 0, 0, -1372.235
0.888018727575347, 9, 96, 0, 0, -1372.235
0.884317342000563, 9, 100, 0, 0, -1372.235
0.879565213349483, 8, 116, 0, 0, -1372.235
0.875607892335744, 9, 64, 0, 0, -1372.235
0.875594319528674, 10, 40, 0, 0, -1372.235
0.873736333070368, 9, 72, 0, 0, -1372.235
0.873627844658891, 10, 26, 0, 0, -1372.235
0.8724080470232, 10, 29, 0, 0, -1372.235
0.86727222400216, 5, 1342, 0, 0, -1372.235
0.866381530997339, 9, 93, 0, 0, -1372.235
0.863424962325162, 10, 23, 0, 0, -1372.235
0.862462943645524, 10, 20, 0, 0, -1372.235
0.862417956955311, 9, 59, 0, 0, -1372.235
0.859484844173436, 8, 79, 0, 0, -1372.235
0.858375961582659, 6, 830, 0, 0, -1372.235
0.858349598160607, 10, 61, 0, 0, -1372.235
0.857090421932081, 10, 32, 0, 0, -1372.235
0.856915982700489, 6, 604, 0, 0, -1372.235
0.854960034301161, 8, 220, 0, 0, -1372.235
0.854459046084255, 9, 91, 0, 0, -1372.235
0.85240848068188, 10, 19, 0, 0, -1372.235
0.851795722845295, 9, 49, 0, 0, -1372.235
0.851755279437674, 9, 63, 0, 0, -1372.235
0.851653657482406, 10, 19, 0, 0, -1372.235
0.848106286022298, 10, 30, 0, 0, -1372.235
0.84772172351101, 10, 44, 0, 0, -1372.235
0.847089239142705, 10, 53, 0, 0, -1372.235
0.844615193921483, 10, 41, 0, 0, -1372.235
0.844513163085551, 9, 75, 0, 0, -1372.235
0.843113800255798, 10, 29, 0, 0, -1372.235
0.839506510956109, 10, 46, 0, 0, -1372.235
0.839118485288292, 9, 93, 0, 0, -1372.235
0.838694184854748, 10, 33, 0, 0, -1372.235
0.833868506157154, 8, 71, 0, 0, -1372.235
0.832992138226963, 10, 44, 0, 0, -1372.235
0.829680408859524, 10, 54, 0, 0, -1372.235
0.8237291657557, 8, 203, 0, 0, -1372.235
0.82189984406114, 10, 37, 0, 0, -1372.235
0.818925054283119, 10, 29, 0, 0, -1372.235
0.815271547015888, 10, 72, 0, 0, -1372.235
0.814317420796824, 6, 569, 0, 0, -1372.235
0.812583006999179, 10, 18, 0, 0, -1372.235
0.812583006999178, 10, 18, 0, 0, -1372.235
0.808548071066458, 10, 33, 0, 0, -1372.235
0.806472145200009, 9, 108, 0, 0, -1372.235
0.806329385772721, 9, 168, 0, 0, -1372.235
0.805333610604224, 7, 399, 0, 0, -1372.235
0.803737223817321, 6, 578, 0, 0, -1372.235
0.803219906134019, 10, 27, 0, 0, -1372.235
0.800062215944687, 10, 32, 0, 0, -1372.235
0.795431610559909, 6, 778, 0, 0, -1372.235
0.794989601181657, 10, 45, 0, 0, -1372.235
0.789188415190844, 10, 40, 0, 0, -1372.235
0.788860500882596, 10, 45, 0, 0, -1372.235
0.788860500882596, 10, 45, 0, 0, -1372.235
0.788164268420303, 10, 74, 0, 0, -1372.235
0.78467640857064, 9, 73, 0, 0, -1372.235
0.784128037310237, 9, 75, 0, 0, -1372.235
0.781266722526744, 8, 184, 0, 0, -1372.235
0.780302738181583, 10, 25, 0, 0, -1372.235
0.776961572697929, 10, 36, 0, 0, -1372.235
0.774997811547398, 10, 49, 0, 0, -1372.235
0.774537780305118, 10, 33, 0, 0, -1372.235
0.773115084391371, 10, 41, 0, 0, -1372.235
0.771007686583472, 8, 90, 0, 0, -1372.235
0.770992230229278, 9, 71, 0, 0, -1372.235
0.770639812531783, 10, 46, 0, 0, -1372.235
0.768816639546769, 10, 32, 0, 0, -1372.235
0.766069214230756, 8, 109, 0, 0, -1372.235
0.76209450906693, 9, 56, 0, 0, -1372.235
0.761324851397434, 10, 71, 0, 0, -1372.235
0.759861870776578, 9, 108, 0, 0, -1372.235
0.759338058709965, 8, 254, 0, 0, -1372.235
0.756942152496831, 10, 25, 0, 0, -1372.235
0.755637494243695, 10, 43, 0, 0, -1372.235
0.748818322959237, 10, 50, 0, 0, -1372.235
0.747151512160781, 8, 81, 0, 0, -1372.235
0.746842155214339, 10, 14, 0, 0, -1372.235
0.74559943946473, 9, 16, 0, 0, -1372.235
0.734574935050291, 10, 38, 0, 0, -1372.235
0.730853961977594, 8, 137, 0, 0, -1372.235
0.728153319340234, 9, 38, 0, 0, -1372.235
0.727356223730503, 8, 78, 0, 0, -1372.235
0.727040095317161, 8, 102, 0, 0, -1372.235
0.725375002032186, 8, 216, 0, 0, -1372.235
0.723578563139081, 10, 43, 0, 0, -1372.235
0.722588312076978, 8, 217, 0, 0, -1372.235
0.72111785429307, 9, 115, 0, 0, -1372.235
0.719937916867326, 10, 66, 0, 0, -1372.235
0.718865759472771, 10, 38, 0, 0, -1372.235
0.718357024026156, 10, 31, 0, 0, -1372.235
0.71709278668528, 8, 153, 0, 0, -1372.235
0.716928699999588, 8, 241, 0, 0, -1372.235
0.716278132935121, 10, 20, 0, 0, -1372.235
0.71248512945299, 10, 39, 0, 0, -1372.235
0.712083962589571, 10, 34, 0, 0, -1372.235
0.711527505435339, 8, 45, 0, 0, -1372.235
0.708665647827478, 7, 124, 0, 0, -1372.235
0.707778260998994, 8, 154, 0, 0, -1372.235
0.706057194187962, 6, 762, 0, 0, -1372.235
0.705587494233188, 9, 141, 0, 0, -1372.235
0.702311560805206, 10, 35, 0, 0, -1372.235
0.702248628116265, 10, 68, 0, 0, -1372.235
0.693010195483275, 8, 123, 0, 0, -1372.235
0.691932003245318, 10, 30, 0, 0, -1372.235
0.687381975965736, 8, 95, 0, 0, -1372.235
0.686011207839312, 10, 45, 0, 0, -1372.235
0.68600009057757, 10, 42, 0, 0, -1372.235
0.683402289955429, 10, 41, 0, 0, -1372.235
0.680251332064375, 9, 126, 0, 0, -1372.235
0.680153270985581, 10, 54, 0, 0, -1372.235
0.679692639124693, 10, 25, 0, 0, -1372.235
0.67815415876578, 10, 39, 0, 0, -1372.235
0.676371305427285, 9, 56, 0, 0, -1372.235
0.67388178455912, 10, 39, 0, 0, -1372.235
0.673530508478783, 10, 45, 0, 0, -1372.235
0.671491060366513, 10, 49, 0, 0, -1372.235
0.669357922079954, 9, 69, 0, 0, -1372.235
0.667370976715204, 8, 216, 0, 0, -1372.235
0.667224649055633, 7, 336, 0, 0, -1372.235
0.665374022777672, 9, 62, 0, 0, -1372.235
0.664752249946617, 6, 699, 0, 0, -1372.235
0.664690872089192, 10, 32, 0, 0, -1372.235
0.664066574989231, 10, 53, 0, 0, -1372.235
0.663649023066797, 9, 70, 0, 0, -1372.235
0.662544704112908, 10, 56, 0, 0, -1372.235
0.661596843221513, 10, 47, 0, 0, -1372.235
0.660514542696286, 9, 96, 0, 0, -1372.235
0.655617208773272, 10, 20, 0, 0, -1372.235
0.654540580831607, 10, 40, 0, 0, -1372.235
0.6545405808316, 10, 40, 0, 0, -1372.235
0.653766745383304, 10, 38, 0, 0, -1372.235
0.653614163028463, 8, 171, 0, 0, -1372.235
0.651778600188728, 10, 42, 0, 0, -1372.235
0.648958371449848, 8, 158, 0, 0, -1372.235
0.64787056967098, 9, 47, 0, 0, -1372.235
0.646116587911177, 9, 19, 0, 0, -1372.235
0.645904011782154, 10, 13, 0, 0, -1372.235
0.644809467646741, 10, 33, 0, 0, -1372.235
0.643203473087377, 10, 46, 0, 0, -1372.235
0.641093204756014, 6, 622, 0, 0, -1372.235
0.640377432939423, 10, 37, 0, 0, -1372.235
0.635274493787239, 10, 17, 0, 0, -1372.235
0.633407826947215, 9, 22, 0, 0, -1372.235
0.631183527154052, 10, 21, 0, 0, -1372.235
0.628864166666666, 10, 64, 0, 0, -1372.235
0.628188822167606, 8, 93, 0, 0, -1372.235
0.627020404954395, 9, 66, 0, 0, -1372.235
0.625684005419095, 7, 144, 0, 0, -1372.235
0.622982072048416, 10, 60, 0, 0, -1372.235
0.622094512830998, 10, 44, 0, 0, -1372.235
0.621517472087734, 8, 127, 0, 0, -1372.235
0.620849928686423, 10, 34, 0, 0, -1372.235
0.618675718457616, 10, 27, 0, 0, -1372.235
0.616915994760876, 10, 50, 0, 0, -1372.235
0.616199085537958, 10, 32, 0, 0, -1372.235
0.61579123610902, 10, 28, 0, 0, -1372.235
0.614142203332594, 10, 45, 0, 0, -1372.235
0.614011454245238, 8, 82, 0, 0, -1372.235
0.61358044810482, 10, 44, 0, 0, -1372.235
0.610844162861989, 9, 32, 0, 0, -1372.235
0.610552723626442, 10, 45, 0, 0, -1372.235
0.608696626548273, 9, 52, 0, 0, -1372.235
0.608137670455019, 7, 149, 0, 0, -1372.235
0.606422260869441, 10, 27, 0, 0, -1372.235
0.605425567188335, 10, 33, 0, 0, -1372.235
0.600207173963365, 10, 28, 0, 0, -1372.235
0.598723105436324, 10, 29, 0, 0, -1372.235
0.597998244939224, 10, 28, 0, 0, -1372.235
0.597966343794004, 9, 79, 0, 0, -1372.235
0.596960313044187, 7, 384, 0, 0, -1372.235
0.596267385607809, 10, 46, 0, 0, -1372.235
0.593206997922714, 9, 60, 0, 0, -1372.235
0.589831847273077, 10, 17, 0, 0, -1372.235
0.586497888210788, 10, 41, 0, 0, -1372.235
0.586497888210788, 10, 41, 0, 0, -1372.235
0.58498957153169, 9, 89, 0, 0, -1372.235
0.583537554321689, 10, 23, 0, 0, -1372.235
0.573288669236117, 10, 38, 0, 0, -1372.235
0.570715608247076, 7, 427, 0, 0, -1372.235
0.56995331944997, 10, 8, 0, 0, -1372.235
0.569226144667587, 9, 73, 0, 0, -1372.235
0.564602549357104, 10, 38, 0, 0, -1372.235
0.56417525900467, 10, 31, 0, 0, -1372.235
0.558538508963328, 10, 24, 0, 0, -1372.235
0.55574990877571, 10, 18, 0, 0, -1372.235
0.553676476137517, 10, 24, 0, 0, -1372.235
0.551901241060336, 10, 40, 0, 0, -1372.235
0.55132446534124, 10, 50, 0, 0, -1372.235
0.549140616448024, 9, 107, 0, 0, -1372.235
0.545621762706513, 10, 44, 0, 0, -1372.235
0.543571278656459, 9, 58, 0, 0, -1372.235
0.536995005791354, 10, 33, 0, 0, -1372.235
0.535198253779819, 10, 24, 0, 0, -1372.235
0.534602842857161, 10, 40, 0, 0, -1372.235
0.534317373837034, 9, 31, 0, 0, -1372.235
0.533592184916493, 9, 81, 0, 0, -1372.235
0.532964128814941, 9, 79, 0, 0, -1372.235
0.53259256221546, 6, 912, 0, 0, -1372.235
0.5312810442333, 10, 12, 0, 0, -1372.235
0.530807989770266, 10, 45, 0, 0, -1372.235
0.525878501546736, 6, 681, 0, 0, -1372.235
0.523072901638987, 7, 288, 0, 0, -1372.235
0.522144367180016, 9, 73, 0, 0, -1372.235
0.522117863392464, 4, 2031, 0, 0, -1372.235
0.521688321844156, 10, 54, 0, 0, -1372.235
0.520102792212125, 10, 30, 0, 0, -1372.235
0.518008091303825, 9, 83, 0, 0, -1372.235
0.515532443905586, 9, 76, 0, 0, -1372.235
0.515441090981536, 10, 45, 0, 0, -1372.235
0.513498528728736, 10, 35, 0, 0, -1372.235
0.510481598685172, 10, 52, 0, 0, -1372.235
0.510036839737652, 8, 161, 0, 0, -1372.235
0.507684556150232, 10, 55, 0, 0, -1372.235
0.506321091954615, 10, 27, 0, 0, -1372.235
0.506137336772552, 9, 118, 0, 0, -1372.235
0.505245545537319, 10, 41, 0, 0, -1372.235
0.505177393056507, 4, 2113, 0, 0, -1372.235
0.504662556358698, 10, 20, 0, 0, -1372.235
0.503928053082283, 8, 117, 0, 0, -1372.235
0.502237321618507, 10, 22, 0, 0, -1372.235
0.502226003484487, 9, 107, 0, 0, -1372.235
0.502031455884543, 6, 720, 0, 0, -1372.235
0.501883707956848, 10, 31, 0, 0, -1372.235
0.497311026676521, 10, 27, 0, 0, -1372.235
0.494534880122469, 9, 109, 0, 0, -1372.235
0.493682103912859, 10, 13, 0, 0, -1372.235
0.491614614025575, 10, 86, 0, 0, -1372.235
0.48874037539572, 9, 90, 0, 0, -1372.235
0.488451860208508, 10, 48, 0, 0, -1372.235
0.488131838999787, 10, 37, 0, 0, -1372.235
0.488131838999781, 10, 37, 0, 0, -1372.235
0.485162902677844, 10, 27, 0, 0, -1372.235
0.484357395153869, 8, 109, 0, 0, -1372.235
0.484189236132869, 10, 60, 0, 0, -1372.235
0.4837838037811, 9, 80, 0, 0, -1372.235
0.483318798763677, 10, 45, 0, 0, -1372.235
0.482325329887031, 10, 29, 0, 0, -1372.235
0.48208953585157, 10, 70, 0, 0, -1372.235
0.481893364738583, 10, 55, 0, 0, -1372.235
0.479910570229686, 9, 87, 0, 0, -1372.235
0.479036845096702, 9, 83, 0, 0, -1372.235
0.478835327008853, 10, 59, 0, 0, -1372.235
0.477154521289791, 9, 104, 0, 0, -1372.235
0.47444383985502, 7, 167, 0, 0, -1372.235
0.47432092451788, 10, 31, 0, 0, -1372.235
0.473965443055409, 9, 67, 0, 0, -1372.235
0.473847398266787, 10, 15, 0, 0, -1372.235
0.472967497415509, 10, 17, 0, 0, -1372.235
0.472402935441458, 8, 149, 0, 0, -1372.235
0.471894670718319, 10, 33, 0, 0, -1372.235
0.466383848674427, 10, 37, 0, 0, -1372.235
0.465324609984615, 10, 15, 0, 0, -1372.235
0.465036104939759, 10, 41, 0, 0, -1372.235
0.464727239855282, 9, 70, 0, 0, -1372.235
0.460223010481355, 9, 42, 0, 0, -1372.235
0.459645011576968, 9, 66, 0, 0, -1372.235
0.45848921318034, 10, 23, 0, 0, -1372.235
0.456331399964859, 8, 62, 0, 0, -1372.235
0.455987649173133, 10, 54, 0, 0, -1372.235
0.449056987781727, 9, 69, 0, 0, -1372.235
0.447987148393053, 4, 2055, 0, 0, -1372.235
0.446791408795149, 10, 36, 0, 0, -1372.235
0.445156663452552, 8, 79, 0, 0, -1372.235
0.441237569102217, 7, 269, 0, 0, -1372.235
0.439557699234787, 8, 125, 0, 0, -1372.235
0.436959214795771, 10, 22, 0, 0, -1372.235
0.436622497905476, 10, 51, 0, 0, -1372.235
0.435959188616359, 10, 13, 0, 0, -1372.235
0.43311646781345, 10, 21, 0, 0, -1372.235
0.424216345908844, 7, 191, 0, 0, -1372.235
0.422514573397505, 10, 46, 0, 0, -1372.235
0.422322783547668, 10, 25, 0, 0, -1372.235
0.422119109820801, 9, 70, 0, 0, -1372.235
0.421710315273732, 10, 53, 0, 0, -1372.235
0.421127633495484, 9, 50, 0, 0, -1372.235
0.419235422174387, 10, 17, 0, 0, -1372.235
0.41902770575985, 10, 25, 0, 0, -1372.235
0.41675181650363, 8, 146, 0, 0, -1372.235
0.414622903637193, 4, 2255, 0, 0, -1372.235
0.413060565149006, 10, 20, 0, 0, -1372.235
0.412073083226645, 9, 101, 0, 0, -1372.235
0.411237323898588, 10, 10, 0, 0, -1372.235
0.410484045532714, 9, 42, 0, 0, -1372.235
0.407522521036971, 10, 45, 0, 0, -1372.235
0.407055970080608, 10, 18, 0, 0, -1372.235
0.406588712484734, 9, 125, 0, 0, -1372.235
0.406334364000102, 7, 169, 0, 0, -1372.235
0.405423261872448, 7, 391, 0, 0, -1372.235
0.405185377397679, 8, 152, 0, 0, -1372.235
0.400048453465639, 9, 94, 0, 0, -1372.235
0.399436340034802, 7, 332, 0, 0, -1372.235
0.397725147313469, 7, 248, 0, 0, -1372.235
0.397573988043273, 10, 41, 0, 0, -1372.235
0.394783879056347, 10, 17, 0, 0, -1372.235
0.393792633263947, 10, 71, 0, 0, -1372.235
0.392941173476291, 8, 143, 0, 0, -1372.235
0.391672980303793, 9, 45, 0, 0, -1372.235
0.391472197935714, 9, 51, 0, 0, -1372.235
0.389616643744104, 10, 17, 0, 0, -1372.235
0.388898015455301, 8, 138, 0, 0, -1372.235
0.388373915815093, 10, 47, 0, 0, -1372.235
0.387846762636386, 10, 30, 0, 0, -1372.235
0.384337874177597, 8, 102, 0, 0, -1372.235
0.384008662568478, 8, 117, 0, 0, -1372.235
0.380301597398048, 10, 13, 0, 0, -1372.235
0.37670266143833, 9, 76, 0, 0, -1372.235
0.376569700356676, 7, 289, 0, 0, -1372.235
0.374978791107006, 7, 236, 0, 0, -1372.235
0.373756833946434, 9, 47, 0, 0, -1372.235
0.36994767213845, 9, 140, 0, 0, -1372.235
0.368636086198072, 9, 78, 0, 0, -1372.235
0.36840314829862, 10, 27, 0, 0, -1372.235
0.367702549182482, 10, 28, 0, 0, -1372.235
0.367503977721024, 7, 335, 0, 0, -1372.235
0.367164260739918, 9, 116, 0, 0, -1372.235
0.366668392289183, 9, 88, 0, 0, -1372.235
0.364841662460948, 9, 73, 0, 0, -1372.235
0.362364196026765, 9, 43, 0, 0, -1372.235
0.361935280816564, 9, 106, 0, 0, -1372.235
0.361118703388235, 10, 43, 0, 0, -1372.235
0.360789737890909, 8, 151, 0, 0, -1372.235
0.36037212394021, 10, 25, 0, 0, -1372.235
0.353271134177761, 10, 12, 0, 0, -1372.235
0.350079953455824, 10, 54, 0, 0, -1372.235
0.347387322656719, 9, 83, 0, 0, -1372.235
0.345561254066458, 9, 89, 0, 0, -1372.235
0.344673363933615, 9, 131, 0, 0, -1372.235
0.341387139002295, 10, 35, 0, 0, -1372.235
0.339475951213168, 9, 100, 0, 0, -1372.235
0.338602436704338, 10, 78, 0, 0, -1372.235
0.337800474529118, 10, 31, 0, 0, -1372.235
0.33616892577566, 7, 191, 0, 0, -1372.235
0.336088287511595, 8, 189, 0, 0, -1372.235
0.335539834827584, 10, 37, 0, 0, -1372.235
0.335093678846609, 10, 33, 0, 0, -1372.235
0.334841306207844, 9, 134, 0, 0, -1372.235
0.334109027193205, 10, 44, 0, 0, -1372.235
0.33408069376912, 9, 136, 0, 0, -1372.235
0.33374054408859, 10, 43, 0, 0, -1372.235
0.327824745289531, 9, 83, 0, 0, -1372.235
0.327120220383533, 10, 34, 0, 0, -1372.235
0.326849235163249, 8, 66, 0, 0, -1372.235
0.325938570319709, 10, 37, 0, 0, -1372.235
0.321987439472353, 7, 430, 0, 0, -1372.235
0.320669998860931, 10, 52, 0, 0, -1372.235
0.320669998860923, 10, 52, 0, 0, -1372.235
0.319423218747347, 10, 11, 0, 0, -1372.235
0.313844578087135, 10, 26, 0, 0, -1372.235
0.313111673899858, 7, 208, 0, 0, -1372.235
0.310499312804652, 10, 15, 0, 0, -1372.235
0.304981623117243, 10, 36, 0, 0, -1372.235
0.304276575439009, 8, 135, 0, 0, -1372.235
0.301753961597074, 7, 256, 0, 0, -1372.235
0.3014716355932, 10, 28, 0, 0, -1372.235
0.3004709851392, 10, 36, 0, 0, -1372.235
0.299201856813054, 7, 244, 0, 0, -1372.235
0.297593121378026, 10, 50, 0, 0, -1372.235
0.292797070645153, 8, 162, 0, 0, -1372.235
0.2923045443975, 10, 24, 0, 0, -1372.235
0.291806270956209, 9, 42, 0, 0, -1372.235
0.285938683559695, 10, 33, 0, 0, -1372.235
0.281274506834397, 10, 17, 0, 0, -1372.235
0.281220123868143, 10, 22, 0, 0, -1372.235
0.281082701562157, 10, 39, 0, 0, -1372.235
0.2808769596737, 7, 279, 0, 0, -1372.235
0.278866685867117, 9, 108, 0, 0, -1372.235
0.275502324758537, 9, 45, 0, 0, -1372.235
0.274893186053179, 10, 47, 0, 0, -1372.235
0.274592248757059, 7, 343, 0, 0, -1372.235
0.27340449073059, 9, 18, 0, 0, -1372.235
0.2714712030563, 7, 428, 0, 0, -1372.235
0.270633377685447, 9, 114, 0, 0, -1372.235
0.269526024763098, 9, 88, 0, 0, -1372.235
0.269399718272285, 9, 48, 0, 0, -1372.235
0.269175838216861, 7, 132, 0, 0, -1372.235
0.268598281299539, 7, 276, 0, 0, -1372.235
0.267658660499215, 10, 32, 0, 0, -1372.235
0.264564422698198, 10, 20, 0, 0, -1372.235
0.262895528887702, 10, 33, 0, 0, -1372.235
0.261123685136738, 9, 119, 0, 0, -1372.235
0.257294678310057, 10, 33, 0, 0, -1372.235
0.256402746512784, 10, 59, 0, 0, -1372.235
0.255502215776669, 9, 120, 0, 0, -1372.235
0.254981511802507, 10, 19, 0, 0, -1372.235
0.254822646853318, 7, 294, 0, 0, -1372.235
0.252871525378713, 9, 95, 0, 0, -1372.235
0.250423108156005, 9, 20, 0, 0, -1372.235
0.248783467040692, 10, 32, 0, 0, -1372.235
0.248783467040689, 10, 32, 0, 0, -1372.235
0.245721664979422, 8, 128, 0, 0, -1372.235
0.245601847202282, 8, 93, 0, 0, -1372.235
0.244961652808982, 10, 66, 0, 0, -1372.235
0.242352262002356, 9, 72, 0, 0, -1372.235
0.241705022803367, 9, 46, 0, 0, -1372.235
0.240981136522196, 10, 58, 0, 0, -1372.235
0.239089653597734, 10, 39, 0, 0, -1372.235
0.237270756435012, 9, 71, 0, 0, -1372.235
0.23444450832506, 9, 133, 0, 0, -1372.235
0.23424649704712, 9, 75, 0, 0, -1372.235
0.23356923724832, 10, 46, 0, 0, -1372.235
0.233455757351914, 9, 76, 0, 0, -1372.235
0.233239991317458, 10, 70, 0, 0, -1372.235
0.23194450340135, 10, 50, 0, 0, -1372.235
0.22484986517387, 10, 45, 0, 0, -1372.235
0.224849865173867, 10, 45, 0, 0, -1372.235
0.219627561830161, 10, 44, 0, 0, -1372.235
0.218919584108457, 9, 36, 0, 0, -1372.235
0.217890769157109, 10, 50, 0, 0, -1372.235
0.216157693257828, 10, 17, 0, 0, -1372.235
0.2137583969376, 10, 27, 0, 0, -1372.235
0.213686641825279, 10, 67, 0, 0, -1372.235
0.211929659886235, 9, 60, 0, 0, -1372.235
0.208609893207601, 10, 53, 0, 0, -1372.235
0.207451793522696, 10, 47, 0, 0, -1372.235
0.207377337608645, 10, 28, 0, 0, -1372.235
0.20646812370404, 9, 53, 0, 0, -1372.235
0.205596880664948, 10, 31, 0, 0, -1372.235
0.205385600553195, 10, 54, 0, 0, -1372.235
0.205024191844315, 7, 183, 0, 0, -1372.235
0.203843895880131, 10, 48, 0, 0, -1372.235
0.202969225286105, 8, 161, 0, 0, -1372.235
0.20224484592447, 9, 86, 0, 0, -1372.235
0.201463258483254, 10, 45, 0, 0, -1372.235
0.201232435760117, 10, 27, 0, 0, -1372.235
0.196170763275065, 9, 58, 0, 0, -1372.235
0.194408930502755, 9, 71, 0, 0, -1372.235
0.19411455775781, 10, 29, 0, 0, -1372.235
0.193697713084883, 9, 60, 0, 0, -1372.235
0.192814154133946, 10, 51, 0, 0, -1372.235
0.191193361358332, 10, 51, 0, 0, -1372.235
0.190833879221375, 10, 41, 0, 0, -1372.235
0.188856446546967, 8, 43, 0, 0, -1372.235
0.188790289344864, 9, 43, 0, 0, -1372.235
0.188097380435482, 9, 61, 0, 0, -1372.235
0.187632969727705, 8, 149, 0, 0, -1372.235
0.183415161980524, 9, 61, 0, 0, -1372.235
0.182623500339327, 10, 35, 0, 0, -1372.235
0.181257249705218, 10, 21, 0, 0, -1372.235
0.181171478224749, 9, 62, 0, 0, -1372.235
0.180235142729843, 10, 29, 0, 0, -1372.235
0.179631018504636, 8, 157, 0, 0, -1372.235
0.179014614136596, 10, 34, 0, 0, -1372.235
0.177011585058705, 10, 57, 0, 0, -1372.235
0.174036279132057, 9, 76, 0, 0, -1372.235
0.173512833607118, 10, 38, 0, 0, -1372.235
0.171604386773125, 9, 52, 0, 0, -1372.235
0.170767039185101, 10, 59, 0, 0, -1372.235
0.167828203481498, 9, 65, 0, 0, -1372.235
0.166238059561863, 10, 65, 0, 0, -1372.235
0.163682764420074, 10, 41, 0, 0, -1372.235
0.162528159320697, 8, 214, 0, 0, -1372.235
0.162098035108884, 10, 35, 0, 0, -1372.235
0.155118846547019, 10, 16, 0, 0, -1372.235
0.155118846547014, 10, 16, 0, 0, -1372.235
0.154445870492557, 10, 71, 0, 0, -1372.235
0.152313522972834, 9, 60, 0, 0, -1372.235
0.150893071736049, 8, 174, 0, 0, -1372.235
0.14732668469344, 9, 76, 0, 0, -1372.235
0.146371036452424, 7, 221, 0, 0, -1372.235
0.144403267546963, 10, 44, 0, 0, -1372.235
0.143534114367777, 10, 48, 0, 0, -1372.235
0.142845035498628, 10, 47, 0, 0, -1372.235
0.141121228537982, 9, 52, 0, 0, -1372.235
0.140316653770954, 9, 140, 0, 0, -1372.235
0.137300169903274, 10, 45, 0, 0, -1372.235
0.135535961900127, 10, 34, 0, 0, -1372.235
0.134322298794869, 10, 25, 0, 0, -1372.235
0.133882707446508, 10, 38, 0, 0, -1372.235
0.132389161472763, 9, 93, 0, 0, -1372.235
0.130110937155767, 10, 48, 0, 0, -1372.235
0.130003087387822, 10, 26, 0, 0, -1372.235
0.129064748385068, 9, 93, 0, 0, -1372.235
0.128280553177756, 10, 40, 0, 0, -1372.235
0.127023807147284, 9, 59, 0, 0, -1372.235
0.124257270511093, 7, 269, 0, 0, -1372.235
0.119612935503745, 10, 52, 0, 0, -1372.235
0.118303358051662, 8, 233, 0, 0, -1372.235
0.115264619704994, 6, 421, 0, 0, -1372.235
0.115106903015036, 10, 60, 0, 0, -1372.235
0.112449513113595, 10, 56, 0, 0, -1372.235
0.111251672011591, 10, 39, 0, 0, -1372.235
0.10928075115804, 10, 13, 0, 0, -1372.235
0.107403884584355, 9, 40, 0, 0, -1372.235
0.1032333535559, 9, 26, 0, 0, -1372.235
0.103006315925683, 8, 89, 0, 0, -1372.235
0.102235369985874, 10, 48, 0, 0, -1372.235
0.100936376928439, 8, 156, 0, 0, -1372.235
0.099951712597163, 10, 49, 0, 0, -1372.235
0.0973632271645252, 10, 25, 0, 0, -1372.235
0.0956384989303498, 10, 52, 0, 0, -1372.235
0.0951196316857224, 2, 10538, 0, 0, -1372.235
0.0913748964960536, 10, 25, 0, 0, -1372.235
0.0907541173188911, 9, 99, 0, 0, -1372.235
0.0904301825171073, 10, 48, 0, 0, -1372.235
0.0899226435882216, 2, 11273, 0, 0, -1372.235
0.0896721942050056, 10, 44, 0, 0, -1372.235
0.0891788042921278, 9, 50, 0, 0, -1372.235
0.0888740988908706, 9, 35, 0, 0, -1372.235
0.0883177640233376, 8, 190, 0, 0, -1372.235
0.0880935353054041, 10, 21, 0, 0, -1372.235
0.087388784212382, 10, 17, 0, 0, -1372.235
0.0868843455549426, 6, 591, 0, 0, -1372.235
0.0867861065105124, 8, 187, 0, 0, -1372.235
0.0861082916574835, 10, 85, 0, 0, -1372.235
0.0845950566338115, 10, 52, 0, 0, -1372.235
0.0838894422535855, 9, 78, 0, 0, -1372.235
0.0837979366584781, 9, 161, 0, 0, -1372.235
0.0818719997971408, 9, 73, 0, 0, -1372.235
0.0815744512571784, 8, 209, 0, 0, -1372.235
0.0806108233189276, 10, 50, 0, 0, -1372.235
0.0797018614047332, 10, 22, 0, 0, -1372.235
0.0797018614047303, 10, 22, 0, 0, -1372.235
0.0784950962488397, 10, 30, 0, 0, -1372.235
0.0767787771267365, 9, 121, 0, 0, -1372.235
0.0747329334106033, 9, 31, 0, 0, -1372.235
0.0733830325978445, 10, 48, 0, 0, -1372.235
0.0731076717287215, 9, 92, 0, 0, -1372.235
0.0718499081039082, 10, 36, 0, 0, -1372.235
0.070928648186386, 10, 50, 0, 0, -1372.235
0.0675172262935191, 9, 92, 0, 0, -1372.235
0.0654423780642962, 10, 30, 0, 0, -1372.235
0.0599177365341324, 9, 71, 0, 0, -1372.235
0.058518571615388, 10, 23, 0, 0, -1372.235
0.0583411858905607, 9, 58, 0, 0, -1372.235
0.0578054908802466, 9, 32, 0, 0, -1372.235
0.0561439579805173, 9, 54, 0, 0, -1372.235
0.0549576699102734, 9, 34, 0, 0, -1372.235
0.0519133525651109, 9, 48, 0, 0, -1372.235
0.0496708837883348, 10, 28, 0, 0, -1372.235
0.0492220379667526, 10, 9, 0, 0, -1372.235
0.0487232440025144, 9, 91, 0, 0, -1372.235
0.045730713364527, 10, 37, 0, 0, -1372.235
0.0455254789859711, 6, 570, 0, 0, -1372.235
0.0437678863070378, 10, 39, 0, 0, -1372.235
0.0404868203095176, 9, 129, 0, 0, -1372.235
0.0395067147193095, 10, 42, 0, 0, -1372.235
0.0381347311116086, 10, 17, 0, 0, -1372.235
0.0380044770791326, 10, 44, 0, 0, -1372.235
0.0372564866748376, 6, 725, 0, 0, -1372.235
0.0360044068374363, 10, 32, 0, 0, -1372.235
0.0357803580333526, 10, 29, 0, 0, -1372.235
0.0355748322549757, 10, 18, 0, 0, -1372.235
0.0329623397651265, 10, 32, 0, 0, -1372.235
0.0317676043758851, 10, 39, 0, 0, -1372.235
0.0298650946890362, 10, 42, 0, 0, -1372.235
0.0257426787376019, 10, 26, 0, 0, -1372.235
0.0252435584854823, 10, 49, 0, 0, -1372.235
0.0231149723429108, 10, 31, 0, 0, -1372.235
0.0211042493867589, 10, 33, 0, 0, -1372.235
0.0190496071476607, 9, 51, 0, 0, -1372.235
0.0190496071476582, 9, 51, 0, 0, -1372.235
0.018565073972852, 10, 29, 0, 0, -1372.235
0.0182874557842972, 10, 40, 0, 0, -1372.235
0.0174960908540644, 9, 72, 0, 0, -1372.235
0.0159660419804191, 9, 58, 0, 0, -1372.235
0.0136481879236312, 9, 97, 0, 0, -1372.235
0.0134897935814484, 9, 71, 0, 0, -1372.235
0.00875158461092412, 10, 42, 0, 0, -1372.235
0.00732473052220535, 10, 52, 0, 0, -1372.235
0.00612807695087034, 10, 28, 0, 0, -1372.235
0.00548273919455061, 10, 32, 0, 0, -1372.235
0.0038407805382502, 10, 29, 0, 0, -1372.235
0.00212507607027927, 10, 59, 0, 0, -1372.235
0.00132523135868198, 10, 25, 0, 0, -1372.235
0.00110774627840684, 10, 31, 0, 0, -1372.235
0.00110755930991234, 8, 162, 0, 0, -1372.235
0.000961343247661604, 8, 192, 0, 0, -1372.235
