norm, level, Npoints, dimSplit, MainGridIndexSplit
44.738955513913, 0, 36584, -1, -1, -1
14.2221053854324, 9, 40, 0, 0, -1372.235
12.6531251902093, 10, 25, 0, 0, -1372.235
12.613520223527, 6, 604, 0, 0, -1372.235
12.3410101916072, 10, 21, 0, 0, -1372.235
12.325108653825, 6, 621, 0, 0, -1372.235
11.9847520053819, 7, 131, 0, 0, -1372.235
11.9774741441098, 8, 101, 0, 0, -1372.235
11.7136814987534, 10, 9, 0, 0, -1372.235
11.6155221803063, 9, 51, 0, 0, -1372.235
11.4879951662112, 9, 46, 0, 0, -1372.235
11.1441739491258, 8, 120, 0, 0, -1372.235
11.1316223092332, 9, 44, 0, 0, -1372.235
10.3321471091065, 5, 1373, 0, 0, -1372.235
10.2594026901638, 7, 366, 0, 0, -1372.235
10.2347017124792, 10, 28, 0, 0, -1372.235
10.1356691357747, 5, 1405, 0, 0, -1372.235
10.1241901097869, 7, 105, 0, 0, -1372.235
10.0702793479104, 9, 48, 0, 0, -1372.235
10.0142059454062, 9, 36, 0, 0, -1372.235
10.0069886540798, 10, 44, 0, 0, -1372.235
9.94343984116176, 7, 380, 0, 0, -1372.235
9.61245343629978, 8, 83, 0, 0, -1372.235
9.52262508406487, 8, 133, 0, 0, -1372.235
9.5152178022261, 9, 83, 0, 0, -1372.235
9.0625048195418, 9, 88, 0, 0, -1372.235
9.00704815615159, 10, 39, 0, 0, -1372.235
8.9968015532808, 8, 83, 0, 0, -1372.235
8.97752418618372, 10, 16, 0, 0, -1372.235
8.97486449461658, 7, 293, 0, 0, -1372.235
8.94815165775898, 9, 88, 0, 0, -1372.235
8.79060947445252, 10, 39, 0, 0, -1372.235
8.75056717615514, 3, 2234, 0, 0, -1372.235
8.73495435072182, 10, 39, 0, 0, -1372.235
8.73061965638766, 6, 545, 0, 0, -1372.235
8.62202693868726, 10, 13, 0, 0, -1372.235
8.61478336093233, 8, 141, 0, 0, -1372.235
8.57446913856041, 10, 29, 0, 0, -1372.235
8.56940653666322, 10, 53, 0, 0, -1372.235
8.48381803433049, 9, 60, 0, 0, -1372.235
8.37826660946203, 8, 153, 0, 0, -1372.235
8.35525306329226, 9, 18, 0, 0, -1372.235
8.20300646607561, 7, 96, 0, 0, -1372.235
8.11395817874712, 8, 159, 0, 0, -1372.235
8.02833386295227, 9, 63, 0, 0, -1372.235
7.89912696334511, 10, 13, 0, 0, -1372.235
7.88457895953338, 10, 23, 0, 0, -1372.235
7.87355773115507, 9, 56, 0, 0, -1372.235
7.86003152079866, 9, 41, 0, 0, -1372.235
7.83437416979078, 10, 18, 0, 0, -1372.235
7.8225174661225, 10, 39, 0, 0, -1372.235
7.79580946403099, 10, 20, 0, 0, -1372.235
7.79236360316091, 9, 44, 0, 0, -1372.235
7.74561191073524, 10, 31, 0, 0, -1372.235
7.71693049895719, 6, 632, 0, 0, -1372.235
7.70714420804848, 10, 15, 0, 0, -1372.235
7.66837423669062, 9, 78, 0, 0, -1372.235
7.64825700848798, 10, 16, 0, 0, -1372.235
7.64779100806824, 9, 45, 0, 0, -1372.235
7.62199892134006, 6, 664, 0, 0, -1372.235
7.57557237245886, 3, 2656, 0, 0, -1372.235
7.56459257147336, 10, 29, 0, 0, -1372.235
7.53879475451285, 7, 292, 0, 0, -1372.235
7.47297517244296, 10, 43, 0, 0, -1372.235
7.46638948154309, 9, 16, 0, 0, -1372.235
7.45862125352081, 10, 8, 0, 0, -1372.235
7.4156421536231, 10, 20, 0, 0, -1372.235
7.3938697340245, 10, 48, 0, 0, -1372.235
7.34892129227411, 9, 68, 0, 0, -1372.235
7.34802485997059, 9, 21, 0, 0, -1372.235
7.32517142189979, 8, 115, 0, 0, -1372.235
7.31910023216511, 10, 26, 0, 0, -1372.235
7.3001615987713, 10, 42, 0, 0, -1372.235
7.23077777060559, 8, 81, 0, 0, -1372.235
7.21734920328657, 7, 288, 0, 0, -1372.235
7.21356800613111, 10, 40, 0, 0, -1372.235
7.19551551365241, 8, 175, 0, 0, -1372.235
7.160168669438, 5, 677, 0, 0, -1372.235
7.15095959901811, 8, 110, 0, 0, -1372.235
7.13418623711695, 10, 39, 0, 0, -1372.235
7.12674255768297, 10, 46, 0, 0, -1372.235
7.09710203403545, 8, 170, 0, 0, -1372.235
7.07718480684222, 10, 30, 0, 0, -1372.235
7.04639974308071, 9, 96, 0, 0, -1372.235
7.0411792021762, 7, 248, 0, 0, -1372.235
7.03590363371985, 10, 33, 0, 0, -1372.235
6.99801081678638, 8, 143, 0, 0, -1372.235
6.94302362539519, 10, 30, 0, 0, -1372.235
6.93005523794698, 9, 47, 0, 0, -1372.235
6.9273180091707, 10, 23, 0, 0, -1372.235
6.92726195416704, 9, 67, 0, 0, -1372.235
6.90313599504695, 10, 34, 0, 0, -1372.235
6.86699049430844, 7, 404, 0, 0, -1372.235
6.82534142376936, 7, 329, 0, 0, -1372.235
6.82014688081766, 9, 86, 0, 0, -1372.235
6.81695793298496, 10, 15, 0, 0, -1372.235
6.78954829806522, 9, 59, 0, 0, -1372.235
6.7761597789765, 9, 101, 0, 0, -1372.235
6.76343648548457, 10, 55, 0, 0, -1372.235
6.73742758357352, 6, 283, 0, 0, -1372.235
6.73285998317276, 10, 32, 0, 0, -1372.235
6.6881243876378, 10, 37, 0, 0, -1372.235
6.68021702894308, 10, 16, 0, 0, -1372.235
6.62774423155917, 8, 28, 0, 0, -1372.235
6.617117499241, 8, 120, 0, 0, -1372.235
6.60352808505984, 9, 61, 0, 0, -1372.235
6.56227918473962, 8, 91, 0, 0, -1372.235
6.55998745069785, 6, 795, 0, 0, -1372.235
6.52759520758192, 8, 228, 0, 0, -1372.235
6.4996011249433, 10, 29, 0, 0, -1372.235
6.49892980209151, 9, 31, 0, 0, -1372.235
6.49674738998869, 7, 127, 0, 0, -1372.235
6.4879139867436, 9, 106, 0, 0, -1372.235
6.4867198875236, 10, 26, 0, 0, -1372.235
6.46915450518218, 7, 224, 0, 0, -1372.235
6.46904099841436, 10, 23, 0, 0, -1372.235
6.42891982244194, 10, 37, 0, 0, -1372.235
6.42141583843646, 5, 1338, 0, 0, -1372.235
6.42001376063819, 8, 17, 0, 0, -1372.235
6.39690604649543, 10, 39, 0, 0, -1372.235
6.38692084504233, 10, 23, 0, 0, -1372.235
6.3826597944805, 8, 139, 0, 0, -1372.235
6.36989972104131, 5, 779, 0, 0, -1372.235
6.34502166371175, 7, 316, 0, 0, -1372.235
6.34502166371175, 7, 316, 0, 0, -1372.235
6.34388246241183, 8, 127, 0, 0, -1372.235
6.29520567133192, 9, 110, 0, 0, -1372.235
6.29090896197951, 7, 345, 0, 0, -1372.235
6.21354963206814, 9, 39, 0, 0, -1372.235
6.2055929622813, 8, 191, 0, 0, -1372.235
6.17483877214198, 10, 22, 0, 0, -1372.235
6.17078240136581, 9, 81, 0, 0, -1372.235
6.14175604654665, 10, 17, 0, 0, -1372.235
6.13503562682902, 10, 29, 0, 0, -1372.235
6.13410731753567, 8, 144, 0, 0, -1372.235
6.13218608335629, 9, 102, 0, 0, -1372.235
6.12564908690144, 8, 141, 0, 0, -1372.235
6.10770666291555, 7, 240, 0, 0, -1372.235
6.10687728858722, 7, 331, 0, 0, -1372.235
6.09938104102269, 10, 26, 0, 0, -1372.235
6.08716411897637, 10, 55, 0, 0, -1372.235
6.08601551743176, 10, 48, 0, 0, -1372.235
6.08519784959329, 10, 44, 0, 0, -1372.235
6.07708811112395, 9, 140, 0, 0, -1372.235
6.06111866128265, 5, 903, 0, 0, -1372.235
6.06087301488271, 10, 27, 0, 0, -1372.235
6.03480293663278, 10, 25, 0, 0, -1372.235
6.02617303254184, 10, 22, 0, 0, -1372.235
5.98989459932701, 9, 60, 0, 0, -1372.235
5.97798472769919, 8, 143, 0, 0, -1372.235
5.94894128292389, 9, 49, 0, 0, -1372.235
5.92440000197146, 8, 152, 0, 0, -1372.235
5.91890083201195, 10, 28, 0, 0, -1372.235
5.91277292717034, 7, 116, 0, 0, -1372.235
5.89587173283283, 9, 119, 0, 0, -1372.235
5.89446656508489, 9, 68, 0, 0, -1372.235
5.86949059462464, 9, 120, 0, 0, -1372.235
5.81605158670785, 9, 58, 0, 0, -1372.235
5.8141634127544, 6, 561, 0, 0, -1372.235
5.81199536077515, 10, 58, 0, 0, -1372.235
5.80337555135895, 10, 31, 0, 0, -1372.235
5.79256404246155, 10, 38, 0, 0, -1372.235
5.76660671403092, 7, 377, 0, 0, -1372.235
5.75318600937146, 9, 10, 0, 0, -1372.235
5.71319149544331, 10, 35, 0, 0, -1372.235
5.71251605003531, 6, 573, 0, 0, -1372.235
5.70289858232518, 8, 69, 0, 0, -1372.235
5.69390341873845, 10, 31, 0, 0, -1372.235
5.68484046468716, 6, 223, 0, 0, -1372.235
5.68121870507494, 9, 85, 0, 0, -1372.235
5.65517246684589, 8, 138, 0, 0, -1372.235
5.64335248893731, 10, 33, 0, 0, -1372.235
5.63746129854343, 10, 20, 0, 0, -1372.235
5.63647708414642, 8, 89, 0, 0, -1372.235
5.61962305613961, 10, 28, 0, 0, -1372.235
5.6134366849611, 10, 52, 0, 0, -1372.235
5.60811173721815, 7, 396, 0, 0, -1372.235
5.60038315180372, 10, 24, 0, 0, -1372.235
5.58909127519277, 10, 44, 0, 0, -1372.235
5.56316404956022, 10, 49, 0, 0, -1372.235
5.55066210846534, 8, 124, 0, 0, -1372.235
5.52341680646594, 8, 111, 0, 0, -1372.235
5.52293365976763, 10, 23, 0, 0, -1372.235
5.51188367667785, 9, 117, 0, 0, -1372.235
5.49961831829473, 10, 42, 0, 0, -1372.235
5.49094580747931, 7, 170, 0, 0, -1372.235
5.48490904379344, 5, 1018, 0, 0, -1372.235
5.48475113886733, 9, 38, 0, 0, -1372.235
5.47928928492931, 10, 47, 0, 0, -1372.235
5.46331198712243, 4, 1085, 0, 0, -1372.235
5.4553140559846, 10, 24, 0, 0, -1372.235
5.44582777829061, 10, 50, 0, 0, -1372.235
5.44007297274623, 9, 10, 0, 0, -1372.235
5.43907888046346, 9, 78, 0, 0, -1372.235
5.4172285391493, 10, 25, 0, 0, -1372.235
5.41195515642077, 10, 54, 0, 0, -1372.235
5.40484476090434, 10, 33, 0, 0, -1372.235
5.40098176856364, 10, 32, 0, 0, -1372.235
5.38550218626041, 8, 94, 0, 0, -1372.235
5.37331291440341, 5, 1657, 0, 0, -1372.235
5.34688863315278, 10, 38, 0, 0, -1372.235
5.33807314509796, 7, 389, 0, 0, -1372.235
5.32871946148587, 10, 53, 0, 0, -1372.235
5.32342969818319, 8, 96, 0, 0, -1372.235
5.25878581720482, 10, 32, 0, 0, -1372.235
5.24743130839115, 10, 10, 0, 0, -1372.235
5.21591988611011, 10, 47, 0, 0, -1372.235
5.21339982438451, 10, 21, 0, 0, -1372.235
5.21013196466439, 3, 5741, 0, 0, -1372.235
5.20851708685289, 4, 1149, 0, 0, -1372.235
5.20283474898982, 10, 41, 0, 0, -1372.235
5.19335208914621, 10, 36, 0, 0, -1372.235
5.1769950294668, 9, 100, 0, 0, -1372.235
5.1694828262759, 10, 17, 0, 0, -1372.235
5.15450073931287, 10, 34, 0, 0, -1372.235
5.14833198193162, 9, 111, 0, 0, -1372.235
5.14340850142991, 10, 44, 0, 0, -1372.235
5.12316476940052, 10, 22, 0, 0, -1372.235
5.11370834666421, 6, 394, 0, 0, -1372.235
5.11060815349127, 10, 65, 0, 0, -1372.235
5.11011406596911, 10, 53, 0, 0, -1372.235
5.10387195734606, 9, 53, 0, 0, -1372.235
5.08964803736052, 8, 119, 0, 0, -1372.235
5.07881097282486, 8, 157, 0, 0, -1372.235
5.07644247152765, 9, 106, 0, 0, -1372.235
5.07611844955255, 10, 37, 0, 0, -1372.235
5.07412950597605, 10, 42, 0, 0, -1372.235
5.07103893712871, 10, 23, 0, 0, -1372.235
5.07056132817518, 8, 123, 0, 0, -1372.235
5.06316120139003, 9, 85, 0, 0, -1372.235
5.06071402712321, 3, 5945, 0, 0, -1372.235
5.0571891670459, 10, 26, 0, 0, -1372.235
5.05329568710001, 10, 60, 0, 0, -1372.235
5.02747596643872, 9, 9, 0, 0, -1372.235
5.0216153967562, 10, 9, 0, 0, -1372.235
5.02100340214514, 8, 179, 0, 0, -1372.235
5.01742919653297, 9, 65, 0, 0, -1372.235
5.01740467648591, 10, 38, 0, 0, -1372.235
5.01308877264959, 8, 258, 0, 0, -1372.235
5.00898973722793, 10, 29, 0, 0, -1372.235
4.98653149789288, 10, 26, 0, 0, -1372.235
4.98513617813557, 8, 122, 0, 0, -1372.235
4.95760854281205, 8, 85, 0, 0, -1372.235
4.95634527637399, 9, 61, 0, 0, -1372.235
4.95592063549495, 10, 33, 0, 0, -1372.235
4.94224241953167, 9, 12, 0, 0, -1372.235
4.93987656700503, 9, 85, 0, 0, -1372.235
4.93485517153938, 8, 180, 0, 0, -1372.235
4.93353189330939, 10, 51, 0, 0, -1372.235
4.90508109106784, 10, 29, 0, 0, -1372.235
4.89604735000589, 10, 36, 0, 0, -1372.235
4.86935502154464, 10, 35, 0, 0, -1372.235
4.86290556051203, 9, 117, 0, 0, -1372.235
4.85185600382485, 10, 37, 0, 0, -1372.235
4.85013855841749, 10, 14, 0, 0, -1372.235
4.84434965425916, 8, 146, 0, 0, -1372.235
4.83365121071241, 10, 31, 0, 0, -1372.235
4.83227478876433, 9, 68, 0, 0, -1372.235
4.83184000000001, 9, 64, 0, 0, -1372.235
4.81665321432026, 10, 52, 0, 0, -1372.235
4.81591247459399, 10, 34, 0, 0, -1372.235
4.81448108306573, 10, 45, 0, 0, -1372.235
4.80947981085816, 10, 57, 0, 0, -1372.235
4.79688785805994, 10, 25, 0, 0, -1372.235
4.79477108477641, 10, 44, 0, 0, -1372.235
4.79062519952495, 10, 45, 0, 0, -1372.235
4.78943796274344, 9, 77, 0, 0, -1372.235
4.78536951972382, 9, 14, 0, 0, -1372.235
4.77650338468542, 10, 35, 0, 0, -1372.235
4.77191608412468, 6, 213, 0, 0, -1372.235
4.75954237761366, 10, 63, 0, 0, -1372.235
4.75589168352764, 10, 50, 0, 0, -1372.235
4.74529341662781, 10, 36, 0, 0, -1372.235
4.74387875005593, 10, 6, 0, 0, -1372.235
4.73471409345361, 8, 109, 0, 0, -1372.235
4.72670398917264, 8, 229, 0, 0, -1372.235
4.71729939575631, 6, 729, 0, 0, -1372.235
4.7091543860071, 10, 8, 0, 0, -1372.235
4.70038309835826, 9, 104, 0, 0, -1372.235
4.6982463297463, 9, 41, 0, 0, -1372.235
4.69625604403723, 6, 657, 0, 0, -1372.235
4.68662755032768, 10, 49, 0, 0, -1372.235
4.6761685560732, 7, 242, 0, 0, -1372.235
4.59688577181627, 10, 32, 0, 0, -1372.235
4.59189834990763, 10, 36, 0, 0, -1372.235
4.58313600272014, 9, 93, 0, 0, -1372.235
4.57301173266334, 10, 35, 0, 0, -1372.235
4.57153178150704, 10, 56, 0, 0, -1372.235
4.57019221421013, 8, 90, 0, 0, -1372.235
4.56735098105959, 10, 10, 0, 0, -1372.235
4.56139140086731, 10, 13, 0, 0, -1372.235
4.5574117778451, 9, 79, 0, 0, -1372.235
4.55675009364442, 4, 2031, 0, 0, -1372.235
4.55269066802769, 8, 148, 0, 0, -1372.235
4.54682751665558, 10, 38, 0, 0, -1372.235
4.545489915817, 7, 405, 0, 0, -1372.235
4.53255532836627, 7, 214, 0, 0, -1372.235
4.53033982277095, 10, 26, 0, 0, -1372.235
4.51720260962212, 9, 79, 0, 0, -1372.235
4.51712918918471, 10, 28, 0, 0, -1372.235
4.51435802514666, 8, 117, 0, 0, -1372.235
4.50703340237176, 6, 770, 0, 0, -1372.235
4.50576117295025, 10, 22, 0, 0, -1372.235
4.50576117295025, 10, 22, 0, 0, -1372.235
4.50120183722889, 10, 26, 0, 0, -1372.235
4.48101575048431, 10, 20, 0, 0, -1372.235
4.46431810460846, 10, 37, 0, 0, -1372.235
4.46299363055884, 7, 414, 0, 0, -1372.235
4.4601220545676, 9, 63, 0, 0, -1372.235
4.45489468570391, 10, 37, 0, 0, -1372.235
4.44943161264572, 10, 29, 0, 0, -1372.235
4.4457011433061, 10, 80, 0, 0, -1372.235
4.43548803162038, 9, 51, 0, 0, -1372.235
4.43107654886598, 10, 49, 0, 0, -1372.235
4.42660167144593, 8, 213, 0, 0, -1372.235
4.41987015815373, 8, 287, 0, 0, -1372.235
4.40580127215628, 9, 83, 0, 0, -1372.235
4.40196462142862, 6, 450, 0, 0, -1372.235
4.3990522175805, 8, 93, 0, 0, -1372.235
4.39224184864112, 10, 33, 0, 0, -1372.235
4.38715228037652, 10, 34, 0, 0, -1372.235
4.37765777683239, 6, 453, 0, 0, -1372.235
4.37291890621419, 8, 66, 0, 0, -1372.235
4.36871134471032, 10, 35, 0, 0, -1372.235
4.36453445584959, 9, 58, 0, 0, -1372.235
4.36297912671335, 10, 30, 0, 0, -1372.235
4.34100491007991, 9, 80, 0, 0, -1372.235
4.33504625860392, 9, 83, 0, 0, -1372.235
4.326042041655, 10, 49, 0, 0, -1372.235
4.32103286638968, 10, 46, 0, 0, -1372.235
4.31924205315628, 9, 85, 0, 0, -1372.235
4.31186796422653, 10, 39, 0, 0, -1372.235
4.30526189252445, 10, 34, 0, 0, -1372.235
4.30247862308873, 10, 21, 0, 0, -1372.235
4.29597835425037, 10, 27, 0, 0, -1372.235
4.28055118203387, 7, 295, 0, 0, -1372.235
4.24428183083995, 10, 47, 0, 0, -1372.235
4.23881609396759, 10, 29, 0, 0, -1372.235
4.23836073015716, 10, 61, 0, 0, -1372.235
4.23328390589136, 9, 91, 0, 0, -1372.235
4.22180672916968, 10, 42, 0, 0, -1372.235
4.1989895237272, 9, 87, 0, 0, -1372.235
4.1973088917255, 10, 61, 0, 0, -1372.235
4.18967929691144, 10, 55, 0, 0, -1372.235
4.18949179586713, 10, 34, 0, 0, -1372.235
4.18600964489539, 10, 16, 0, 0, -1372.235
4.18432784054172, 10, 44, 0, 0, -1372.235
4.18148156215387, 10, 34, 0, 0, -1372.235
4.17922096593775, 7, 216, 0, 0, -1372.235
4.16999592598917, 10, 22, 0, 0, -1372.235
4.15866405757235, 8, 104, 0, 0, -1372.235
4.12559641416114, 10, 17, 0, 0, -1372.235
4.12115608690569, 10, 23, 0, 0, -1372.235
4.11935448494722, 10, 43, 0, 0, -1372.235
4.11391852458184, 6, 460, 0, 0, -1372.235
4.1126362220923, 10, 49, 0, 0, -1372.235
4.10943500750961, 10, 34, 0, 0, -1372.235
4.10596475083796, 10, 53, 0, 0, -1372.235
4.10500088705826, 10, 36, 0, 0, -1372.235
4.09890874437655, 9, 49, 0, 0, -1372.235
4.08303505434783, 10, 64, 0, 0, -1372.235
4.06586984421864, 10, 47, 0, 0, -1372.235
4.05589725886729, 9, 94, 0, 0, -1372.235
4.04775882708044, 9, 70, 0, 0, -1372.235
4.03720523051256, 9, 170, 0, 0, -1372.235
4.03047884477713, 9, 50, 0, 0, -1372.235
4.02119949894592, 8, 51, 0, 0, -1372.235
4.02078893442623, 9, 64, 0, 0, -1372.235
4.01013325930105, 7, 291, 0, 0, -1372.235
4.00740360736476, 7, 185, 0, 0, -1372.235
4.00670631677662, 10, 46, 0, 0, -1372.235
4.00246736145712, 10, 30, 0, 0, -1372.235
4.00010264918592, 8, 112, 0, 0, -1372.235
3.99062810801607, 8, 110, 0, 0, -1372.235
3.98407120500822, 9, 104, 0, 0, -1372.235
3.97485130400646, 10, 20, 0, 0, -1372.235
3.96920377678234, 9, 20, 0, 0, -1372.235
3.96158966054443, 7, 253, 0, 0, -1372.235
3.95786742379898, 9, 48, 0, 0, -1372.235
3.95580057553588, 9, 12, 0, 0, -1372.235
3.95483451389511, 10, 12, 0, 0, -1372.235
3.95242640391272, 9, 105, 0, 0, -1372.235
3.95118926658526, 10, 12, 0, 0, -1372.235
3.93103566230275, 8, 75, 0, 0, -1372.235
3.92870469576836, 10, 94, 0, 0, -1372.235
3.92360045989031, 10, 37, 0, 0, -1372.235
3.92334317349453, 6, 348, 0, 0, -1372.235
3.91394071674676, 10, 52, 0, 0, -1372.235
3.90955126328347, 7, 234, 0, 0, -1372.235
3.90828587900088, 6, 819, 0, 0, -1372.235
3.90578477988353, 10, 48, 0, 0, -1372.235
3.90506438058399, 10, 38, 0, 0, -1372.235
3.90340676479923, 10, 77, 0, 0, -1372.235
3.88884460623995, 9, 35, 0, 0, -1372.235
3.88751011982149, 10, 31, 0, 0, -1372.235
3.87807251037294, 8, 71, 0, 0, -1372.235
3.87083732931418, 9, 45, 0, 0, -1372.235
3.86979072052865, 9, 19, 0, 0, -1372.235
3.86059683137676, 10, 39, 0, 0, -1372.235
3.85866779283886, 6, 720, 0, 0, -1372.235
3.85716582772466, 9, 41, 0, 0, -1372.235
3.8559641377717, 9, 8, 0, 0, -1372.235
3.85215686394816, 10, 30, 0, 0, -1372.235
3.83663202442661, 10, 16, 0, 0, -1372.235
3.83334523482452, 8, 198, 0, 0, -1372.235
3.82920345734897, 8, 168, 0, 0, -1372.235
3.81753853331612, 7, 323, 0, 0, -1372.235
3.81632405000525, 9, 70, 0, 0, -1372.235
3.81525875213335, 8, 174, 0, 0, -1372.235
3.8145530982564, 8, 183, 0, 0, -1372.235
3.81032078473021, 10, 40, 0, 0, -1372.235
3.81023743170445, 8, 91, 0, 0, -1372.235
3.79975098878899, 10, 53, 0, 0, -1372.235
3.79877722388745, 10, 44, 0, 0, -1372.235
3.79745265447383, 7, 159, 0, 0, -1372.235
3.78592489756851, 9, 84, 0, 0, -1372.235
3.77999851861941, 10, 40, 0, 0, -1372.235
3.76893706537648, 10, 37, 0, 0, -1372.235
3.76850446116368, 10, 31, 0, 0, -1372.235
3.76805738832423, 10, 7, 0, 0, -1372.235
3.76620493278571, 8, 168, 0, 0, -1372.235
3.76469158475532, 4, 2554, 0, 0, -1372.235
3.75530374675188, 7, 249, 0, 0, -1372.235
3.75457571843762, 9, 40, 0, 0, -1372.235
3.7509628865991, 10, 48, 0, 0, -1372.235
3.74626746770376, 6, 746, 0, 0, -1372.235
3.73734826550498, 10, 71, 0, 0, -1372.235
3.72897061222496, 9, 31, 0, 0, -1372.235
3.72168776963121, 10, 33, 0, 0, -1372.235
3.71934188228486, 9, 63, 0, 0, -1372.235
3.70886355355767, 9, 46, 0, 0, -1372.235
3.70808902958482, 10, 34, 0, 0, -1372.235
3.70752600478959, 10, 24, 0, 0, -1372.235
3.69394397788707, 8, 207, 0, 0, -1372.235
3.68425306458852, 10, 55, 0, 0, -1372.235
3.68333061931975, 9, 102, 0, 0, -1372.235
3.68198760955431, 9, 89, 0, 0, -1372.235
3.68198760955431, 9, 89, 0, 0, -1372.235
3.67519196020306, 9, 47, 0, 0, -1372.235
3.66906975937449, 8, 143, 0, 0, -1372.235
3.65192343160337, 10, 37, 0, 0, -1372.235
3.61583376275233, 9, 30, 0, 0, -1372.235
3.6056961271562, 10, 27, 0, 0, -1372.235
3.59704127259584, 10, 46, 0, 0, -1372.235
3.59527653592359, 7, 324, 0, 0, -1372.235
3.58832388108685, 7, 355, 0, 0, -1372.235
3.58104914778154, 9, 67, 0, 0, -1372.235
3.57714919817584, 6, 301, 0, 0, -1372.235
3.57524710016274, 10, 48, 0, 0, -1372.235
3.57393600383269, 10, 35, 0, 0, -1372.235
3.56747805064887, 7, 196, 0, 0, -1372.235
3.56736842866357, 10, 30, 0, 0, -1372.235
3.5640468950146, 10, 17, 0, 0, -1372.235
3.55691024164716, 10, 38, 0, 0, -1372.235
3.5469576880531, 10, 64, 0, 0, -1372.235
3.53689270419975, 10, 50, 0, 0, -1372.235
3.53008515417516, 9, 47, 0, 0, -1372.235
3.52261838936132, 7, 174, 0, 0, -1372.235
3.52161421759178, 10, 16, 0, 0, -1372.235
3.51564598166427, 8, 205, 0, 0, -1372.235
3.5120607371146, 7, 357, 0, 0, -1372.235
3.50547160973723, 10, 50, 0, 0, -1372.235
3.50197682571815, 10, 26, 0, 0, -1372.235
3.50184224574708, 8, 129, 0, 0, -1372.235
3.49866409558626, 10, 16, 0, 0, -1372.235
3.49284276463333, 10, 52, 0, 0, -1372.235
3.46638797030855, 10, 41, 0, 0, -1372.235
3.46198647726779, 10, 39, 0, 0, -1372.235
3.45484806133234, 10, 49, 0, 0, -1372.235
3.45397348093989, 9, 68, 0, 0, -1372.235
3.44597477705646, 6, 533, 0, 0, -1372.235
3.44085109258093, 9, 49, 0, 0, -1372.235
3.44002337685463, 10, 12, 0, 0, -1372.235
3.43336331661595, 9, 51, 0, 0, -1372.235
3.42688465904834, 10, 75, 0, 0, -1372.235
3.4244844042453, 8, 123, 0, 0, -1372.235
3.42268380905992, 10, 48, 0, 0, -1372.235
3.41692197464758, 9, 95, 0, 0, -1372.235
3.39279517288642, 10, 66, 0, 0, -1372.235
3.39228269998758, 8, 135, 0, 0, -1372.235
3.39183098572259, 8, 161, 0, 0, -1372.235
3.37928025435558, 9, 52, 0, 0, -1372.235
3.35952534683093, 10, 16, 0, 0, -1372.235
3.34972044505, 7, 180, 0, 0, -1372.235
3.34457690737131, 10, 34, 0, 0, -1372.235
3.34389486912737, 10, 39, 0, 0, -1372.235
3.34161617666074, 8, 204, 0, 0, -1372.235
3.33947614715258, 6, 217, 0, 0, -1372.235
3.33634760683741, 8, 175, 0, 0, -1372.235
3.33332483270398, 9, 18, 0, 0, -1372.235
3.32298509736116, 10, 51, 0, 0, -1372.235
3.32137699370132, 10, 22, 0, 0, -1372.235
3.31818826375629, 10, 42, 0, 0, -1372.235
3.30586691958868, 10, 23, 0, 0, -1372.235
3.30490219189435, 8, 177, 0, 0, -1372.235
3.30066768003401, 10, 51, 0, 0, -1372.235
3.29605874999999, 9, 64, 0, 0, -1372.235
3.2858572440708, 10, 42, 0, 0, -1372.235
3.28364471678739, 8, 139, 0, 0, -1372.235
3.27323486215147, 10, 48, 0, 0, -1372.235
3.27139191825559, 10, 27, 0, 0, -1372.235
3.27099534130114, 10, 21, 0, 0, -1372.235
3.2701665634174, 6, 333, 0, 0, -1372.235
3.26576906098894, 10, 55, 0, 0, -1372.235
3.25957702521664, 10, 55, 0, 0, -1372.235
3.25575873068578, 10, 34, 0, 0, -1372.235
3.25567248608452, 9, 73, 0, 0, -1372.235
3.25406330992401, 10, 51, 0, 0, -1372.235
3.24854965986673, 10, 19, 0, 0, -1372.235
3.2457503629648, 8, 88, 0, 0, -1372.235
3.24158253351845, 10, 12, 0, 0, -1372.235
3.22619756749825, 10, 24, 0, 0, -1372.235
3.22595763417242, 9, 56, 0, 0, -1372.235
3.21983591747163, 9, 29, 0, 0, -1372.235
3.20853231796952, 8, 133, 0, 0, -1372.235
3.20199302212895, 9, 105, 0, 0, -1372.235
3.19858529944174, 10, 34, 0, 0, -1372.235
3.19506430155375, 7, 327, 0, 0, -1372.235
3.1948043379241, 10, 23, 0, 0, -1372.235
3.19299732993014, 6, 229, 0, 0, -1372.235
3.19238069977204, 10, 18, 0, 0, -1372.235
3.19201459068698, 10, 44, 0, 0, -1372.235
3.1913833488507, 9, 57, 0, 0, -1372.235
3.18129469467883, 4, 2828, 0, 0, -1372.235
3.17994394388288, 9, 35, 0, 0, -1372.235
3.17709946693888, 9, 93, 0, 0, -1372.235
3.17659537370744, 8, 170, 0, 0, -1372.235
3.17202123015365, 10, 38, 0, 0, -1372.235
3.17143799762623, 9, 70, 0, 0, -1372.235
3.16999564213326, 10, 57, 0, 0, -1372.235
3.16841509596305, 10, 54, 0, 0, -1372.235
3.16731513049149, 10, 14, 0, 0, -1372.235
3.15857876050739, 8, 213, 0, 0, -1372.235
3.15853128091656, 10, 48, 0, 0, -1372.235
3.15442078969399, 8, 212, 0, 0, -1372.235
3.15417279281354, 10, 55, 0, 0, -1372.235
3.14981126786223, 10, 41, 0, 0, -1372.235
3.14532776598368, 10, 21, 0, 0, -1372.235
3.14395273208585, 10, 60, 0, 0, -1372.235
3.14286513163327, 10, 57, 0, 0, -1372.235
3.13653828755953, 9, 53, 0, 0, -1372.235
3.13405284705093, 9, 63, 0, 0, -1372.235
3.13224459939571, 8, 114, 0, 0, -1372.235
3.12769935690949, 9, 108, 0, 0, -1372.235
3.12735091630212, 9, 96, 0, 0, -1372.235
3.11935563472291, 8, 156, 0, 0, -1372.235
3.11845988184407, 10, 58, 0, 0, -1372.235
3.11731158790144, 10, 51, 0, 0, -1372.235
3.1142846112715, 9, 53, 0, 0, -1372.235
3.11200595501851, 10, 45, 0, 0, -1372.235
3.1118288160362, 7, 312, 0, 0, -1372.235
3.10830298528175, 10, 30, 0, 0, -1372.235
3.10599754128564, 9, 96, 0, 0, -1372.235
3.0996658887396, 8, 93, 0, 0, -1372.235
3.09564252113043, 10, 19, 0, 0, -1372.235
3.08632842335795, 9, 98, 0, 0, -1372.235
3.08407982682277, 8, 135, 0, 0, -1372.235
3.08194654020624, 10, 46, 0, 0, -1372.235
3.06452799292775, 10, 36, 0, 0, -1372.235
3.06434927056543, 4, 2958, 0, 0, -1372.235
3.06378419260202, 8, 136, 0, 0, -1372.235
3.06267689842674, 10, 24, 0, 0, -1372.235
3.06267689842673, 10, 24, 0, 0, -1372.235
3.05727919798914, 9, 81, 0, 0, -1372.235
3.05270054705992, 7, 431, 0, 0, -1372.235
3.0502917678971, 7, 336, 0, 0, -1372.235
3.04803195914399, 10, 10, 0, 0, -1372.235
3.04521350770478, 7, 237, 0, 0, -1372.235
3.04193859305729, 10, 45, 0, 0, -1372.235
3.03929197322421, 10, 40, 0, 0, -1372.235
3.03338622361829, 10, 46, 0, 0, -1372.235
3.03331043406576, 9, 17, 0, 0, -1372.235
3.03281093905956, 10, 25, 0, 0, -1372.235
3.0286374130666, 9, 44, 0, 0, -1372.235
3.0279333390565, 10, 33, 0, 0, -1372.235
3.0244947537527, 10, 34, 0, 0, -1372.235
3.01948940658337, 10, 23, 0, 0, -1372.235
3.01080055063539, 9, 34, 0, 0, -1372.235
3.00648192779935, 10, 61, 0, 0, -1372.235
3.00288418445933, 8, 158, 0, 0, -1372.235
2.99687149705936, 8, 221, 0, 0, -1372.235
2.99495950243482, 7, 81, 0, 0, -1372.235
2.99318740209569, 10, 27, 0, 0, -1372.235
2.99238744615709, 10, 42, 0, 0, -1372.235
2.98839733222734, 9, 54, 0, 0, -1372.235
2.98466536165797, 10, 41, 0, 0, -1372.235
2.98292357690981, 10, 85, 0, 0, -1372.235
2.97669804821102, 8, 54, 0, 0, -1372.235
2.96878109236363, 10, 14, 0, 0, -1372.235
2.96484228948707, 10, 50, 0, 0, -1372.235
2.96329425392291, 9, 39, 0, 0, -1372.235
2.95767279815013, 10, 34, 0, 0, -1372.235
2.95767279815012, 10, 34, 0, 0, -1372.235
2.95344462187812, 9, 127, 0, 0, -1372.235
2.95230958218161, 10, 35, 0, 0, -1372.235
2.95188036514841, 10, 78, 0, 0, -1372.235
2.95148019366197, 9, 64, 0, 0, -1372.235
2.94612054084627, 8, 234, 0, 0, -1372.235
2.94502124738973, 10, 20, 0, 0, -1372.235
2.93969238114639, 8, 99, 0, 0, -1372.235
2.93892736095759, 7, 135, 0, 0, -1372.235
2.92906795742793, 9, 103, 0, 0, -1372.235
2.92555450530392, 9, 104, 0, 0, -1372.235
2.92456664136251, 8, 125, 0, 0, -1372.235
2.92277934953126, 5, 766, 0, 0, -1372.235
2.91855079189425, 9, 62, 0, 0, -1372.235
2.91198466878647, 8, 257, 0, 0, -1372.235
2.90812760518073, 9, 56, 0, 0, -1372.235
2.89960037195757, 10, 55, 0, 0, -1372.235
2.89654364008962, 10, 22, 0, 0, -1372.235
2.8956592627576, 6, 464, 0, 0, -1372.235
2.89522706694643, 9, 42, 0, 0, -1372.235
2.89221476727906, 9, 18, 0, 0, -1372.235
2.88908802302844, 10, 43, 0, 0, -1372.235
2.88474357356867, 10, 25, 0, 0, -1372.235
2.87398938106109, 8, 155, 0, 0, -1372.235
2.87159941990904, 9, 60, 0, 0, -1372.235
2.86930152235155, 10, 23, 0, 0, -1372.235
2.86735863575439, 9, 79, 0, 0, -1372.235
2.86180180417576, 10, 46, 0, 0, -1372.235
2.8584490452628, 9, 71, 0, 0, -1372.235
2.85806207321229, 9, 66, 0, 0, -1372.235
2.85080880991944, 10, 14, 0, 0, -1372.235
2.84985365303752, 10, 26, 0, 0, -1372.235
2.84381375504028, 10, 54, 0, 0, -1372.235
2.84279059303473, 8, 199, 0, 0, -1372.235
2.83459068469562, 10, 25, 0, 0, -1372.235
2.83231598269524, 9, 61, 0, 0, -1372.235
2.83154216343342, 8, 202, 0, 0, -1372.235
2.82800549732221, 8, 146, 0, 0, -1372.235
2.82712998307133, 8, 168, 0, 0, -1372.235
2.8230497177085, 9, 72, 0, 0, -1372.235
2.81913841533289, 7, 380, 0, 0, -1372.235
2.81451911623171, 10, 50, 0, 0, -1372.235
2.81294133291769, 6, 680, 0, 0, -1372.235
2.81099080229164, 10, 28, 0, 0, -1372.235
2.80481828021247, 7, 270, 0, 0, -1372.235
2.80447656590181, 9, 75, 0, 0, -1372.235
2.80431367900255, 9, 96, 0, 0, -1372.235
2.80310448233104, 10, 11, 0, 0, -1372.235
2.80027448726093, 10, 27, 0, 0, -1372.235
2.79125410875362, 7, 439, 0, 0, -1372.235
2.78924173434363, 10, 21, 0, 0, -1372.235
2.78754898182422, 10, 30, 0, 0, -1372.235
2.78458189463191, 9, 86, 0, 0, -1372.235
2.78436909748074, 9, 59, 0, 0, -1372.235
2.78194294771985, 10, 48, 0, 0, -1372.235
2.78088735378796, 9, 95, 0, 0, -1372.235
2.77011435492936, 10, 38, 0, 0, -1372.235
2.76780339269635, 7, 263, 0, 0, -1372.235
2.75425517393518, 10, 17, 0, 0, -1372.235
2.74527445970434, 9, 66, 0, 0, -1372.235
2.74155809460144, 9, 111, 0, 0, -1372.235
2.74097228806226, 7, 382, 0, 0, -1372.235
2.7407709951122, 7, 229, 0, 0, -1372.235
2.72582282403413, 9, 101, 0, 0, -1372.235
2.72436653640331, 9, 35, 0, 0, -1372.235
2.72331190447221, 6, 379, 0, 0, -1372.235
2.72217200289824, 7, 148, 0, 0, -1372.235
2.71908441000508, 5, 446, 0, 0, -1372.235
2.71589981894992, 10, 33, 0, 0, -1372.235
2.71203858061773, 10, 42, 0, 0, -1372.235
2.7117674033207, 10, 28, 0, 0, -1372.235
2.70098921481869, 9, 87, 0, 0, -1372.235
2.68671067656407, 10, 32, 0, 0, -1372.235
2.68214730452742, 10, 42, 0, 0, -1372.235
2.68062960290032, 9, 93, 0, 0, -1372.235
2.67855581329653, 9, 61, 0, 0, -1372.235
2.67851612737249, 10, 66, 0, 0, -1372.235
2.67669802331077, 10, 25, 0, 0, -1372.235
2.65771202356972, 10, 24, 0, 0, -1372.235
2.64986324355665, 10, 47, 0, 0, -1372.235
2.64786916939945, 10, 45, 0, 0, -1372.235
2.64708443492789, 7, 72, 0, 0, -1372.235
2.64122119982997, 8, 264, 0, 0, -1372.235
2.64115366007728, 10, 38, 0, 0, -1372.235
2.63829212908756, 9, 99, 0, 0, -1372.235
2.6346176144713, 8, 163, 0, 0, -1372.235
2.63250026972226, 6, 786, 0, 0, -1372.235
2.62744411800325, 6, 433, 0, 0, -1372.235
2.62585196634066, 6, 600, 0, 0, -1372.235
2.62290354489169, 9, 85, 0, 0, -1372.235
2.62069296323557, 8, 181, 0, 0, -1372.235
2.62023894731052, 8, 122, 0, 0, -1372.235
2.61941190029965, 8, 168, 0, 0, -1372.235
2.61941190029965, 8, 168, 0, 0, -1372.235
2.61842801540895, 8, 201, 0, 0, -1372.235
2.61817024860299, 10, 34, 0, 0, -1372.235
2.60837137141833, 8, 142, 0, 0, -1372.235
2.60654713394991, 10, 31, 0, 0, -1372.235
2.60647054642713, 9, 97, 0, 0, -1372.235
2.60384804539313, 10, 25, 0, 0, -1372.235
2.60363479427577, 6, 400, 0, 0, -1372.235
2.59726432526869, 9, 70, 0, 0, -1372.235
2.59599909931681, 10, 59, 0, 0, -1372.235
2.59172384433576, 10, 23, 0, 0, -1372.235
2.5843793290366, 9, 84, 0, 0, -1372.235
2.58180867912972, 10, 76, 0, 0, -1372.235
2.57818117360797, 9, 136, 0, 0, -1372.235
2.57669419896486, 9, 86, 0, 0, -1372.235
2.57491130676262, 7, 99, 0, 0, -1372.235
2.57471167957548, 10, 33, 0, 0, -1372.235
2.57267815783469, 10, 49, 0, 0, -1372.235
2.55760998517806, 10, 26, 0, 0, -1372.235
2.55611807702995, 9, 70, 0, 0, -1372.235
2.55568276425104, 10, 35, 0, 0, -1372.235
2.55101013628375, 10, 27, 0, 0, -1372.235
2.54817469182712, 9, 88, 0, 0, -1372.235
2.54801962973662, 10, 24, 0, 0, -1372.235
2.54728694012426, 8, 109, 0, 0, -1372.235
2.54658294404985, 8, 199, 0, 0, -1372.235
2.54175562999546, 8, 137, 0, 0, -1372.235
2.54140309643345, 9, 66, 0, 0, -1372.235
2.53822948091041, 4, 2950, 0, 0, -1372.235
2.52821028417885, 9, 66, 0, 0, -1372.235
2.52121305440795, 10, 13, 0, 0, -1372.235
2.51748384705382, 10, 51, 0, 0, -1372.235
2.51594384277875, 10, 37, 0, 0, -1372.235
2.51496996053026, 10, 32, 0, 0, -1372.235
2.5147159637374, 9, 55, 0, 0, -1372.235
2.51444243232075, 8, 283, 0, 0, -1372.235
2.50835470475145, 9, 66, 0, 0, -1372.235
2.50640861755164, 4, 2995, 0, 0, -1372.235
2.50616315098554, 10, 51, 0, 0, -1372.235
2.50612242069212, 10, 84, 0, 0, -1372.235
2.50513238582075, 9, 39, 0, 0, -1372.235
2.50356409023774, 9, 110, 0, 0, -1372.235
2.50290490411974, 9, 78, 0, 0, -1372.235
2.50242851675757, 10, 27, 0, 0, -1372.235
2.50242851675757, 10, 27, 0, 0, -1372.235
2.49797240368756, 6, 554, 0, 0, -1372.235
2.49146882429142, 7, 172, 0, 0, -1372.235
2.49117248346474, 10, 72, 0, 0, -1372.235
2.4892327530555, 9, 79, 0, 0, -1372.235
2.48152557626276, 6, 718, 0, 0, -1372.235
2.46934257066312, 8, 131, 0, 0, -1372.235
2.46891848886485, 10, 54, 0, 0, -1372.235
2.46890111892115, 10, 32, 0, 0, -1372.235
2.46508967132656, 10, 20, 0, 0, -1372.235
2.45130840066181, 9, 70, 0, 0, -1372.235
2.45036046379499, 10, 36, 0, 0, -1372.235
2.44917946209077, 8, 120, 0, 0, -1372.235
2.44869939675355, 10, 51, 0, 0, -1372.235
2.44674022521732, 10, 26, 0, 0, -1372.235
2.44634235660283, 9, 115, 0, 0, -1372.235
2.44276594998113, 9, 67, 0, 0, -1372.235
2.43906926922855, 9, 43, 0, 0, -1372.235
2.43682963015076, 10, 51, 0, 0, -1372.235
2.43315829278915, 9, 57, 0, 0, -1372.235
2.4298096769141, 10, 42, 0, 0, -1372.235
2.42857142120499, 10, 43, 0, 0, -1372.235
2.42726794418357, 6, 497, 0, 0, -1372.235
2.42526704231722, 9, 99, 0, 0, -1372.235
2.42278485696345, 9, 105, 0, 0, -1372.235
2.42199067334352, 9, 51, 0, 0, -1372.235
2.4159982737289, 9, 84, 0, 0, -1372.235
2.41530298662017, 10, 31, 0, 0, -1372.235
2.4145308511808, 10, 20, 0, 0, -1372.235
2.41312434803352, 9, 87, 0, 0, -1372.235
2.41015464652254, 6, 665, 0, 0, -1372.235
2.40782240278182, 10, 18, 0, 0, -1372.235
2.40602257934713, 9, 80, 0, 0, -1372.235
2.40097651112715, 10, 49, 0, 0, -1372.235
2.40087558734217, 9, 43, 0, 0, -1372.235
2.39465543580299, 9, 26, 0, 0, -1372.235
2.3921742734521, 10, 20, 0, 0, -1372.235
2.39138230041691, 9, 75, 0, 0, -1372.235
2.38821094973021, 9, 20, 0, 0, -1372.235
2.38328586549593, 9, 108, 0, 0, -1372.235
2.37290080030982, 7, 330, 0, 0, -1372.235
2.36649627765555, 8, 160, 0, 0, -1372.235
2.36294442681987, 9, 113, 0, 0, -1372.235
2.35509067443893, 9, 75, 0, 0, -1372.235
2.35223864814661, 10, 32, 0, 0, -1372.235
2.35031762493515, 8, 35, 0, 0, -1372.235
2.3491910064545, 9, 105, 0, 0, -1372.235
2.347271938441, 10, 22, 0, 0, -1372.235
2.34423103440961, 9, 93, 0, 0, -1372.235
2.34407911121916, 10, 17, 0, 0, -1372.235
2.33865033814755, 10, 39, 0, 0, -1372.235
2.33609931877696, 8, 188, 0, 0, -1372.235
2.33201924531268, 8, 30, 0, 0, -1372.235
2.3313458303997, 9, 60, 0, 0, -1372.235
2.32872649072614, 10, 56, 0, 0, -1372.235
2.32451932349625, 10, 47, 0, 0, -1372.235
2.32347951021237, 10, 54, 0, 0, -1372.235
2.32107348102656, 9, 107, 0, 0, -1372.235
2.31540623862349, 8, 73, 0, 0, -1372.235
2.31423557868569, 10, 33, 0, 0, -1372.235
2.31362003582226, 10, 40, 0, 0, -1372.235
2.31067491744252, 10, 58, 0, 0, -1372.235
2.30957926076051, 9, 83, 0, 0, -1372.235
2.30957926076049, 9, 83, 0, 0, -1372.235
2.30689835115016, 10, 51, 0, 0, -1372.235
2.3067751135814, 8, 86, 0, 0, -1372.235
2.30628445393853, 10, 32, 0, 0, -1372.235
2.30365914166447, 10, 57, 0, 0, -1372.235
2.30274661875723, 10, 14, 0, 0, -1372.235
2.29980851361207, 9, 101, 0, 0, -1372.235
2.29960226156208, 8, 192, 0, 0, -1372.235
2.29954886691267, 10, 40, 0, 0, -1372.235
2.29745989480459, 5, 463, 0, 0, -1372.235
2.2899156782266, 5, 1177, 0, 0, -1372.235
2.28891116997268, 10, 33, 0, 0, -1372.235
2.28806882548605, 10, 15, 0, 0, -1372.235
2.28063678916243, 8, 189, 0, 0, -1372.235
2.28007778830927, 10, 48, 0, 0, -1372.235
2.27513874517506, 9, 39, 0, 0, -1372.235
2.27269695223098, 9, 52, 0, 0, -1372.235
2.2640136710289, 10, 35, 0, 0, -1372.235
2.26172381333265, 8, 22, 0, 0, -1372.235
2.25943829288869, 9, 54, 0, 0, -1372.235
2.25763229682749, 9, 122, 0, 0, -1372.235
2.24990946864758, 8, 170, 0, 0, -1372.235
2.24941280682357, 9, 63, 0, 0, -1372.235
2.24606876915325, 10, 21, 0, 0, -1372.235
2.24547121880032, 10, 25, 0, 0, -1372.235
2.23989795670717, 10, 70, 0, 0, -1372.235
2.23976020379464, 6, 277, 0, 0, -1372.235
2.23759877869781, 10, 29, 0, 0, -1372.235
2.2350433193385, 10, 18, 0, 0, -1372.235
2.23452757013952, 10, 30, 0, 0, -1372.235
2.23093857472483, 10, 20, 0, 0, -1372.235
2.22849208112307, 9, 52, 0, 0, -1372.235
2.22238402749684, 10, 55, 0, 0, -1372.235
2.22173730727303, 10, 22, 0, 0, -1372.235
2.22165459652212, 10, 44, 0, 0, -1372.235
2.22105036615215, 9, 91, 0, 0, -1372.235
2.22105036615214, 9, 91, 0, 0, -1372.235
2.22033080450085, 9, 49, 0, 0, -1372.235
2.21963730914853, 10, 70, 0, 0, -1372.235
2.21702997534434, 10, 47, 0, 0, -1372.235
2.21568578324439, 7, 198, 0, 0, -1372.235
2.21489496399473, 5, 1225, 0, 0, -1372.235
2.21384352747788, 10, 51, 0, 0, -1372.235
2.21304277912622, 10, 64, 0, 0, -1372.235
2.21173281028908, 10, 15, 0, 0, -1372.235
2.20796168401934, 5, 514, 0, 0, -1372.235
2.20265400163143, 10, 32, 0, 0, -1372.235
2.20168615550553, 7, 241, 0, 0, -1372.235
2.20010696794332, 10, 44, 0, 0, -1372.235
2.19815530016006, 10, 40, 0, 0, -1372.235
2.19605978187828, 8, 154, 0, 0, -1372.235
2.19360125779805, 9, 77, 0, 0, -1372.235
2.19127743744912, 8, 128, 0, 0, -1372.235
2.19057942443366, 9, 48, 0, 0, -1372.235
2.18875184084098, 10, 33, 0, 0, -1372.235
2.18550705887648, 9, 70, 0, 0, -1372.235
2.18547491202953, 10, 35, 0, 0, -1372.235
2.18387514016624, 7, 517, 0, 0, -1372.235
2.17025293097639, 9, 48, 0, 0, -1372.235
2.16304634600023, 10, 62, 0, 0, -1372.235
2.15928813683693, 10, 45, 0, 0, -1372.235
2.1578919088699, 10, 21, 0, 0, -1372.235
2.1505977526608, 10, 51, 0, 0, -1372.235
2.1469684267212, 10, 16, 0, 0, -1372.235
2.14197347658236, 8, 94, 0, 0, -1372.235
2.14192490105648, 10, 32, 0, 0, -1372.235
2.1413601349526, 10, 49, 0, 0, -1372.235
2.13800043377095, 9, 65, 0, 0, -1372.235
2.13700711231162, 10, 35, 0, 0, -1372.235
2.13110285143263, 10, 36, 0, 0, -1372.235
2.13013934630033, 10, 42, 0, 0, -1372.235
2.12805739359791, 10, 35, 0, 0, -1372.235
2.12576944636067, 10, 34, 0, 0, -1372.235
2.11932132512279, 10, 63, 0, 0, -1372.235
2.11591416789197, 9, 85, 0, 0, -1372.235
2.11475070712284, 10, 14, 0, 0, -1372.235
2.10991308808546, 10, 52, 0, 0, -1372.235
2.10070751480183, 6, 566, 0, 0, -1372.235
2.0978687043178, 9, 97, 0, 0, -1372.235
2.09522683024567, 10, 40, 0, 0, -1372.235
2.09505961319957, 10, 42, 0, 0, -1372.235
2.09488234509344, 10, 16, 0, 0, -1372.235
2.09180700084515, 10, 36, 0, 0, -1372.235
2.08731632695071, 9, 121, 0, 0, -1372.235
2.08719659078941, 9, 91, 0, 0, -1372.235
2.08299578313968, 10, 37, 0, 0, -1372.235
2.07709819413892, 9, 50, 0, 0, -1372.235
2.07635478949947, 10, 26, 0, 0, -1372.235
2.07123465288674, 10, 42, 0, 0, -1372.235
2.07119562769886, 9, 49, 0, 0, -1372.235
2.06822627740512, 9, 90, 0, 0, -1372.235
2.06727979350253, 10, 19, 0, 0, -1372.235
2.06626525114411, 10, 48, 0, 0, -1372.235
2.06100774485875, 8, 104, 0, 0, -1372.235
2.06063725407306, 9, 83, 0, 0, -1372.235
2.0522137593848, 9, 76, 0, 0, -1372.235
2.04753982371742, 9, 105, 0, 0, -1372.235
2.04495186719149, 8, 149, 0, 0, -1372.235
2.04415847014489, 10, 35, 0, 0, -1372.235
2.04207654034333, 10, 41, 0, 0, -1372.235
2.04071738926609, 10, 38, 0, 0, -1372.235
2.04056337213381, 10, 28, 0, 0, -1372.235
2.03476886482252, 10, 48, 0, 0, -1372.235
2.03020759617924, 9, 22, 0, 0, -1372.235
2.02829899053259, 9, 69, 0, 0, -1372.235
2.02820555235718, 10, 76, 0, 0, -1372.235
2.026888417205, 10, 36, 0, 0, -1372.235
2.02656548913044, 10, 64, 0, 0, -1372.235
2.02617272856054, 10, 41, 0, 0, -1372.235
2.02402692241316, 10, 47, 0, 0, -1372.235
2.0235300558038, 9, 61, 0, 0, -1372.235
2.02269643115372, 5, 571, 0, 0, -1372.235
2.02185873427559, 5, 1246, 0, 0, -1372.235
2.01122939170982, 10, 62, 0, 0, -1372.235
2.0108148436093, 9, 89, 0, 0, -1372.235
2.00938050239292, 10, 10, 0, 0, -1372.235
2.00672555524891, 9, 89, 0, 0, -1372.235
2.0062236998848, 10, 67, 0, 0, -1372.235
2.00566377426447, 10, 23, 0, 0, -1372.235
2.00423588472857, 8, 128, 0, 0, -1372.235
1.99966820302107, 9, 88, 0, 0, -1372.235
1.99669518562678, 10, 23, 0, 0, -1372.235
1.99513451894321, 9, 40, 0, 0, -1372.235
1.99462043850384, 9, 94, 0, 0, -1372.235
1.9917766985129, 8, 182, 0, 0, -1372.235
1.99073641490613, 9, 51, 0, 0, -1372.235
1.98883493894926, 10, 58, 0, 0, -1372.235
1.98427167205445, 6, 939, 0, 0, -1372.235
1.98203168184377, 10, 39, 0, 0, -1372.235
1.97894955326434, 10, 9, 0, 0, -1372.235
1.97391869870602, 9, 91, 0, 0, -1372.235
1.97371883152468, 8, 184, 0, 0, -1372.235
1.97116693347772, 9, 73, 0, 0, -1372.235
1.97116693347772, 9, 73, 0, 0, -1372.235
1.96985411508152, 9, 63, 0, 0, -1372.235
1.96904016039857, 10, 31, 0, 0, -1372.235
1.96883718853389, 10, 37, 0, 0, -1372.235
1.96859432344483, 9, 93, 0, 0, -1372.235
1.95981367491573, 10, 34, 0, 0, -1372.235
1.95978321818429, 9, 48, 0, 0, -1372.235
1.95952631338777, 8, 122, 0, 0, -1372.235
1.9581976390337, 10, 28, 0, 0, -1372.235
1.95764579774008, 10, 69, 0, 0, -1372.235
1.95748913013747, 10, 39, 0, 0, -1372.235
1.95657794482706, 9, 104, 0, 0, -1372.235
1.95494450319879, 10, 49, 0, 0, -1372.235
1.95365541127481, 10, 25, 0, 0, -1372.235
1.95319103017834, 10, 23, 0, 0, -1372.235
1.95085375737329, 10, 58, 0, 0, -1372.235
1.94096845637511, 7, 203, 0, 0, -1372.235
1.93601995531928, 10, 31, 0, 0, -1372.235
1.93436917232213, 8, 162, 0, 0, -1372.235
1.93231857956657, 9, 12, 0, 0, -1372.235
1.92712077246168, 10, 24, 0, 0, -1372.235
1.92707370410112, 9, 87, 0, 0, -1372.235
1.9265828156506, 10, 23, 0, 0, -1372.235
1.92519919971877, 3, 4585, 0, 0, -1372.235
1.92417499674338, 5, 1265, 0, 0, -1372.235
1.92386662702135, 9, 76, 0, 0, -1372.235
1.91992360440607, 10, 28, 0, 0, -1372.235
1.91955847190887, 10, 36, 0, 0, -1372.235
1.91744731059072, 10, 31, 0, 0, -1372.235
1.91647536537398, 10, 24, 0, 0, -1372.235
1.91553034625483, 9, 82, 0, 0, -1372.235
1.90985039973065, 8, 154, 0, 0, -1372.235
1.90747897646435, 8, 181, 0, 0, -1372.235
1.90609264425546, 10, 37, 0, 0, -1372.235
1.90581785729125, 10, 48, 0, 0, -1372.235
1.90537155410568, 9, 24, 0, 0, -1372.235
1.90537155410568, 9, 24, 0, 0, -1372.235
1.90347274068381, 10, 52, 0, 0, -1372.235
1.90127145964265, 10, 50, 0, 0, -1372.235
1.89445160851964, 8, 176, 0, 0, -1372.235
1.89365161093106, 9, 73, 0, 0, -1372.235
1.88536791366576, 10, 23, 0, 0, -1372.235
1.8788830975634, 8, 161, 0, 0, -1372.235
1.87830287787589, 10, 35, 0, 0, -1372.235
1.87809470851493, 10, 51, 0, 0, -1372.235
1.87388658509369, 10, 43, 0, 0, -1372.235
1.87355505849526, 10, 13, 0, 0, -1372.235
1.87321745792539, 9, 48, 0, 0, -1372.235
1.87162311950612, 8, 46, 0, 0, -1372.235
1.87148405193403, 10, 21, 0, 0, -1372.235
1.86354561885608, 9, 130, 0, 0, -1372.235
1.86050557551654, 10, 19, 0, 0, -1372.235
1.85957839180023, 9, 115, 0, 0, -1372.235
1.85820848973889, 8, 170, 0, 0, -1372.235
1.85751359449758, 10, 24, 0, 0, -1372.235
1.85442498692567, 8, 200, 0, 0, -1372.235
1.84878823927467, 10, 30, 0, 0, -1372.235
1.83812240078257, 10, 36, 0, 0, -1372.235
1.83609328624717, 8, 251, 0, 0, -1372.235
1.83534178862546, 8, 191, 0, 0, -1372.235
1.83480122973297, 9, 78, 0, 0, -1372.235
1.83383754754446, 10, 33, 0, 0, -1372.235
1.83333124338972, 10, 57, 0, 0, -1372.235
1.83115231989159, 9, 76, 0, 0, -1372.235
1.82932007972941, 8, 120, 0, 0, -1372.235
1.81724302291897, 9, 79, 0, 0, -1372.235
1.81235682316078, 7, 148, 0, 0, -1372.235
1.80867021537796, 10, 29, 0, 0, -1372.235
1.80694243211081, 7, 265, 0, 0, -1372.235
1.80071600785055, 8, 315, 0, 0, -1372.235
1.80033560322218, 10, 20, 0, 0, -1372.235
1.79538680239042, 10, 25, 0, 0, -1372.235
1.78867019091372, 5, 1134, 0, 0, -1372.235
1.78535010847644, 10, 67, 0, 0, -1372.235
1.7830188122686, 10, 28, 0, 0, -1372.235
1.78077447889487, 10, 21, 0, 0, -1372.235
1.77820141075297, 8, 172, 0, 0, -1372.235
1.77761834159398, 10, 19, 0, 0, -1372.235
1.77521994732029, 10, 53, 0, 0, -1372.235
1.76728843439969, 10, 28, 0, 0, -1372.235
1.76257528212419, 8, 199, 0, 0, -1372.235
1.76180876841222, 8, 42, 0, 0, -1372.235
1.7605146333061, 9, 69, 0, 0, -1372.235
1.75622524599805, 10, 40, 0, 0, -1372.235
1.75546543990951, 5, 754, 0, 0, -1372.235
1.75499790815984, 9, 41, 0, 0, -1372.235
1.7546636136568, 10, 44, 0, 0, -1372.235
1.7526636592981, 10, 50, 0, 0, -1372.235
1.74790184276267, 8, 222, 0, 0, -1372.235
1.72910877136286, 9, 58, 0, 0, -1372.235
1.72800413898533, 10, 25, 0, 0, -1372.235
1.72769681242297, 10, 60, 0, 0, -1372.235
1.727293896104, 10, 46, 0, 0, -1372.235
1.72586797048918, 10, 53, 0, 0, -1372.235
1.72491799548921, 9, 84, 0, 0, -1372.235
1.7216524829095, 10, 22, 0, 0, -1372.235
1.72134824793741, 9, 89, 0, 0, -1372.235
1.71920431687753, 10, 26, 0, 0, -1372.235
1.71830428623121, 2, 10371, 0, 0, -1372.235
1.7118581553562, 8, 69, 0, 0, -1372.235
1.70979598793608, 10, 49, 0, 0, -1372.235
1.70876494452406, 10, 40, 0, 0, -1372.235
1.70745646020728, 8, 192, 0, 0, -1372.235
1.70455150260553, 9, 84, 0, 0, -1372.235
1.6982958663272, 9, 57, 0, 0, -1372.235
1.69824245823055, 10, 35, 0, 0, -1372.235
1.69535959843095, 10, 25, 0, 0, -1372.235
1.69519899650462, 6, 697, 0, 0, -1372.235
1.68585885177939, 7, 332, 0, 0, -1372.235
1.68272274079796, 10, 36, 0, 0, -1372.235
1.682319377255, 7, 478, 0, 0, -1372.235
1.68035969605615, 9, 61, 0, 0, -1372.235
1.6791535200092, 6, 705, 0, 0, -1372.235
1.67634333976768, 10, 30, 0, 0, -1372.235
1.67465034563117, 9, 97, 0, 0, -1372.235
1.67440112873668, 10, 24, 0, 0, -1372.235
1.67413177171844, 10, 47, 0, 0, -1372.235
1.67380486452851, 10, 32, 0, 0, -1372.235
1.67380009045505, 10, 24, 0, 0, -1372.235
1.67170673479818, 10, 69, 0, 0, -1372.235
1.67145295309732, 9, 86, 0, 0, -1372.235
1.67126559779108, 8, 197, 0, 0, -1372.235
1.67093400553384, 10, 21, 0, 0, -1372.235
1.67045779551683, 8, 110, 0, 0, -1372.235
1.66923055286243, 9, 67, 0, 0, -1372.235
1.66888194916549, 6, 698, 0, 0, -1372.235
1.66474899193548, 9, 64, 0, 0, -1372.235
1.66455161627825, 9, 149, 0, 0, -1372.235
1.66414241357437, 8, 160, 0, 0, -1372.235
1.66220026196275, 10, 73, 0, 0, -1372.235
1.66074614513527, 9, 104, 0, 0, -1372.235
1.65723646811548, 10, 53, 0, 0, -1372.235
1.65614601757286, 9, 96, 0, 0, -1372.235
1.65582484421897, 10, 47, 0, 0, -1372.235
1.65562509934198, 5, 686, 0, 0, -1372.235
1.65503847220466, 8, 132, 0, 0, -1372.235
1.65434951521345, 10, 51, 0, 0, -1372.235
1.65115923532185, 6, 707, 0, 0, -1372.235
1.6477982113038, 7, 352, 0, 0, -1372.235
1.64775939050885, 10, 40, 0, 0, -1372.235
1.64775939050885, 10, 40, 0, 0, -1372.235
1.64174938653201, 8, 181, 0, 0, -1372.235
1.63600710841296, 9, 91, 0, 0, -1372.235
1.63422529459581, 10, 40, 0, 0, -1372.235
1.63173076495906, 7, 250, 0, 0, -1372.235
1.62944686203346, 10, 24, 0, 0, -1372.235
1.62633536801662, 10, 22, 0, 0, -1372.235
1.62496420394854, 7, 301, 0, 0, -1372.235
1.6219278511299, 6, 772, 0, 0, -1372.235
1.61884279823819, 10, 55, 0, 0, -1372.235
1.61869580555732, 6, 409, 0, 0, -1372.235
1.61793235168122, 10, 26, 0, 0, -1372.235
1.61751868908304, 4, 2774, 0, 0, -1372.235
1.61511917198814, 10, 111, 0, 0, -1372.235
1.61425707926733, 9, 32, 0, 0, -1372.235
1.60963676787815, 9, 66, 0, 0, -1372.235
1.6073000129926, 10, 30, 0, 0, -1372.235
1.60692638094861, 10, 57, 0, 0, -1372.235
1.60031060145224, 10, 28, 0, 0, -1372.235
1.60025208069263, 9, 49, 0, 0, -1372.235
1.59801753847507, 9, 84, 0, 0, -1372.235
1.59387497275415, 10, 32, 0, 0, -1372.235
1.59292622950819, 9, 64, 0, 0, -1372.235
1.59004237981898, 10, 27, 0, 0, -1372.235
1.58856761128304, 10, 32, 0, 0, -1372.235
1.58590230885936, 3, 5786, 0, 0, -1372.235
1.58361677254815, 10, 62, 0, 0, -1372.235
1.58172252620562, 10, 20, 0, 0, -1372.235
1.57921623907893, 7, 178, 0, 0, -1372.235
1.57599993517288, 10, 33, 0, 0, -1372.235
1.57444710330723, 10, 49, 0, 0, -1372.235
1.56870433706183, 3, 4457, 0, 0, -1372.235
1.56579594892376, 10, 26, 0, 0, -1372.235
1.5620457420893, 9, 100, 0, 0, -1372.235
1.56078198380776, 10, 10, 0, 0, -1372.235
1.55725966599518, 8, 255, 0, 0, -1372.235
1.55710933956087, 10, 12, 0, 0, -1372.235
1.55622285138391, 7, 377, 0, 0, -1372.235
1.55559199753343, 2, 11686, 0, 0, -1372.235
1.55494953806017, 10, 75, 0, 0, -1372.235
1.55196141570745, 10, 27, 0, 0, -1372.235
1.54767958280492, 10, 25, 0, 0, -1372.235
1.54485700358866, 10, 70, 0, 0, -1372.235
1.54477459486739, 5, 1721, 0, 0, -1372.235
1.54127921523666, 10, 40, 0, 0, -1372.235
1.53819760927098, 10, 40, 0, 0, -1372.235
1.53810874054266, 8, 226, 0, 0, -1372.235
1.53207988799509, 10, 33, 0, 0, -1372.235
1.53112017018906, 10, 40, 0, 0, -1372.235
1.53095282519282, 6, 632, 0, 0, -1372.235
1.53029678484058, 9, 73, 0, 0, -1372.235
1.52956506132749, 6, 865, 0, 0, -1372.235
1.52934945490925, 4, 2967, 0, 0, -1372.235
1.52927683155147, 8, 79, 0, 0, -1372.235
1.52430467061624, 10, 26, 0, 0, -1372.235
1.52198025895698, 10, 48, 0, 0, -1372.235
1.52123304368933, 9, 166, 0, 0, -1372.235
1.52041839686462, 9, 16, 0, 0, -1372.235
1.51940332379065, 10, 40, 0, 0, -1372.235
1.51805959376538, 10, 14, 0, 0, -1372.235
1.51501234564639, 10, 31, 0, 0, -1372.235
1.51299736179044, 9, 107, 0, 0, -1372.235
1.51192047168599, 7, 141, 0, 0, -1372.235
1.50673328789525, 9, 92, 0, 0, -1372.235
1.50624755638033, 6, 197, 0, 0, -1372.235
1.50314817596765, 10, 47, 0, 0, -1372.235
1.5013325065604, 9, 99, 0, 0, -1372.235
1.50044347868967, 10, 17, 0, 0, -1372.235
1.50003332736436, 10, 18, 0, 0, -1372.235
1.49987131528925, 10, 34, 0, 0, -1372.235
1.49986395585217, 9, 101, 0, 0, -1372.235
1.49910575917615, 10, 43, 0, 0, -1372.235
1.49882571907069, 5, 1402, 0, 0, -1372.235
1.49845410841904, 9, 97, 0, 0, -1372.235
1.49828840569453, 9, 70, 0, 0, -1372.235
1.49822999001998, 10, 17, 0, 0, -1372.235
1.49820852978618, 9, 74, 0, 0, -1372.235
1.49760928343772, 10, 13, 0, 0, -1372.235
1.49566571481431, 7, 428, 0, 0, -1372.235
1.48940392318285, 10, 56, 0, 0, -1372.235
1.48690070464007, 9, 81, 0, 0, -1372.235
1.48579326923077, 10, 64, 0, 0, -1372.235
1.48565407683964, 10, 58, 0, 0, -1372.235
1.48268743074566, 10, 18, 0, 0, -1372.235
1.48193733421526, 10, 53, 0, 0, -1372.235
1.47895241195051, 8, 171, 0, 0, -1372.235
1.47626751943208, 10, 31, 0, 0, -1372.235
1.47578288932363, 9, 32, 0, 0, -1372.235
1.47526590071177, 10, 60, 0, 0, -1372.235
1.47246901322714, 10, 9, 0, 0, -1372.235
1.47161771136647, 10, 26, 0, 0, -1372.235
1.47161771136647, 10, 26, 0, 0, -1372.235
1.47077606581692, 10, 31, 0, 0, -1372.235
1.46995198303816, 7, 437, 0, 0, -1372.235
1.46971415982374, 9, 26, 0, 0, -1372.235
1.46930023258125, 10, 39, 0, 0, -1372.235
1.46808826530979, 9, 115, 0, 0, -1372.235
1.46571448418355, 10, 20, 0, 0, -1372.235
1.46208495144793, 9, 47, 0, 0, -1372.235
1.45906637396695, 10, 64, 0, 0, -1372.235
1.45426063541253, 8, 101, 0, 0, -1372.235
1.44412016447949, 8, 131, 0, 0, -1372.235
1.43966141157238, 9, 52, 0, 0, -1372.235
1.43689209667152, 10, 55, 0, 0, -1372.235
1.43392049168975, 9, 31, 0, 0, -1372.235
1.43289924797055, 9, 45, 0, 0, -1372.235
1.43289924797053, 9, 45, 0, 0, -1372.235
1.43147090366628, 9, 22, 0, 0, -1372.235
1.43107416690994, 5, 1459, 0, 0, -1372.235
1.43064974088959, 10, 18, 0, 0, -1372.235
1.42722156767441, 10, 43, 0, 0, -1372.235
1.42421054894399, 9, 27, 0, 0, -1372.235
1.42383497245696, 10, 27, 0, 0, -1372.235
1.421509209381, 10, 30, 0, 0, -1372.235
1.42075184181815, 10, 44, 0, 0, -1372.235
1.41870976785788, 9, 67, 0, 0, -1372.235
1.41855446627832, 10, 18, 0, 0, -1372.235
1.41842414770845, 10, 43, 0, 0, -1372.235
1.41203930888048, 8, 99, 0, 0, -1372.235
1.41080915614199, 10, 11, 0, 0, -1372.235
1.40791992143441, 10, 14, 0, 0, -1372.235
1.40669301313263, 10, 53, 0, 0, -1372.235
1.40625216368386, 10, 58, 0, 0, -1372.235
1.39917979372134, 5, 1499, 0, 0, -1372.235
1.39237767301191, 5, 1213, 0, 0, -1372.235
1.38762176945269, 9, 94, 0, 0, -1372.235
1.38551773500121, 10, 39, 0, 0, -1372.235
1.38477068031551, 10, 13, 0, 0, -1372.235
1.38399703340932, 3, 5180, 0, 0, -1372.235
1.38240285148793, 10, 38, 0, 0, -1372.235
1.38064831065215, 8, 82, 0, 0, -1372.235
1.37990208835092, 9, 97, 0, 0, -1372.235
1.37803248745173, 8, 49, 0, 0, -1372.235
1.37250472256461, 10, 51, 0, 0, -1372.235
1.37238946022478, 10, 29, 0, 0, -1372.235
1.37099342457066, 10, 27, 0, 0, -1372.235
1.37014573273608, 9, 108, 0, 0, -1372.235
1.36729732118287, 8, 166, 0, 0, -1372.235
1.36550028834812, 10, 53, 0, 0, -1372.235
1.36413203755412, 9, 66, 0, 0, -1372.235
1.36375008026004, 9, 61, 0, 0, -1372.235
1.3629498705625, 10, 44, 0, 0, -1372.235
1.36207532110475, 9, 49, 0, 0, -1372.235
1.35733590649347, 10, 33, 0, 0, -1372.235
1.35709997211567, 9, 63, 0, 0, -1372.235
1.35501798209573, 10, 60, 0, 0, -1372.235
1.35239427513935, 9, 61, 0, 0, -1372.235
1.35129502074352, 8, 151, 0, 0, -1372.235
1.349488790213, 10, 39, 0, 0, -1372.235
1.3465024681607, 10, 25, 0, 0, -1372.235
1.34447180759358, 8, 105, 0, 0, -1372.235
1.34401974278785, 9, 96, 0, 0, -1372.235
1.34396431145976, 8, 205, 0, 0, -1372.235
1.34262353834128, 9, 95, 0, 0, -1372.235
1.34225638856953, 5, 1362, 0, 0, -1372.235
1.3420069944421, 10, 48, 0, 0, -1372.235
1.3408417796607, 6, 741, 0, 0, -1372.235
1.33886137236879, 10, 32, 0, 0, -1372.235
1.33167001333012, 10, 53, 0, 0, -1372.235
1.33134943249044, 9, 24, 0, 0, -1372.235
1.33076494428924, 10, 42, 0, 0, -1372.235
1.33052460680839, 10, 36, 0, 0, -1372.235
1.32930486792732, 10, 35, 0, 0, -1372.235
1.32640616731536, 10, 33, 0, 0, -1372.235
1.32403011168443, 9, 62, 0, 0, -1372.235
1.32289067853921, 10, 30, 0, 0, -1372.235
1.3213152915736, 10, 40, 0, 0, -1372.235
1.31942898037175, 10, 11, 0, 0, -1372.235
1.31920206525209, 10, 46, 0, 0, -1372.235
1.318604138763, 10, 55, 0, 0, -1372.235
1.31750919628608, 9, 89, 0, 0, -1372.235
1.31349652509022, 10, 32, 0, 0, -1372.235
1.31177877648645, 10, 56, 0, 0, -1372.235
1.31145503039245, 8, 52, 0, 0, -1372.235
1.31085060544029, 10, 36, 0, 0, -1372.235
1.30818999793305, 9, 109, 0, 0, -1372.235
1.30560593793796, 10, 49, 0, 0, -1372.235
1.30191654238287, 9, 95, 0, 0, -1372.235
1.30183903705454, 10, 14, 0, 0, -1372.235
1.30111798467821, 10, 42, 0, 0, -1372.235
1.30095710812339, 7, 270, 0, 0, -1372.235
1.29970289768332, 10, 21, 0, 0, -1372.235
1.29599436251715, 9, 35, 0, 0, -1372.235
1.29513770612185, 9, 92, 0, 0, -1372.235
1.28740891864027, 10, 50, 0, 0, -1372.235
1.28696957231232, 9, 51, 0, 0, -1372.235
1.28260240223268, 8, 121, 0, 0, -1372.235
1.28260240223265, 8, 121, 0, 0, -1372.235
1.28198126454065, 7, 318, 0, 0, -1372.235
1.28163205873942, 9, 76, 0, 0, -1372.235
1.28070882815171, 5, 1341, 0, 0, -1372.235
1.28051547945085, 10, 62, 0, 0, -1372.235
1.27578607465187, 9, 80, 0, 0, -1372.235
1.27567301447649, 10, 36, 0, 0, -1372.235
1.27519333741374, 10, 36, 0, 0, -1372.235
1.27423711702521, 9, 98, 0, 0, -1372.235
1.27319277342657, 9, 34, 0, 0, -1372.235
1.26786948209588, 10, 38, 0, 0, -1372.235
1.26685046647583, 10, 17, 0, 0, -1372.235
1.26667449579559, 10, 58, 0, 0, -1372.235
1.26538821303644, 9, 102, 0, 0, -1372.235
1.26242260012835, 5, 1466, 0, 0, -1372.235
1.25714786251676, 9, 89, 0, 0, -1372.235
1.25528252726593, 10, 18, 0, 0, -1372.235
1.25436653627315, 10, 22, 0, 0, -1372.235
1.25418765101297, 9, 78, 0, 0, -1372.235
1.2536788804674, 10, 40, 0, 0, -1372.235
1.2504760497368, 10, 44, 0, 0, -1372.235
1.25028186564281, 10, 22, 0, 0, -1372.235
1.24729016650522, 7, 284, 0, 0, -1372.235
1.246431802349, 10, 61, 0, 0, -1372.235
1.24612135266209, 9, 140, 0, 0, -1372.235
1.24601189107169, 10, 43, 0, 0, -1372.235
1.24302710678781, 9, 70, 0, 0, -1372.235
1.24280566871138, 9, 35, 0, 0, -1372.235
1.23878252844683, 10, 40, 0, 0, -1372.235
1.23733310673091, 8, 39, 0, 0, -1372.235
1.2341033846621, 8, 135, 0, 0, -1372.235
1.23326261955311, 9, 111, 0, 0, -1372.235
1.23298028286795, 9, 67, 0, 0, -1372.235
1.23243614495052, 9, 75, 0, 0, -1372.235
1.22743268991007, 9, 70, 0, 0, -1372.235
1.22511262685452, 9, 67, 0, 0, -1372.235
1.22216548583868, 9, 69, 0, 0, -1372.235
1.22190402992855, 10, 31, 0, 0, -1372.235
1.22036238001354, 10, 30, 0, 0, -1372.235
1.21970947812515, 10, 60, 0, 0, -1372.235
1.21970947812515, 10, 60, 0, 0, -1372.235
1.21713433956094, 10, 68, 0, 0, -1372.235
1.2150148688635, 10, 47, 0, 0, -1372.235
1.21454005185199, 10, 62, 0, 0, -1372.235
1.21410743949832, 10, 35, 0, 0, -1372.235
1.21229775187016, 8, 232, 0, 0, -1372.235
1.21099792612334, 7, 377, 0, 0, -1372.235
1.21050810658879, 10, 51, 0, 0, -1372.235
1.21012762418902, 8, 28, 0, 0, -1372.235
1.20585888076504, 9, 70, 0, 0, -1372.235
1.19968552098892, 9, 77, 0, 0, -1372.235
1.19496981916654, 10, 28, 0, 0, -1372.235
1.19392379149846, 10, 24, 0, 0, -1372.235
1.18942571150799, 10, 42, 0, 0, -1372.235
1.1893337488424, 8, 176, 0, 0, -1372.235
1.18578679229046, 10, 55, 0, 0, -1372.235
1.18313036304098, 10, 45, 0, 0, -1372.235
1.18026783581691, 10, 13, 0, 0, -1372.235
1.17611206272579, 9, 73, 0, 0, -1372.235
1.17424042956163, 10, 55, 0, 0, -1372.235
1.17278079799905, 6, 266, 0, 0, -1372.235
1.17243763845386, 10, 42, 0, 0, -1372.235
1.16954393553197, 10, 25, 0, 0, -1372.235
1.16609842075626, 9, 73, 0, 0, -1372.235
1.16489018653884, 10, 40, 0, 0, -1372.235
1.16006249888347, 9, 105, 0, 0, -1372.235
1.15651362986082, 9, 90, 0, 0, -1372.235
1.15616574478291, 9, 58, 0, 0, -1372.235
1.15554949813733, 9, 73, 0, 0, -1372.235
1.15538729598081, 10, 55, 0, 0, -1372.235
1.15395483404801, 10, 14, 0, 0, -1372.235
1.15305579676641, 6, 706, 0, 0, -1372.235
1.15172038288261, 9, 21, 0, 0, -1372.235
1.15054222379051, 9, 85, 0, 0, -1372.235
1.14976806434984, 10, 20, 0, 0, -1372.235
1.14919937767995, 10, 25, 0, 0, -1372.235
1.14859111492139, 9, 120, 0, 0, -1372.235
1.14796098847714, 10, 13, 0, 0, -1372.235
1.13975137379583, 9, 117, 0, 0, -1372.235
1.13853878598492, 9, 100, 0, 0, -1372.235
1.13824105559111, 10, 38, 0, 0, -1372.235
1.13803313901192, 10, 31, 0, 0, -1372.235
1.13668761169248, 8, 149, 0, 0, -1372.235
1.13120797837495, 9, 82, 0, 0, -1372.235
1.13071450228673, 10, 43, 0, 0, -1372.235
1.13004843876232, 8, 168, 0, 0, -1372.235
1.12930270557714, 9, 138, 0, 0, -1372.235
1.12845857855498, 9, 87, 0, 0, -1372.235
1.12261758998212, 10, 30, 0, 0, -1372.235
1.12189025904542, 10, 42, 0, 0, -1372.235
1.12023104022143, 10, 37, 0, 0, -1372.235
1.11953228630909, 10, 94, 0, 0, -1372.235
1.11067847222222, 9, 64, 0, 0, -1372.235
1.10865945144141, 10, 39, 0, 0, -1372.235
1.10732732391199, 10, 28, 0, 0, -1372.235
1.10592729934608, 5, 1474, 0, 0, -1372.235
1.10467836953122, 5, 1476, 0, 0, -1372.235
1.10412162879225, 9, 104, 0, 0, -1372.235
1.09831743951966, 10, 32, 0, 0, -1372.235
1.09503505590255, 10, 37, 0, 0, -1372.235
1.09397158199206, 6, 752, 0, 0, -1372.235
1.09391444361753, 8, 171, 0, 0, -1372.235
1.09329091233137, 8, 121, 0, 0, -1372.235
1.09016045664516, 9, 52, 0, 0, -1372.235
1.08796891949302, 10, 52, 0, 0, -1372.235
1.08677815244326, 9, 47, 0, 0, -1372.235
1.08394261973845, 8, 183, 0, 0, -1372.235
1.08368469235272, 9, 145, 0, 0, -1372.235
1.07692737493862, 7, 434, 0, 0, -1372.235
1.07127072679864, 9, 47, 0, 0, -1372.235
1.06982140628707, 10, 51, 0, 0, -1372.235
1.06909371742739, 10, 29, 0, 0, -1372.235
1.06778210348005, 10, 61, 0, 0, -1372.235
1.06605685336289, 10, 17, 0, 0, -1372.235
1.0657731495265, 9, 82, 0, 0, -1372.235
1.05915526462024, 9, 117, 0, 0, -1372.235
1.05904490255482, 10, 44, 0, 0, -1372.235
1.05747582520853, 7, 301, 0, 0, -1372.235
1.05642287187439, 10, 54, 0, 0, -1372.235
1.05165591875341, 7, 303, 0, 0, -1372.235
1.04915720319423, 8, 114, 0, 0, -1372.235
1.04834551010154, 10, 36, 0, 0, -1372.235
1.04297223826649, 10, 42, 0, 0, -1372.235
1.04094543655512, 10, 50, 0, 0, -1372.235
1.03787419102606, 9, 79, 0, 0, -1372.235
1.03297697902085, 8, 173, 0, 0, -1372.235
1.03109993783116, 10, 49, 0, 0, -1372.235
1.02972214046126, 8, 150, 0, 0, -1372.235
1.02892394440746, 7, 350, 0, 0, -1372.235
1.0281184130288, 10, 31, 0, 0, -1372.235
1.02403156046421, 9, 87, 0, 0, -1372.235
1.02231308322572, 9, 138, 0, 0, -1372.235
1.01864543189254, 9, 71, 0, 0, -1372.235
1.01754729559548, 10, 77, 0, 0, -1372.235
1.01470300508584, 9, 84, 0, 0, -1372.235
1.01445233455556, 7, 356, 0, 0, -1372.235
1.01142524847785, 10, 34, 0, 0, -1372.235
1.01129850244022, 10, 31, 0, 0, -1372.235
1.00918714487787, 9, 107, 0, 0, -1372.235
1.00790024357279, 8, 151, 0, 0, -1372.235
1.00650405200685, 9, 88, 0, 0, -1372.235
1.00591520882414, 7, 327, 0, 0, -1372.235
1.00472721878493, 10, 33, 0, 0, -1372.235
1.00470270051866, 10, 36, 0, 0, -1372.235
1.00139417684743, 9, 108, 0, 0, -1372.235
0.999671720546783, 9, 69, 0, 0, -1372.235
0.996954446898314, 9, 66, 0, 0, -1372.235
0.995336391916388, 9, 58, 0, 0, -1372.235
0.994649930706202, 9, 17, 0, 0, -1372.235
0.993301878217465, 10, 48, 0, 0, -1372.235
0.989095660269374, 9, 54, 0, 0, -1372.235
0.984759544473691, 10, 21, 0, 0, -1372.235
0.984750613716421, 10, 23, 0, 0, -1372.235
0.982604721868084, 10, 46, 0, 0, -1372.235
0.982447917181238, 10, 42, 0, 0, -1372.235
0.980040493064911, 10, 34, 0, 0, -1372.235
0.979352136534465, 10, 52, 0, 0, -1372.235
0.972224591603186, 10, 17, 0, 0, -1372.235
0.969742041669279, 9, 136, 0, 0, -1372.235
0.968993860505091, 10, 53, 0, 0, -1372.235
0.968192107205976, 10, 49, 0, 0, -1372.235
0.968042254168709, 9, 54, 0, 0, -1372.235
0.965103496379713, 10, 52, 0, 0, -1372.235
0.96248030520528, 10, 39, 0, 0, -1372.235
0.962165732799239, 10, 23, 0, 0, -1372.235
0.960052046127696, 10, 67, 0, 0, -1372.235
0.957821160761532, 10, 43, 0, 0, -1372.235
0.956916584129017, 10, 30, 0, 0, -1372.235
0.953451875609367, 8, 206, 0, 0, -1372.235
0.951772599205874, 10, 38, 0, 0, -1372.235
0.942970206708874, 8, 193, 0, 0, -1372.235
0.942779383085043, 7, 370, 0, 0, -1372.235
0.937929785927759, 8, 180, 0, 0, -1372.235
0.9353399006452, 6, 811, 0, 0, -1372.235
0.934829061685016, 9, 106, 0, 0, -1372.235
0.933166027976779, 9, 35, 0, 0, -1372.235
0.932505556337017, 9, 14, 0, 0, -1372.235
0.93250457629543, 10, 48, 0, 0, -1372.235
0.927556094838749, 10, 45, 0, 0, -1372.235
0.927001169866292, 10, 18, 0, 0, -1372.235
0.925917811797795, 9, 36, 0, 0, -1372.235
0.925842203925246, 4, 1921, 0, 0, -1372.235
0.923192944559112, 10, 41, 0, 0, -1372.235
0.922212587425314, 10, 45, 0, 0, -1372.235
0.921465858823006, 10, 35, 0, 0, -1372.235
0.919024253212151, 9, 50, 0, 0, -1372.235
0.915810331252416, 10, 87, 0, 0, -1372.235
0.914405779538541, 7, 477, 0, 0, -1372.235
0.914135901664015, 9, 92, 0, 0, -1372.235
0.913108700566534, 10, 66, 0, 0, -1372.235
0.907833415578455, 8, 157, 0, 0, -1372.235
0.901871700181934, 8, 57, 0, 0, -1372.235
0.901789189702682, 10, 31, 0, 0, -1372.235
0.898320695792422, 7, 394, 0, 0, -1372.235
0.892700033201571, 8, 231, 0, 0, -1372.235
0.892310505323266, 9, 59, 0, 0, -1372.235
0.891472604987811, 7, 378, 0, 0, -1372.235
0.888998397021688, 8, 161, 0, 0, -1372.235
0.888854305888986, 10, 38, 0, 0, -1372.235
0.884380365720198, 10, 30, 0, 0, -1372.235
0.879811840727817, 7, 402, 0, 0, -1372.235
0.879406385180782, 10, 49, 0, 0, -1372.235
0.879082783974573, 9, 80, 0, 0, -1372.235
0.878783048653129, 8, 178, 0, 0, -1372.235
0.877821287656747, 8, 115, 0, 0, -1372.235
0.868665742885018, 9, 20, 0, 0, -1372.235
0.867172376651334, 9, 116, 0, 0, -1372.235
0.86671069218147, 10, 17, 0, 0, -1372.235
0.86312380842447, 10, 32, 0, 0, -1372.235
0.863073531339307, 10, 36, 0, 0, -1372.235
0.861933664127233, 9, 54, 0, 0, -1372.235
0.857689735334097, 10, 25, 0, 0, -1372.235
0.857689735334097, 10, 25, 0, 0, -1372.235
0.855582880851113, 9, 30, 0, 0, -1372.235
0.849739250948844, 6, 910, 0, 0, -1372.235
0.84909713636723, 10, 39, 0, 0, -1372.235
0.846658225365208, 10, 55, 0, 0, -1372.235
0.845311637043637, 8, 233, 0, 0, -1372.235
0.845189190255356, 8, 172, 0, 0, -1372.235
0.843648532903458, 10, 27, 0, 0, -1372.235
0.841865240582859, 10, 36, 0, 0, -1372.235
0.841058422716319, 10, 21, 0, 0, -1372.235
0.840646218991311, 10, 44, 0, 0, -1372.235
0.839830443560538, 10, 61, 0, 0, -1372.235
0.836783580738219, 9, 66, 0, 0, -1372.235
0.834304922059245, 9, 16, 0, 0, -1372.235
0.832779831097651, 9, 22, 0, 0, -1372.235
0.832399721383812, 9, 59, 0, 0, -1372.235
0.832372783129322, 10, 37, 0, 0, -1372.235
0.830713749878346, 9, 63, 0, 0, -1372.235
0.826294799565147, 10, 23, 0, 0, -1372.235
0.825921544866974, 9, 91, 0, 0, -1372.235
0.823631273475901, 9, 51, 0, 0, -1372.235
0.819521065508631, 8, 171, 0, 0, -1372.235
0.818642653545251, 10, 36, 0, 0, -1372.235
0.816261705224823, 9, 88, 0, 0, -1372.235
0.816035370999072, 10, 48, 0, 0, -1372.235
0.815499411904195, 10, 31, 0, 0, -1372.235
0.815447219289367, 9, 84, 0, 0, -1372.235
0.81288211268359, 8, 203, 0, 0, -1372.235
0.810697920182839, 10, 38, 0, 0, -1372.235
0.810222756522521, 8, 200, 0, 0, -1372.235
0.808491090068249, 10, 62, 0, 0, -1372.235
0.80763674884703, 10, 41, 0, 0, -1372.235
0.806862894097573, 9, 123, 0, 0, -1372.235
0.805723362151567, 8, 216, 0, 0, -1372.235
0.803477445593575, 10, 37, 0, 0, -1372.235
0.802791836277452, 10, 43, 0, 0, -1372.235
0.802217445790516, 8, 214, 0, 0, -1372.235
0.800705470631499, 6, 711, 0, 0, -1372.235
0.799125968607403, 9, 66, 0, 0, -1372.235
0.797029134852572, 10, 45, 0, 0, -1372.235
0.796991286943162, 10, 31, 0, 0, -1372.235
0.796784799320437, 10, 34, 0, 0, -1372.235
0.796049898234776, 10, 20, 0, 0, -1372.235
0.794902577961201, 9, 35, 0, 0, -1372.235
0.792964604017889, 8, 217, 0, 0, -1372.235
0.790979779390112, 9, 33, 0, 0, -1372.235
0.788666562556228, 10, 20, 0, 0, -1372.235
0.786065213002693, 9, 43, 0, 0, -1372.235
0.783305751481885, 9, 32, 0, 0, -1372.235
0.782563819983199, 10, 46, 0, 0, -1372.235
0.781974964568367, 9, 21, 0, 0, -1372.235
0.776458459105463, 9, 98, 0, 0, -1372.235
0.775812212148223, 10, 43, 0, 0, -1372.235
0.773344004438764, 10, 36, 0, 0, -1372.235
0.771607197477539, 8, 142, 0, 0, -1372.235
0.768537186306023, 9, 94, 0, 0, -1372.235
0.76351774618389, 9, 85, 0, 0, -1372.235
0.763379620646014, 10, 52, 0, 0, -1372.235
0.761344354363669, 10, 22, 0, 0, -1372.235
0.757052325894546, 9, 78, 0, 0, -1372.235
0.756619532063234, 10, 52, 0, 0, -1372.235
0.756530953360542, 10, 33, 0, 0, -1372.235
0.754965341425518, 6, 763, 0, 0, -1372.235
0.752241005038547, 10, 22, 0, 0, -1372.235
0.752241005038545, 10, 22, 0, 0, -1372.235
0.752004461649409, 10, 7, 0, 0, -1372.235
0.750372606729975, 9, 83, 0, 0, -1372.235
0.749413540464298, 10, 58, 0, 0, -1372.235
0.749413540464297, 10, 58, 0, 0, -1372.235
0.748862695122674, 9, 87, 0, 0, -1372.235
0.746287969178055, 8, 116, 0, 0, -1372.235
0.746139434009103, 8, 152, 0, 0, -1372.235
0.743271152980635, 10, 14, 0, 0, -1372.235
0.742131394959363, 9, 52, 0, 0, -1372.235
0.741440504619502, 9, 47, 0, 0, -1372.235
0.740039665470626, 9, 78, 0, 0, -1372.235
0.738055548170545, 8, 154, 0, 0, -1372.235
0.735921422216865, 8, 208, 0, 0, -1372.235
0.734545558329392, 4, 2536, 0, 0, -1372.235
0.73298595411794, 8, 209, 0, 0, -1372.235
0.731552050765701, 10, 30, 0, 0, -1372.235
0.730579856321343, 9, 69, 0, 0, -1372.235
0.730184745013983, 8, 205, 0, 0, -1372.235
0.729901543613958, 8, 231, 0, 0, -1372.235
0.728808845179288, 9, 53, 0, 0, -1372.235
0.723320033951315, 9, 44, 0, 0, -1372.235
0.723166659568925, 8, 122, 0, 0, -1372.235
0.720860865715918, 7, 309, 0, 0, -1372.235
0.720502201876199, 10, 21, 0, 0, -1372.235
0.717469601861533, 7, 516, 0, 0, -1372.235
0.716287054083991, 8, 189, 0, 0, -1372.235
0.715867440873754, 10, 38, 0, 0, -1372.235
0.712188241522857, 10, 33, 0, 0, -1372.235
0.711192688176246, 9, 40, 0, 0, -1372.235
0.707967280029874, 10, 34, 0, 0, -1372.235
0.705943635544913, 8, 124, 0, 0, -1372.235
0.703894407294812, 8, 193, 0, 0, -1372.235
0.70346893889195, 8, 150, 0, 0, -1372.235
0.696505496515413, 10, 41, 0, 0, -1372.235
0.695571476381535, 10, 51, 0, 0, -1372.235
0.694828734342892, 7, 335, 0, 0, -1372.235
0.694822412779542, 7, 204, 0, 0, -1372.235
0.694805551288806, 8, 128, 0, 0, -1372.235
0.694045901474122, 9, 37, 0, 0, -1372.235
0.690515263940874, 9, 120, 0, 0, -1372.235
0.689779720896358, 7, 313, 0, 0, -1372.235
0.68355141797584, 10, 44, 0, 0, -1372.235
0.683471704918832, 9, 88, 0, 0, -1372.235
0.683108153975422, 10, 29, 0, 0, -1372.235
0.682505660641138, 9, 93, 0, 0, -1372.235
0.681231055034075, 10, 43, 0, 0, -1372.235
0.680117158257098, 10, 42, 0, 0, -1372.235
0.678498699854886, 10, 35, 0, 0, -1372.235
0.677182492511767, 7, 320, 0, 0, -1372.235
0.674419474416916, 10, 53, 0, 0, -1372.235
0.674298085631021, 8, 94, 0, 0, -1372.235
0.672728809397122, 9, 48, 0, 0, -1372.235
0.67191652251001, 9, 49, 0, 0, -1372.235
0.669641579701909, 8, 37, 0, 0, -1372.235
0.669036261907075, 9, 115, 0, 0, -1372.235
0.668896500582746, 10, 27, 0, 0, -1372.235
0.664727667511388, 10, 40, 0, 0, -1372.235
0.660970302481858, 10, 25, 0, 0, -1372.235
0.660012337660829, 9, 49, 0, 0, -1372.235
0.657925480785459, 10, 40, 0, 0, -1372.235
0.653287950490779, 10, 70, 0, 0, -1372.235
0.652710064775418, 9, 93, 0, 0, -1372.235
0.651396644077566, 8, 174, 0, 0, -1372.235
0.651294799082998, 10, 37, 0, 0, -1372.235
0.650336597007218, 7, 96, 0, 0, -1372.235
0.647613739191918, 10, 41, 0, 0, -1372.235
0.644927126418669, 9, 92, 0, 0, -1372.235
0.644807197989097, 10, 63, 0, 0, -1372.235
0.644327703416156, 10, 31, 0, 0, -1372.235
0.643926424910062, 6, 370, 0, 0, -1372.235
0.641847087950109, 9, 131, 0, 0, -1372.235
0.637871529651056, 10, 46, 0, 0, -1372.235
0.636461590731631, 9, 95, 0, 0, -1372.235
0.633165614843809, 10, 42, 0, 0, -1372.235
0.633073214991402, 10, 52, 0, 0, -1372.235
0.631176011342557, 10, 20, 0, 0, -1372.235
0.628762067117769, 10, 21, 0, 0, -1372.235
0.625849681118436, 10, 43, 0, 0, -1372.235
0.625395353779553, 10, 44, 0, 0, -1372.235
0.624302389836235, 6, 384, 0, 0, -1372.235
0.623492204937226, 8, 78, 0, 0, -1372.235
0.623394658686696, 7, 101, 0, 0, -1372.235
0.623103466682639, 10, 53, 0, 0, -1372.235
0.623098906533239, 6, 633, 0, 0, -1372.235
0.621787298029206, 10, 45, 0, 0, -1372.235
0.621051704202835, 10, 46, 0, 0, -1372.235
0.620978352744484, 9, 47, 0, 0, -1372.235
0.614092677632993, 10, 38, 0, 0, -1372.235
0.610824671011467, 9, 45, 0, 0, -1372.235
0.60801556840299, 10, 40, 0, 0, -1372.235
0.60769099689867, 10, 44, 0, 0, -1372.235
0.607254087545216, 7, 337, 0, 0, -1372.235
0.604584483051838, 10, 58, 0, 0, -1372.235
0.604421548090906, 10, 51, 0, 0, -1372.235
0.602573922876155, 10, 52, 0, 0, -1372.235
0.602441415582744, 6, 575, 0, 0, -1372.235
0.599994542007734, 10, 33, 0, 0, -1372.235
0.599783631265108, 9, 49, 0, 0, -1372.235
0.595959063900597, 9, 50, 0, 0, -1372.235
0.595011711782942, 7, 389, 0, 0, -1372.235
0.590271186989569, 8, 178, 0, 0, -1372.235
0.586722874465279, 10, 29, 0, 0, -1372.235
0.581134401873231, 9, 86, 0, 0, -1372.235
0.578942008666331, 7, 417, 0, 0, -1372.235
0.57865551024452, 10, 29, 0, 0, -1372.235
0.57791192836574, 10, 21, 0, 0, -1372.235
0.575041234003716, 7, 256, 0, 0, -1372.235
0.573489484785782, 9, 58, 0, 0, -1372.235
0.570329646424732, 10, 27, 0, 0, -1372.235
0.567586903588922, 6, 708, 0, 0, -1372.235
0.564133058502831, 10, 45, 0, 0, -1372.235
0.557141892972741, 10, 48, 0, 0, -1372.235
0.556761285665065, 7, 374, 0, 0, -1372.235
0.555869310600062, 9, 113, 0, 0, -1372.235
0.55215665518487, 10, 20, 0, 0, -1372.235
0.547704707510222, 10, 27, 0, 0, -1372.235
0.545706516603328, 9, 75, 0, 0, -1372.235
0.543226382397292, 10, 46, 0, 0, -1372.235
0.542208239463612, 10, 24, 0, 0, -1372.235
0.54189062524314, 10, 20, 0, 0, -1372.235
0.53988486310911, 10, 30, 0, 0, -1372.235
0.538813775354317, 10, 35, 0, 0, -1372.235
0.538507607516398, 10, 50, 0, 0, -1372.235
0.535758848705075, 8, 53, 0, 0, -1372.235
0.535552424204309, 10, 53, 0, 0, -1372.235
0.535242198282465, 10, 30, 0, 0, -1372.235
0.530710290222566, 10, 47, 0, 0, -1372.235
0.529275814192208, 10, 57, 0, 0, -1372.235
0.527536770709408, 9, 119, 0, 0, -1372.235
0.526249006205794, 10, 26, 0, 0, -1372.235
0.525672812686073, 9, 97, 0, 0, -1372.235
0.524986661673097, 10, 29, 0, 0, -1372.235
0.523369175889433, 10, 59, 0, 0, -1372.235
0.516714094733156, 10, 50, 0, 0, -1372.235
0.516336605098626, 10, 46, 0, 0, -1372.235
0.511499946589712, 8, 145, 0, 0, -1372.235
0.509745624455385, 10, 20, 0, 0, -1372.235
0.508836487923601, 10, 17, 0, 0, -1372.235
0.50622819613464, 10, 44, 0, 0, -1372.235
0.504865867393764, 10, 27, 0, 0, -1372.235
0.502369726597674, 8, 216, 0, 0, -1372.235
0.5015465000466, 10, 32, 0, 0, -1372.235
0.500515732983795, 10, 22, 0, 0, -1372.235
0.498733409488318, 9, 38, 0, 0, -1372.235
0.497946250837993, 8, 170, 0, 0, -1372.235
0.497698779348199, 10, 60, 0, 0, -1372.235
0.497642563871665, 9, 84, 0, 0, -1372.235
0.495036743971916, 10, 32, 0, 0, -1372.235
0.489435827623515, 10, 21, 0, 0, -1372.235
0.487666419089205, 6, 741, 0, 0, -1372.235
0.485167752029411, 10, 18, 0, 0, -1372.235
0.483639339161921, 10, 32, 0, 0, -1372.235
0.481262211719655, 8, 156, 0, 0, -1372.235
0.480276216409462, 9, 20, 0, 0, -1372.235
0.479096923822363, 8, 107, 0, 0, -1372.235
0.476561500111516, 9, 74, 0, 0, -1372.235
0.474801584775018, 10, 35, 0, 0, -1372.235
0.473647584654226, 9, 35, 0, 0, -1372.235
0.472097483993317, 10, 44, 0, 0, -1372.235
0.467001790221055, 10, 47, 0, 0, -1372.235
0.465215118949899, 7, 299, 0, 0, -1372.235
0.462648155467258, 7, 462, 0, 0, -1372.235
0.461986318621467, 8, 186, 0, 0, -1372.235
0.4602741354602, 10, 57, 0, 0, -1372.235
0.454657230422565, 10, 36, 0, 0, -1372.235
0.453907305456459, 8, 59, 0, 0, -1372.235
0.45049208549664, 7, 477, 0, 0, -1372.235
0.447534664913082, 10, 27, 0, 0, -1372.235
0.443605759710276, 9, 22, 0, 0, -1372.235
0.436770566738658, 9, 93, 0, 0, -1372.235
0.433504559958782, 10, 53, 0, 0, -1372.235
0.432225455893264, 10, 22, 0, 0, -1372.235
0.425281295968561, 7, 333, 0, 0, -1372.235
0.424826735690286, 10, 68, 0, 0, -1372.235
0.419979463455252, 10, 55, 0, 0, -1372.235
0.419610588605196, 9, 30, 0, 0, -1372.235
0.417271062907491, 10, 24, 0, 0, -1372.235
0.41727106290749, 10, 24, 0, 0, -1372.235
0.416507390302794, 10, 23, 0, 0, -1372.235
0.409245632681481, 8, 67, 0, 0, -1372.235
0.407783636062662, 10, 28, 0, 0, -1372.235
0.406836043637949, 10, 32, 0, 0, -1372.235
0.398467343748, 10, 15, 0, 0, -1372.235
0.398456876342909, 9, 70, 0, 0, -1372.235
0.395952466777429, 8, 107, 0, 0, -1372.235
0.393430664657517, 9, 44, 0, 0, -1372.235
0.392115909090906, 10, 64, 0, 0, -1372.235
0.388257995853834, 8, 78, 0, 0, -1372.235
0.386387810667123, 10, 59, 0, 0, -1372.235
0.385599112070163, 9, 108, 0, 0, -1372.235
0.381297280507173, 10, 27, 0, 0, -1372.235
0.379519350752322, 9, 50, 0, 0, -1372.235
0.378119860383673, 10, 68, 0, 0, -1372.235
0.374980356860058, 10, 24, 0, 0, -1372.235
0.374142146549239, 10, 44, 0, 0, -1372.235
0.373267127219015, 9, 74, 0, 0, -1372.235
0.371642948959399, 10, 43, 0, 0, -1372.235
0.370479187607623, 9, 47, 0, 0, -1372.235
0.369914894581076, 10, 28, 0, 0, -1372.235
0.36858112735968, 9, 89, 0, 0, -1372.235
0.367288449697281, 10, 36, 0, 0, -1372.235
0.366199464269733, 7, 79, 0, 0, -1372.235
0.363246187648916, 10, 35, 0, 0, -1372.235
0.362739781406668, 10, 43, 0, 0, -1372.235
0.355575969794876, 9, 105, 0, 0, -1372.235
0.353674515028033, 9, 50, 0, 0, -1372.235
0.353473560614445, 9, 79, 0, 0, -1372.235
0.352327098796591, 9, 37, 0, 0, -1372.235
0.351916423298027, 10, 68, 0, 0, -1372.235
0.350172791470435, 10, 37, 0, 0, -1372.235
0.346549525088209, 9, 63, 0, 0, -1372.235
0.340708622243494, 10, 30, 0, 0, -1372.235
0.336286770276057, 10, 19, 0, 0, -1372.235
0.331524853421777, 10, 31, 0, 0, -1372.235
0.329563779251434, 10, 41, 0, 0, -1372.235
0.325520050546849, 10, 52, 0, 0, -1372.235
0.321722022502924, 10, 27, 0, 0, -1372.235
0.321462724401054, 10, 41, 0, 0, -1372.235
0.321339101037872, 10, 20, 0, 0, -1372.235
0.317880275997327, 10, 29, 0, 0, -1372.235
0.312568193359556, 10, 48, 0, 0, -1372.235
0.311253878826047, 9, 65, 0, 0, -1372.235
0.31108301618556, 9, 77, 0, 0, -1372.235
0.303449936979128, 9, 127, 0, 0, -1372.235
0.303352822580642, 10, 64, 0, 0, -1372.235
0.301028741502089, 9, 98, 0, 0, -1372.235
0.298097265817419, 8, 98, 0, 0, -1372.235
0.297495187398152, 9, 95, 0, 0, -1372.235
0.292804476547549, 9, 72, 0, 0, -1372.235
0.292383406924951, 10, 45, 0, 0, -1372.235
0.291686587298453, 10, 46, 0, 0, -1372.235
0.290665760403903, 10, 15, 0, 0, -1372.235
0.288649768596708, 8, 56, 0, 0, -1372.235
0.288379862074368, 10, 43, 0, 0, -1372.235
0.287867243647248, 10, 19, 0, 0, -1372.235
0.287323218680048, 10, 29, 0, 0, -1372.235
0.286101798016281, 8, 160, 0, 0, -1372.235
0.286010541850221, 10, 23, 0, 0, -1372.235
0.285622793885585, 10, 32, 0, 0, -1372.235
0.283587351079425, 10, 21, 0, 0, -1372.235
0.283187895117735, 9, 25, 0, 0, -1372.235
0.280274787947022, 8, 164, 0, 0, -1372.235
0.278210143301321, 7, 234, 0, 0, -1372.235
0.275974299396038, 10, 17, 0, 0, -1372.235
0.275446086569949, 10, 16, 0, 0, -1372.235
0.274427545904052, 10, 49, 0, 0, -1372.235
0.273551511406948, 10, 23, 0, 0, -1372.235
0.273231799627006, 9, 76, 0, 0, -1372.235
0.272179645312594, 10, 33, 0, 0, -1372.235
0.269573052679765, 9, 38, 0, 0, -1372.235
0.268163104565734, 7, 165, 0, 0, -1372.235
0.267693072866436, 10, 31, 0, 0, -1372.235
0.267232414918796, 9, 97, 0, 0, -1372.235
0.26677949319684, 10, 49, 0, 0, -1372.235
0.265466564214798, 10, 36, 0, 0, -1372.235
0.265070343755857, 10, 35, 0, 0, -1372.235
0.260231853886757, 10, 48, 0, 0, -1372.235
0.257957194845275, 10, 11, 0, 0, -1372.235
0.256270591758515, 9, 102, 0, 0, -1372.235
0.254762019483801, 10, 22, 0, 0, -1372.235
0.254446711488036, 9, 98, 0, 0, -1372.235
0.253890464516954, 10, 52, 0, 0, -1372.235
0.252767629084089, 10, 42, 0, 0, -1372.235
0.252455807515004, 9, 101, 0, 0, -1372.235
0.252452091100708, 9, 86, 0, 0, -1372.235
0.252154803332787, 10, 38, 0, 0, -1372.235
0.248046797745642, 8, 135, 0, 0, -1372.235
0.247859810709244, 10, 34, 0, 0, -1372.235
0.247450012305467, 8, 48, 0, 0, -1372.235
0.246142074423398, 10, 52, 0, 0, -1372.235
0.245995070077959, 7, 183, 0, 0, -1372.235
0.245527203032402, 10, 41, 0, 0, -1372.235
0.240645875056962, 10, 42, 0, 0, -1372.235
0.239951459344337, 10, 38, 0, 0, -1372.235
0.236713638607517, 9, 31, 0, 0, -1372.235
0.235259244208306, 8, 51, 0, 0, -1372.235
0.233751968585317, 10, 60, 0, 0, -1372.235
0.231790058036721, 10, 24, 0, 0, -1372.235
0.230059961101103, 7, 138, 0, 0, -1372.235
0.225670213460037, 10, 76, 0, 0, -1372.235
0.22403755878675, 10, 25, 0, 0, -1372.235
0.223016018970927, 8, 176, 0, 0, -1372.235
0.222992862057421, 9, 109, 0, 0, -1372.235
0.222856126155813, 10, 23, 0, 0, -1372.235
0.222296417383901, 10, 49, 0, 0, -1372.235
0.220750646475996, 10, 42, 0, 0, -1372.235
0.219492246538589, 7, 311, 0, 0, -1372.235
0.21804846133244, 10, 46, 0, 0, -1372.235
0.217946739796121, 9, 138, 0, 0, -1372.235
0.21753276276138, 7, 118, 0, 0, -1372.235
0.215041385552265, 10, 46, 0, 0, -1372.235
0.213309846804822, 10, 31, 0, 0, -1372.235
0.212083131518974, 9, 106, 0, 0, -1372.235
0.210993067824413, 10, 14, 0, 0, -1372.235
0.20931830233782, 10, 24, 0, 0, -1372.235
0.208795767947446, 8, 166, 0, 0, -1372.235
0.2055032806501, 9, 71, 0, 0, -1372.235
0.203008014823165, 9, 122, 0, 0, -1372.235
0.201211740178891, 10, 26, 0, 0, -1372.235
0.199648737245105, 8, 201, 0, 0, -1372.235
0.199231785147146, 10, 45, 0, 0, -1372.235
0.194584384531963, 10, 33, 0, 0, -1372.235
0.190855514762849, 8, 92, 0, 0, -1372.235
0.188597362965985, 10, 15, 0, 0, -1372.235
0.187441269831617, 9, 11, 0, 0, -1372.235
0.186663186481123, 10, 21, 0, 0, -1372.235
0.184234134533311, 9, 60, 0, 0, -1372.235
0.180826444647006, 10, 35, 0, 0, -1372.235
0.180649950459939, 9, 91, 0, 0, -1372.235
0.180111559063985, 7, 148, 0, 0, -1372.235
0.177154111343456, 10, 41, 0, 0, -1372.235
0.176296821931116, 7, 298, 0, 0, -1372.235
0.175731390400261, 9, 156, 0, 0, -1372.235
0.171912858519074, 10, 30, 0, 0, -1372.235
0.171288903210122, 9, 97, 0, 0, -1372.235
0.16991728652958, 10, 17, 0, 0, -1372.235
0.168588541957049, 10, 34, 0, 0, -1372.235
0.1637970603639, 7, 241, 0, 0, -1372.235
0.16178390764778, 10, 40, 0, 0, -1372.235
0.161474069964529, 8, 69, 0, 0, -1372.235
0.158652199570994, 10, 40, 0, 0, -1372.235
0.158383816921954, 7, 285, 0, 0, -1372.235
0.156947399952218, 9, 120, 0, 0, -1372.235
0.156709051748959, 10, 21, 0, 0, -1372.235
0.156229711552397, 10, 26, 0, 0, -1372.235
0.155759185565328, 7, 256, 0, 0, -1372.235
0.152848037950813, 10, 35, 0, 0, -1372.235
0.148544690190509, 7, 366, 0, 0, -1372.235
0.146695139718315, 7, 269, 0, 0, -1372.235
0.143078095062165, 10, 21, 0, 0, -1372.235
0.14160646499244, 9, 80, 0, 0, -1372.235
0.141497252254678, 7, 181, 0, 0, -1372.235
0.141425096009695, 10, 41, 0, 0, -1372.235
0.140556962852523, 9, 112, 0, 0, -1372.235
0.140101358255554, 8, 65, 0, 0, -1372.235
0.135993010665599, 10, 44, 0, 0, -1372.235
0.134824790371041, 9, 144, 0, 0, -1372.235
0.133967470395064, 10, 49, 0, 0, -1372.235
0.132884393300642, 10, 27, 0, 0, -1372.235
0.131757325213616, 7, 306, 0, 0, -1372.235
0.131150430620345, 10, 39, 0, 0, -1372.235
0.130832725833745, 10, 41, 0, 0, -1372.235
0.129300532748839, 10, 60, 0, 0, -1372.235
0.128367764858113, 9, 90, 0, 0, -1372.235
0.128061609381893, 10, 43, 0, 0, -1372.235
0.12801077499005, 10, 24, 0, 0, -1372.235
0.127370175142119, 7, 348, 0, 0, -1372.235
0.127184570038497, 8, 73, 0, 0, -1372.235
0.126851538346633, 7, 372, 0, 0, -1372.235
0.125363090754373, 10, 14, 0, 0, -1372.235
0.123822157026603, 7, 360, 0, 0, -1372.235
0.123546510222518, 7, 213, 0, 0, -1372.235
0.122550569027209, 10, 21, 0, 0, -1372.235
0.121794999566605, 10, 36, 0, 0, -1372.235
0.12059381219204, 1, 14527, 0, 0, -1372.235
0.118607730600548, 10, 44, 0, 0, -1372.235
0.117906536660458, 10, 51, 0, 0, -1372.235
0.115771549763533, 9, 24, 0, 0, -1372.235
0.1153841355734, 10, 58, 0, 0, -1372.235
0.113802713701586, 8, 105, 0, 0, -1372.235
0.113277089905602, 10, 31, 0, 0, -1372.235
0.111899430051792, 9, 25, 0, 0, -1372.235
0.111088095596472, 10, 51, 0, 0, -1372.235
0.110890565983957, 10, 50, 0, 0, -1372.235
0.106296618852457, 10, 64, 0, 0, -1372.235
0.105032691810468, 10, 43, 0, 0, -1372.235
0.102569983994336, 10, 26, 0, 0, -1372.235
0.0973595839653391, 10, 27, 0, 0, -1372.235
0.0971959986836548, 10, 19, 0, 0, -1372.235
0.096726153634332, 10, 85, 0, 0, -1372.235
0.0957694783709458, 10, 40, 0, 0, -1372.235
0.0941553556822416, 8, 80, 0, 0, -1372.235
0.0895053986929092, 8, 21, 0, 0, -1372.235
0.0857280901702148, 10, 46, 0, 0, -1372.235
0.0853389857336687, 10, 32, 0, 0, -1372.235
0.0851496633647298, 1, 22057, 0, 0, -1372.235
0.0836152993852351, 9, 76, 0, 0, -1372.235
0.0811347112015058, 10, 34, 0, 0, -1372.235
0.0801165218708037, 9, 80, 0, 0, -1372.235
0.0799782091655391, 10, 63, 0, 0, -1372.235
0.0795057040432196, 8, 98, 0, 0, -1372.235
0.0779940939601823, 10, 44, 0, 0, -1372.235
0.0777279710486972, 10, 25, 0, 0, -1372.235
0.0767859754436273, 10, 33, 0, 0, -1372.235
0.0727664720223688, 10, 56, 0, 0, -1372.235
0.0725249125874115, 9, 64, 0, 0, -1372.235
0.0714445467031296, 9, 35, 0, 0, -1372.235
0.0713031770407139, 10, 49, 0, 0, -1372.235
0.0691625632579849, 10, 75, 0, 0, -1372.235
0.0660629759032465, 10, 43, 0, 0, -1372.235
0.0654124169150014, 10, 40, 0, 0, -1372.235
0.064132829056528, 10, 32, 0, 0, -1372.235
0.063723169142315, 9, 54, 0, 0, -1372.235
0.0631457966308109, 10, 76, 0, 0, -1372.235
0.0622957298138476, 10, 11, 0, 0, -1372.235
0.0622957298138476, 10, 11, 0, 0, -1372.235
0.0618629171969906, 10, 42, 0, 0, -1372.235
0.0608529004463476, 9, 79, 0, 0, -1372.235
0.0601582103218956, 10, 34, 0, 0, -1372.235
0.0600781911693434, 9, 27, 0, 0, -1372.235
0.0580842745789406, 4, 1200, 0, 0, -1372.235
0.0561613880555776, 10, 17, 0, 0, -1372.235
0.055028237922577, 9, 30, 0, 0, -1372.235
0.0544848692159209, 8, 162, 0, 0, -1372.235
0.0530176819169854, 10, 45, 0, 0, -1372.235
0.0528951551672062, 10, 94, 0, 0, -1372.235
0.0501358443908706, 10, 43, 0, 0, -1372.235
0.0494396205641032, 4, 1456, 0, 0, -1372.235
0.0493856866708274, 10, 49, 0, 0, -1372.235
0.0470826695868964, 4, 2402, 0, 0, -1372.235
0.0449897889588458, 9, 82, 0, 0, -1372.235
0.0441253008828727, 10, 63, 0, 0, -1372.235
0.0430367738765649, 8, 215, 0, 0, -1372.235
0.0417088658599926, 4, 2778, 0, 0, -1372.235
0.0406761535196137, 10, 20, 0, 0, -1372.235
0.0399922367836535, 10, 28, 0, 0, -1372.235
0.0357807197673091, 10, 32, 0, 0, -1372.235
0.0349846517598257, 10, 30, 0, 0, -1372.235
0.0337739249201414, 10, 25, 0, 0, -1372.235
0.0337568596830733, 5, 1316, 0, 0, -1372.235
0.0336815507730356, 10, 31, 0, 0, -1372.235
0.0329983160653804, 8, 93, 0, 0, -1372.235
0.030993979604004, 5, 1458, 0, 0, -1372.235
0.0304417854237178, 10, 35, 0, 0, -1372.235
0.0304052550996972, 10, 13, 0, 0, -1372.235
0.0281547414471387, 8, 46, 0, 0, -1372.235
0.0281407649992673, 9, 55, 0, 0, -1372.235
0.0279563068509782, 9, 70, 0, 0, -1372.235
0.0273174732515135, 9, 107, 0, 0, -1372.235
0.0272436402368624, 10, 35, 0, 0, -1372.235
0.0268991315980688, 9, 109, 0, 0, -1372.235
0.0263943180654352, 9, 75, 0, 0, -1372.235
0.0262484044256802, 9, 33, 0, 0, -1372.235
0.02544399155539, 2, 4890, 0, 0, -1372.235
0.0251177512286406, 10, 51, 0, 0, -1372.235
0.0240405912716248, 8, 136, 0, 0, -1372.235
0.0234051615785801, 9, 62, 0, 0, -1372.235
0.0232344579855298, 10, 56, 0, 0, -1372.235
0.0228808977398208, 8, 59, 0, 0, -1372.235
0.0225014370099354, 9, 65, 0, 0, -1372.235
0.0205934835986572, 9, 80, 0, 0, -1372.235
0.0199769359067717, 8, 127, 0, 0, -1372.235
0.0196132340564188, 10, 22, 0, 0, -1372.235
0.0195486292692838, 9, 47, 0, 0, -1372.235
0.019279330523266, 10, 53, 0, 0, -1372.235
0.0179628372417839, 10, 16, 0, 0, -1372.235
0.0165781078429116, 8, 173, 0, 0, -1372.235
0.0148770968836303, 8, 197, 0, 0, -1372.235
0.0147313979962464, 9, 60, 0, 0, -1372.235
0.0144563196617282, 2, 9637, 0, 0, -1372.235
0.014334314550783, 9, 62, 0, 0, -1372.235
0.0143205217572049, 10, 21, 0, 0, -1372.235
0.0141316177597071, 10, 45, 0, 0, -1372.235
0.0125275513137698, 10, 52, 0, 0, -1372.235
0.0112396676264415, 10, 41, 0, 0, -1372.235
0.0105973217144794, 10, 44, 0, 0, -1372.235
0.0100115840420112, 10, 12, 0, 0, -1372.235
0.00942752061677078, 9, 87, 0, 0, -1372.235
0.00933815993599058, 9, 88, 0, 0, -1372.235
0.0088758161908784, 10, 45, 0, 0, -1372.235
0.00871472863421434, 10, 46, 0, 0, -1372.235
0.0071410172391567, 10, 18, 0, 0, -1372.235
0.00268526173843735, 9, 61, 0, 0, -1372.235
0.00188955278767074, 9, 93, 0, 0, -1372.235
