norm, level, Npoints, dimSplit, MainGridIndexSplit
44.7019081393244, 0, 36584, -1, -1, -1
12.4081965598127, 10, 20, 0, 0, -1372.235
11.7115304405791, 10, 23, 0, 0, -1372.235
11.6549758717433, 10, 33, 0, 0, -1372.235
11.5660784713587, 9, 30, 0, 0, -1372.235
11.1204378064967, 10, 18, 0, 0, -1372.235
10.9609374657297, 9, 48, 0, 0, -1372.235
10.7214129300082, 7, 245, 0, 0, -1372.235
10.6670755421292, 5, 879, 0, 0, -1372.235
10.4840891202213, 4, 2072, 0, 0, -1372.235
10.2995132389487, 10, 21, 0, 0, -1372.235
10.0648294644092, 4, 2176, 0, 0, -1372.235
9.94146739222584, 6, 169, 0, 0, -1372.235
9.87114951319262, 10, 6, 0, 0, -1372.235
9.78316281416243, 9, 40, 0, 0, -1372.235
9.77793968717708, 8, 128, 0, 0, -1372.235
9.73067962879591, 10, 31, 0, 0, -1372.235
9.70321362456658, 10, 33, 0, 0, -1372.235
9.69168942906703, 5, 871, 0, 0, -1372.235
9.29857998021149, 7, 212, 0, 0, -1372.235
9.14524007921458, 5, 446, 0, 0, -1372.235
8.75776078231235, 5, 943, 0, 0, -1372.235
8.7241806265091, 4, 1667, 0, 0, -1372.235
8.71026609559253, 5, 1121, 0, 0, -1372.235
8.6033716271003, 10, 35, 0, 0, -1372.235
8.57878694036216, 10, 24, 0, 0, -1372.235
8.57715782441902, 9, 45, 0, 0, -1372.235
8.49381735717233, 7, 324, 0, 0, -1372.235
8.35845214004818, 9, 53, 0, 0, -1372.235
8.34731567746284, 9, 54, 0, 0, -1372.235
8.31866224887066, 10, 23, 0, 0, -1372.235
8.26851794383451, 9, 32, 0, 0, -1372.235
8.26401363641179, 4, 1779, 0, 0, -1372.235
8.24067261413128, 10, 32, 0, 0, -1372.235
8.18536122463414, 10, 26, 0, 0, -1372.235
8.13817844758528, 8, 81, 0, 0, -1372.235
8.00387623550684, 9, 70, 0, 0, -1372.235
7.86094115168216, 9, 68, 0, 0, -1372.235
7.74768320040451, 9, 90, 0, 0, -1372.235
7.73099567601152, 5, 562, 0, 0, -1372.235
7.70726901206824, 10, 38, 0, 0, -1372.235
7.68763618533822, 8, 92, 0, 0, -1372.235
7.62222614671037, 5, 1114, 0, 0, -1372.235
7.61440324253011, 9, 50, 0, 0, -1372.235
7.59977873687591, 9, 27, 0, 0, -1372.235
7.50286328208652, 9, 55, 0, 0, -1372.235
7.49214617669357, 8, 67, 0, 0, -1372.235
7.41976216026324, 8, 96, 0, 0, -1372.235
7.40502612539888, 5, 1203, 0, 0, -1372.235
7.37025736378056, 6, 659, 0, 0, -1372.235
7.33767653797354, 7, 241, 0, 0, -1372.235
7.26776186178255, 10, 44, 0, 0, -1372.235
7.26264392677136, 7, 274, 0, 0, -1372.235
7.25060863405227, 10, 32, 0, 0, -1372.235
7.22781463798471, 10, 29, 0, 0, -1372.235
7.07919491634564, 8, 91, 0, 0, -1372.235
7.06649667034587, 8, 189, 0, 0, -1372.235
7.06380491670038, 8, 96, 0, 0, -1372.235
7.05599336997634, 8, 72, 0, 0, -1372.235
7.05200929979582, 6, 514, 0, 0, -1372.235
7.04529880331406, 6, 423, 0, 0, -1372.235
7.03603572592384, 8, 165, 0, 0, -1372.235
7.01610253919354, 10, 38, 0, 0, -1372.235
6.95324652873895, 10, 16, 0, 0, -1372.235
6.87910030960825, 10, 30, 0, 0, -1372.235
6.87910030960825, 10, 30, 0, 0, -1372.235
6.86450225745645, 8, 30, 0, 0, -1372.235
6.8620321096262, 9, 86, 0, 0, -1372.235
6.83719428349798, 10, 16, 0, 0, -1372.235
6.75212935215266, 3, 3015, 0, 0, -1372.235
6.75010095376413, 10, 32, 0, 0, -1372.235
6.71511833332442, 10, 52, 0, 0, -1372.235
6.65856058887175, 10, 32, 0, 0, -1372.235
6.6135893621627, 7, 273, 0, 0, -1372.235
6.61065092979797, 9, 40, 0, 0, -1372.235
6.59172732542506, 9, 84, 0, 0, -1372.235
6.58601838421468, 6, 277, 0, 0, -1372.235
6.55436145558745, 10, 34, 0, 0, -1372.235
6.54677999143349, 7, 323, 0, 0, -1372.235
6.48672186383151, 10, 31, 0, 0, -1372.235
6.47920797008179, 6, 569, 0, 0, -1372.235
6.44595655301078, 8, 136, 0, 0, -1372.235
6.38835492594821, 9, 15, 0, 0, -1372.235
6.38090071909092, 3, 4057, 0, 0, -1372.235
6.3419349163993, 8, 190, 0, 0, -1372.235
6.27164979484706, 10, 27, 0, 0, -1372.235
6.233138229927, 8, 64, 0, 0, -1372.235
6.21150920100742, 10, 34, 0, 0, -1372.235
6.20216815426282, 10, 45, 0, 0, -1372.235
6.15320118151802, 8, 89, 0, 0, -1372.235
6.13266738732562, 5, 1448, 0, 0, -1372.235
6.03147894611914, 8, 62, 0, 0, -1372.235
6.02417812430477, 7, 282, 0, 0, -1372.235
6.0232921036875, 8, 250, 0, 0, -1372.235
6.0221222592359, 10, 25, 0, 0, -1372.235
6.00541726937486, 9, 44, 0, 0, -1372.235
5.89515527379017, 8, 214, 0, 0, -1372.235
5.8813871709036, 10, 17, 0, 0, -1372.235
5.87504397218671, 9, 40, 0, 0, -1372.235
5.86419481754272, 9, 52, 0, 0, -1372.235
5.84974480011245, 4, 2066, 0, 0, -1372.235
5.84869684108397, 9, 33, 0, 0, -1372.235
5.83093532415972, 4, 2074, 0, 0, -1372.235
5.81045808609274, 9, 105, 0, 0, -1372.235
5.80458190669125, 10, 26, 0, 0, -1372.235
5.79168960976424, 6, 408, 0, 0, -1372.235
5.78986127122452, 9, 49, 0, 0, -1372.235
5.78787581018941, 10, 29, 0, 0, -1372.235
5.77494554751817, 10, 48, 0, 0, -1372.235
5.77184444640084, 9, 53, 0, 0, -1372.235
5.76954662329702, 7, 297, 0, 0, -1372.235
5.74355150221617, 10, 22, 0, 0, -1372.235
5.7046065577566, 10, 46, 0, 0, -1372.235
5.68941325710222, 8, 120, 0, 0, -1372.235
5.68422949697982, 8, 268, 0, 0, -1372.235
5.68185977316107, 9, 15, 0, 0, -1372.235
5.67528388208019, 7, 259, 0, 0, -1372.235
5.66403934771598, 9, 86, 0, 0, -1372.235
5.65497682643088, 9, 56, 0, 0, -1372.235
5.64802276608354, 10, 27, 0, 0, -1372.235
5.64080195094134, 10, 16, 0, 0, -1372.235
5.58963596854886, 10, 31, 0, 0, -1372.235
5.58582964269106, 8, 73, 0, 0, -1372.235
5.58295193037886, 8, 121, 0, 0, -1372.235
5.5370081080592, 10, 27, 0, 0, -1372.235
5.52372109856883, 8, 98, 0, 0, -1372.235
5.50660847610433, 9, 67, 0, 0, -1372.235
5.50583077242355, 10, 48, 0, 0, -1372.235
5.49984419447536, 10, 27, 0, 0, -1372.235
5.49859234404127, 10, 52, 0, 0, -1372.235
5.49836877087403, 10, 51, 0, 0, -1372.235
5.45695502318796, 10, 28, 0, 0, -1372.235
5.42820936922524, 6, 441, 0, 0, -1372.235
5.42344192436892, 9, 78, 0, 0, -1372.235
5.3945986474278, 8, 106, 0, 0, -1372.235
5.39440168618041, 10, 51, 0, 0, -1372.235
5.38209066067394, 6, 961, 0, 0, -1372.235
5.36961474660521, 8, 232, 0, 0, -1372.235
5.36721446481168, 9, 16, 0, 0, -1372.235
5.36121005415084, 10, 40, 0, 0, -1372.235
5.3579339835962, 8, 240, 0, 0, -1372.235
5.34069880833439, 10, 55, 0, 0, -1372.235
5.33377897548412, 9, 77, 0, 0, -1372.235
5.32491222084249, 10, 53, 0, 0, -1372.235
5.3144943108059, 10, 47, 0, 0, -1372.235
5.31386881488621, 8, 178, 0, 0, -1372.235
5.3022814342843, 9, 44, 0, 0, -1372.235
5.29245957138832, 9, 54, 0, 0, -1372.235
5.26598142543015, 9, 61, 0, 0, -1372.235
5.26217764756346, 5, 1740, 0, 0, -1372.235
5.25606953290295, 10, 39, 0, 0, -1372.235
5.24191414223405, 10, 34, 0, 0, -1372.235
5.22486435588478, 9, 65, 0, 0, -1372.235
5.21636541997438, 8, 182, 0, 0, -1372.235
5.21509698536197, 8, 105, 0, 0, -1372.235
5.20710985861772, 6, 608, 0, 0, -1372.235
5.200442167138, 9, 109, 0, 0, -1372.235
5.19132491311505, 8, 111, 0, 0, -1372.235
5.18417794014193, 3, 4140, 0, 0, -1372.235
5.18335339539217, 5, 908, 0, 0, -1372.235
5.17991370420621, 7, 289, 0, 0, -1372.235
5.17592870865002, 8, 142, 0, 0, -1372.235
5.1593522274857, 7, 413, 0, 0, -1372.235
5.14219882432295, 10, 17, 0, 0, -1372.235
5.13981657586556, 10, 29, 0, 0, -1372.235
5.13722696677198, 10, 31, 0, 0, -1372.235
5.13722696677197, 10, 31, 0, 0, -1372.235
5.11331990388751, 3, 5292, 0, 0, -1372.235
5.09436124160215, 10, 17, 0, 0, -1372.235
5.09182783762609, 10, 14, 0, 0, -1372.235
5.07113812999074, 10, 66, 0, 0, -1372.235
5.06171742103907, 9, 150, 0, 0, -1372.235
5.03919234832785, 9, 54, 0, 0, -1372.235
5.03798299215487, 8, 220, 0, 0, -1372.235
5.03414984700513, 9, 87, 0, 0, -1372.235
5.02694244737544, 10, 36, 0, 0, -1372.235
5.02658953747212, 9, 20, 0, 0, -1372.235
5.01347595982213, 8, 140, 0, 0, -1372.235
5.00013180163012, 8, 222, 0, 0, -1372.235
4.99299249255666, 10, 39, 0, 0, -1372.235
4.99056336019723, 10, 23, 0, 0, -1372.235
4.98379823366359, 8, 201, 0, 0, -1372.235
4.98238635334279, 9, 40, 0, 0, -1372.235
4.98124674775719, 8, 78, 0, 0, -1372.235
4.97772389528516, 10, 32, 0, 0, -1372.235
4.96530722363489, 10, 26, 0, 0, -1372.235
4.95493556792217, 8, 117, 0, 0, -1372.235
4.95456289879108, 8, 142, 0, 0, -1372.235
4.92754828342272, 8, 253, 0, 0, -1372.235
4.90176077052528, 10, 31, 0, 0, -1372.235
4.89987454692412, 8, 189, 0, 0, -1372.235
4.88278740938022, 8, 206, 0, 0, -1372.235
4.87711143597115, 10, 13, 0, 0, -1372.235
4.87680291560153, 10, 24, 0, 0, -1372.235
4.8723975639557, 10, 26, 0, 0, -1372.235
4.86710100603113, 9, 90, 0, 0, -1372.235
4.85739495942947, 10, 18, 0, 0, -1372.235
4.84906146266312, 9, 91, 0, 0, -1372.235
4.83388964820338, 10, 21, 0, 0, -1372.235
4.83348747351558, 10, 32, 0, 0, -1372.235
4.83348747351558, 10, 32, 0, 0, -1372.235
4.80613104382782, 6, 408, 0, 0, -1372.235
4.80130008116824, 9, 82, 0, 0, -1372.235
4.7980298084953, 10, 68, 0, 0, -1372.235
4.79802980849527, 10, 68, 0, 0, -1372.235
4.79798703694022, 9, 72, 0, 0, -1372.235
4.79004429959, 9, 68, 0, 0, -1372.235
4.78826724155986, 10, 32, 0, 0, -1372.235
4.75726456169703, 6, 552, 0, 0, -1372.235
4.75304562937595, 9, 83, 0, 0, -1372.235
4.75009460697474, 6, 553, 0, 0, -1372.235
4.74632201308275, 7, 464, 0, 0, -1372.235
4.74471376455652, 5, 1793, 0, 0, -1372.235
4.74357124290148, 10, 37, 0, 0, -1372.235
4.74141551252339, 10, 16, 0, 0, -1372.235
4.73608015661229, 10, 15, 0, 0, -1372.235
4.73501076054581, 10, 32, 0, 0, -1372.235
4.72220929333133, 9, 79, 0, 0, -1372.235
4.71692829638366, 9, 62, 0, 0, -1372.235
4.70659409857976, 7, 198, 0, 0, -1372.235
4.70227574767661, 9, 123, 0, 0, -1372.235
4.70040790238809, 9, 51, 0, 0, -1372.235
4.694583365533, 5, 1816, 0, 0, -1372.235
4.66479392315297, 10, 14, 0, 0, -1372.235
4.66009960348075, 10, 48, 0, 0, -1372.235
4.65434038600539, 9, 14, 0, 0, -1372.235
4.6533779133254, 9, 82, 0, 0, -1372.235
4.64667530508458, 8, 153, 0, 0, -1372.235
4.64129846503381, 10, 9, 0, 0, -1372.235
4.63636570287981, 10, 22, 0, 0, -1372.235
4.63636570287981, 10, 22, 0, 0, -1372.235
4.62582594294004, 10, 31, 0, 0, -1372.235
4.62456900689603, 10, 43, 0, 0, -1372.235
4.61576800102069, 10, 48, 0, 0, -1372.235
4.60201314154206, 9, 47, 0, 0, -1372.235
4.59535587316184, 5, 584, 0, 0, -1372.235
4.59150377525628, 9, 32, 0, 0, -1372.235
4.58851177497715, 10, 101, 0, 0, -1372.235
4.58726007141941, 9, 100, 0, 0, -1372.235
4.58054071730875, 10, 46, 0, 0, -1372.235
4.57173106006961, 10, 23, 0, 0, -1372.235
4.55932995433773, 10, 22, 0, 0, -1372.235
4.54938004178811, 9, 101, 0, 0, -1372.235
4.52522692607393, 10, 31, 0, 0, -1372.235
4.50524129607218, 9, 93, 0, 0, -1372.235
4.50123375581345, 7, 248, 0, 0, -1372.235
4.49400381908835, 10, 32, 0, 0, -1372.235
4.48439897022308, 8, 103, 0, 0, -1372.235
4.48269297365585, 7, 385, 0, 0, -1372.235
4.48064702455744, 9, 112, 0, 0, -1372.235
4.46831971153846, 9, 64, 0, 0, -1372.235
4.46763873192092, 9, 41, 0, 0, -1372.235
4.46006517319618, 9, 95, 0, 0, -1372.235
4.45799027800382, 9, 100, 0, 0, -1372.235
4.45760264295041, 10, 54, 0, 0, -1372.235
4.45487121390819, 10, 37, 0, 0, -1372.235
4.44275164354276, 9, 85, 0, 0, -1372.235
4.43334791022335, 8, 171, 0, 0, -1372.235
4.42821637194713, 10, 11, 0, 0, -1372.235
4.42821637194712, 10, 11, 0, 0, -1372.235
4.41049853349932, 10, 37, 0, 0, -1372.235
4.40714458509195, 10, 65, 0, 0, -1372.235
4.39980253242331, 7, 212, 0, 0, -1372.235
4.39569429808432, 8, 95, 0, 0, -1372.235
4.3914187397318, 10, 16, 0, 0, -1372.235
4.38345229302348, 7, 177, 0, 0, -1372.235
4.37384077548587, 10, 30, 0, 0, -1372.235
4.37052340292677, 10, 15, 0, 0, -1372.235
4.35892264503332, 10, 12, 0, 0, -1372.235
4.35873085118024, 9, 15, 0, 0, -1372.235
4.35127279542074, 8, 158, 0, 0, -1372.235
4.34939775657225, 10, 29, 0, 0, -1372.235
4.34874056453829, 8, 90, 0, 0, -1372.235
4.34091797038205, 10, 27, 0, 0, -1372.235
4.33708221580805, 10, 41, 0, 0, -1372.235
4.33690513466033, 10, 21, 0, 0, -1372.235
4.33594854176781, 10, 60, 0, 0, -1372.235
4.33026076637262, 7, 518, 0, 0, -1372.235
4.3215913409202, 8, 136, 0, 0, -1372.235
4.3176800836474, 10, 66, 0, 0, -1372.235
4.31583343843874, 10, 31, 0, 0, -1372.235
4.30872475640516, 10, 28, 0, 0, -1372.235
4.29379080519475, 9, 43, 0, 0, -1372.235
4.29055627904875, 8, 130, 0, 0, -1372.235
4.28710982314215, 7, 11, 0, 0, -1372.235
4.26807906112379, 10, 42, 0, 0, -1372.235
4.26391041004645, 10, 67, 0, 0, -1372.235
4.25444396514535, 9, 101, 0, 0, -1372.235
4.24429122572762, 10, 49, 0, 0, -1372.235
4.23645376418875, 7, 215, 0, 0, -1372.235
4.22273394431485, 9, 31, 0, 0, -1372.235
4.20541105042133, 10, 90, 0, 0, -1372.235
4.20191122728015, 10, 25, 0, 0, -1372.235
4.18691654390816, 7, 225, 0, 0, -1372.235
4.18682746262406, 7, 135, 0, 0, -1372.235
4.1865914591077, 6, 810, 0, 0, -1372.235
4.18202777178219, 8, 112, 0, 0, -1372.235
4.17507295346655, 10, 17, 0, 0, -1372.235
4.16773932447125, 7, 272, 0, 0, -1372.235
4.1586077027957, 10, 36, 0, 0, -1372.235
4.14167656323099, 10, 16, 0, 0, -1372.235
4.13216978986964, 9, 40, 0, 0, -1372.235
4.10308844626581, 8, 125, 0, 0, -1372.235
4.10305147189968, 10, 45, 0, 0, -1372.235
4.09822242530124, 10, 32, 0, 0, -1372.235
4.0923753160372, 9, 45, 0, 0, -1372.235
4.08996618791678, 10, 29, 0, 0, -1372.235
4.06473216571053, 10, 37, 0, 0, -1372.235
4.06094346445618, 10, 19, 0, 0, -1372.235
4.0559427793315, 10, 19, 0, 0, -1372.235
4.04912584784207, 7, 347, 0, 0, -1372.235
4.0275761579169, 7, 176, 0, 0, -1372.235
4.02447958653901, 10, 14, 0, 0, -1372.235
4.02096418522913, 4, 1470, 0, 0, -1372.235
4.01150291215772, 9, 71, 0, 0, -1372.235
4.01045837527405, 10, 44, 0, 0, -1372.235
3.99740050289831, 8, 86, 0, 0, -1372.235
3.99439448328775, 9, 62, 0, 0, -1372.235
3.98189969363379, 10, 37, 0, 0, -1372.235
3.98009060846961, 9, 35, 0, 0, -1372.235
3.97723438772148, 9, 85, 0, 0, -1372.235
3.97685155519263, 9, 56, 0, 0, -1372.235
3.97576274018482, 9, 90, 0, 0, -1372.235
3.97506378461738, 10, 24, 0, 0, -1372.235
3.96463552937076, 10, 22, 0, 0, -1372.235
3.96441828633163, 9, 79, 0, 0, -1372.235
3.96005660220264, 10, 98, 0, 0, -1372.235
3.95753917004629, 10, 42, 0, 0, -1372.235
3.95433614370967, 10, 27, 0, 0, -1372.235
3.95433614370965, 10, 27, 0, 0, -1372.235
3.91967279301799, 8, 155, 0, 0, -1372.235
3.91239089014814, 9, 30, 0, 0, -1372.235
3.91140261828467, 10, 61, 0, 0, -1372.235
3.91085882699424, 10, 18, 0, 0, -1372.235
3.90936546264482, 10, 28, 0, 0, -1372.235
3.9037289438691, 9, 60, 0, 0, -1372.235
3.90237767052418, 10, 32, 0, 0, -1372.235
3.89367251762401, 9, 39, 0, 0, -1372.235
3.88846726639594, 10, 42, 0, 0, -1372.235
3.88843633393954, 10, 22, 0, 0, -1372.235
3.87652450346779, 5, 1031, 0, 0, -1372.235
3.86133176884454, 6, 579, 0, 0, -1372.235
3.86088937812574, 10, 28, 0, 0, -1372.235
3.85763305154466, 4, 1545, 0, 0, -1372.235
3.85709816139417, 7, 336, 0, 0, -1372.235
3.85066761756489, 9, 75, 0, 0, -1372.235
3.84390025622168, 7, 463, 0, 0, -1372.235
3.80944487551907, 10, 34, 0, 0, -1372.235
3.80693276220675, 9, 31, 0, 0, -1372.235
3.80289387942385, 2, 7155, 0, 0, -1372.235
3.79597224726717, 10, 47, 0, 0, -1372.235
3.7871713964834, 10, 20, 0, 0, -1372.235
3.77623172446541, 9, 70, 0, 0, -1372.235
3.77463050030273, 9, 82, 0, 0, -1372.235
3.77387107815588, 7, 247, 0, 0, -1372.235
3.76981479253636, 9, 82, 0, 0, -1372.235
3.76538490200932, 8, 185, 0, 0, -1372.235
3.75732357369846, 10, 36, 0, 0, -1372.235
3.75711582075954, 10, 43, 0, 0, -1372.235
3.75076205134668, 10, 33, 0, 0, -1372.235
3.74965795381974, 5, 1073, 0, 0, -1372.235
3.74962111646362, 10, 29, 0, 0, -1372.235
3.74782278456073, 8, 189, 0, 0, -1372.235
3.74703166536232, 10, 23, 0, 0, -1372.235
3.74503161538362, 10, 43, 0, 0, -1372.235
3.74325377237407, 10, 67, 0, 0, -1372.235
3.73082462257831, 9, 37, 0, 0, -1372.235
3.72980627566923, 9, 85, 0, 0, -1372.235
3.72925056370869, 10, 28, 0, 0, -1372.235
3.71338127419963, 10, 36, 0, 0, -1372.235
3.71307535967601, 10, 21, 0, 0, -1372.235
3.71305927147978, 10, 29, 0, 0, -1372.235
3.70976375788747, 10, 65, 0, 0, -1372.235
3.69564062983324, 9, 73, 0, 0, -1372.235
3.69150406105971, 10, 53, 0, 0, -1372.235
3.68928947281593, 7, 388, 0, 0, -1372.235
3.68479723670766, 7, 218, 0, 0, -1372.235
3.67735765265991, 10, 42, 0, 0, -1372.235
3.67421101543003, 9, 93, 0, 0, -1372.235
3.66955293808863, 6, 564, 0, 0, -1372.235
3.65845503864337, 10, 36, 0, 0, -1372.235
3.65462612549512, 9, 65, 0, 0, -1372.235
3.65261611543297, 10, 69, 0, 0, -1372.235
3.64957492574549, 10, 23, 0, 0, -1372.235
3.64729619822667, 10, 27, 0, 0, -1372.235
3.63626702629634, 10, 22, 0, 0, -1372.235
3.63056773664451, 10, 40, 0, 0, -1372.235
3.6305677366445, 10, 40, 0, 0, -1372.235
3.62378846153846, 10, 64, 0, 0, -1372.235
3.62358827185782, 10, 41, 0, 0, -1372.235
3.6230075591246, 6, 625, 0, 0, -1372.235
3.6192292253566, 6, 462, 0, 0, -1372.235
3.5909699024123, 10, 30, 0, 0, -1372.235
3.58536591396803, 9, 44, 0, 0, -1372.235
3.57590290234414, 9, 62, 0, 0, -1372.235
3.56978441286613, 8, 120, 0, 0, -1372.235
3.56730092574273, 9, 31, 0, 0, -1372.235
3.56398821271636, 10, 42, 0, 0, -1372.235
3.5639520203891, 10, 40, 0, 0, -1372.235
3.56289891293895, 6, 983, 0, 0, -1372.235
3.55009469606691, 8, 131, 0, 0, -1372.235
3.54518213408345, 8, 121, 0, 0, -1372.235
3.53781822339949, 9, 75, 0, 0, -1372.235
3.53729139477701, 4, 2104, 0, 0, -1372.235
3.52853276210674, 8, 200, 0, 0, -1372.235
3.52527530575939, 8, 100, 0, 0, -1372.235
3.51492884251003, 9, 72, 0, 0, -1372.235
3.51342666216426, 10, 29, 0, 0, -1372.235
3.50286541495105, 9, 31, 0, 0, -1372.235
3.49582218631812, 10, 67, 0, 0, -1372.235
3.49119543757459, 9, 85, 0, 0, -1372.235
3.48547987736475, 5, 1105, 0, 0, -1372.235
3.48084918519651, 10, 90, 0, 0, -1372.235
3.48045666427116, 10, 49, 0, 0, -1372.235
3.48032329528177, 10, 27, 0, 0, -1372.235
3.4745464428893, 9, 69, 0, 0, -1372.235
3.46323329043852, 10, 23, 0, 0, -1372.235
3.44569201268386, 8, 119, 0, 0, -1372.235
3.44498509188728, 10, 45, 0, 0, -1372.235
3.44198937936767, 10, 22, 0, 0, -1372.235
3.44099145194341, 8, 136, 0, 0, -1372.235
3.43940365024272, 10, 21, 0, 0, -1372.235
3.42665916264088, 10, 23, 0, 0, -1372.235
3.41947644019523, 9, 48, 0, 0, -1372.235
3.41907468430821, 9, 42, 0, 0, -1372.235
3.41753725008373, 10, 54, 0, 0, -1372.235
3.41555680031528, 10, 30, 0, 0, -1372.235
3.41477983743758, 10, 15, 0, 0, -1372.235
3.40912570064867, 10, 33, 0, 0, -1372.235
3.40279752109162, 9, 23, 0, 0, -1372.235
3.3926937598166, 9, 65, 0, 0, -1372.235
3.37856294061489, 9, 80, 0, 0, -1372.235
3.37773766232107, 9, 97, 0, 0, -1372.235
3.37731596758065, 9, 70, 0, 0, -1372.235
3.37658901310499, 10, 47, 0, 0, -1372.235
3.37605405140097, 7, 295, 0, 0, -1372.235
3.37590252818166, 10, 59, 0, 0, -1372.235
3.37148918180768, 10, 34, 0, 0, -1372.235
3.36961005828822, 10, 26, 0, 0, -1372.235
3.36672164248887, 10, 23, 0, 0, -1372.235
3.36164972411354, 10, 19, 0, 0, -1372.235
3.35665031503859, 9, 27, 0, 0, -1372.235
3.3554744262168, 6, 429, 0, 0, -1372.235
3.33473606224383, 10, 38, 0, 0, -1372.235
3.33462970686962, 9, 48, 0, 0, -1372.235
3.33396831854661, 7, 294, 0, 0, -1372.235
3.33052466310063, 10, 59, 0, 0, -1372.235
3.32959753446698, 10, 40, 0, 0, -1372.235
3.32934784989669, 10, 46, 0, 0, -1372.235
3.32457915312492, 10, 29, 0, 0, -1372.235
3.32068009992271, 9, 83, 0, 0, -1372.235
3.31854898075538, 9, 104, 0, 0, -1372.235
3.30379030657948, 10, 46, 0, 0, -1372.235
3.29499376484655, 10, 34, 0, 0, -1372.235
3.29499376484655, 10, 34, 0, 0, -1372.235
3.29119048240794, 9, 50, 0, 0, -1372.235
3.29096898257524, 10, 23, 0, 0, -1372.235
3.28666573722653, 8, 179, 0, 0, -1372.235
3.28631539643674, 8, 120, 0, 0, -1372.235
3.2858674330948, 10, 21, 0, 0, -1372.235
3.27517193043968, 7, 174, 0, 0, -1372.235
3.27276584435746, 4, 2724, 0, 0, -1372.235
3.27135959213887, 9, 71, 0, 0, -1372.235
3.27135959213887, 9, 71, 0, 0, -1372.235
3.26928004365701, 10, 27, 0, 0, -1372.235
3.25135196275488, 6, 771, 0, 0, -1372.235
3.23968231925726, 10, 17, 0, 0, -1372.235
3.22306486182129, 9, 50, 0, 0, -1372.235
3.22213972098429, 10, 44, 0, 0, -1372.235
3.21907307078619, 7, 287, 0, 0, -1372.235
3.21791246560016, 9, 116, 0, 0, -1372.235
3.21785658632354, 9, 54, 0, 0, -1372.235
3.21169941061404, 10, 14, 0, 0, -1372.235
3.20914147460502, 10, 24, 0, 0, -1372.235
3.20762148496489, 9, 107, 0, 0, -1372.235
3.20323342027654, 10, 30, 0, 0, -1372.235
3.20258510424914, 10, 14, 0, 0, -1372.235
3.20160450450625, 10, 55, 0, 0, -1372.235
3.19927690402589, 6, 520, 0, 0, -1372.235
3.1935908141385, 9, 22, 0, 0, -1372.235
3.19332589876615, 8, 145, 0, 0, -1372.235
3.18994391148156, 7, 422, 0, 0, -1372.235
3.1771056985314, 7, 188, 0, 0, -1372.235
3.17056486319472, 7, 203, 0, 0, -1372.235
3.16780964233858, 10, 28, 0, 0, -1372.235
3.16394109196193, 10, 53, 0, 0, -1372.235
3.15891360715953, 10, 14, 0, 0, -1372.235
3.1579285908607, 10, 25, 0, 0, -1372.235
3.15092204186269, 10, 26, 0, 0, -1372.235
3.14691394143585, 9, 112, 0, 0, -1372.235
3.1460327433299, 10, 22, 0, 0, -1372.235
3.14140780691721, 10, 62, 0, 0, -1372.235
3.14137056047148, 9, 11, 0, 0, -1372.235
3.13524783275041, 10, 63, 0, 0, -1372.235
3.13393659317039, 8, 117, 0, 0, -1372.235
3.13113307227377, 7, 317, 0, 0, -1372.235
3.12737639775263, 9, 97, 0, 0, -1372.235
3.1255759817452, 9, 47, 0, 0, -1372.235
3.12551020503936, 7, 365, 0, 0, -1372.235
3.12340757518492, 10, 49, 0, 0, -1372.235
3.12245920201692, 9, 82, 0, 0, -1372.235
3.12160763632968, 5, 1620, 0, 0, -1372.235
3.11573644425298, 10, 18, 0, 0, -1372.235
3.10911256617158, 10, 18, 0, 0, -1372.235
3.10697998873526, 9, 72, 0, 0, -1372.235
3.10413215595965, 10, 21, 0, 0, -1372.235
3.09605425932746, 10, 54, 0, 0, -1372.235
3.09597844870968, 8, 78, 0, 0, -1372.235
3.0938102165322, 7, 301, 0, 0, -1372.235
3.08898718041518, 10, 18, 0, 0, -1372.235
3.08569047001727, 9, 74, 0, 0, -1372.235
3.08326745532019, 10, 45, 0, 0, -1372.235
3.0771096427353, 9, 37, 0, 0, -1372.235
3.07273268208633, 10, 39, 0, 0, -1372.235
3.06666534576264, 10, 70, 0, 0, -1372.235
3.06094422021884, 6, 479, 0, 0, -1372.235
3.05638356583766, 10, 26, 0, 0, -1372.235
3.04538049111926, 10, 23, 0, 0, -1372.235
3.04474278846153, 10, 64, 0, 0, -1372.235
3.04311201272231, 2, 9349, 0, 0, -1372.235
3.04239401578539, 8, 144, 0, 0, -1372.235
3.03967129742381, 10, 21, 0, 0, -1372.235
3.03967129742379, 10, 21, 0, 0, -1372.235
3.03661819609851, 7, 247, 0, 0, -1372.235
3.03416035534774, 7, 214, 0, 0, -1372.235
3.03336470959363, 9, 86, 0, 0, -1372.235
3.03147490478844, 6, 535, 0, 0, -1372.235
3.03034827785804, 9, 85, 0, 0, -1372.235
3.02707048491837, 10, 43, 0, 0, -1372.235
3.02248936896879, 10, 22, 0, 0, -1372.235
3.0223056032255, 9, 71, 0, 0, -1372.235
3.01823561541501, 9, 51, 0, 0, -1372.235
3.01029328150312, 10, 74, 0, 0, -1372.235
3.00414647024308, 8, 150, 0, 0, -1372.235
3.00413398279646, 9, 38, 0, 0, -1372.235
3.00413398279646, 9, 38, 0, 0, -1372.235
3.00339709549694, 6, 848, 0, 0, -1372.235
3.0031094519616, 8, 123, 0, 0, -1372.235
2.99806447784789, 10, 27, 0, 0, -1372.235
2.99688390414136, 8, 23, 0, 0, -1372.235
2.99204936652112, 9, 69, 0, 0, -1372.235
2.99163988074115, 10, 34, 0, 0, -1372.235
2.98524685334508, 9, 47, 0, 0, -1372.235
2.97911607169857, 10, 31, 0, 0, -1372.235
2.97869271975288, 9, 63, 0, 0, -1372.235
2.96765885771943, 10, 66, 0, 0, -1372.235
2.96234535036007, 10, 23, 0, 0, -1372.235
2.96108009530893, 10, 57, 0, 0, -1372.235
2.95601701208457, 10, 35, 0, 0, -1372.235
2.94618535851427, 9, 24, 0, 0, -1372.235
2.93041974643535, 8, 119, 0, 0, -1372.235
2.92966404305205, 10, 19, 0, 0, -1372.235
2.92938315348635, 10, 59, 0, 0, -1372.235
2.92571447628634, 8, 117, 0, 0, -1372.235
2.92486733481593, 7, 300, 0, 0, -1372.235
2.921653456046, 9, 12, 0, 0, -1372.235
2.91531322969839, 9, 120, 0, 0, -1372.235
2.90912083873085, 10, 27, 0, 0, -1372.235
2.90256580862521, 8, 140, 0, 0, -1372.235
2.90126448405277, 9, 84, 0, 0, -1372.235
2.89613596420302, 10, 26, 0, 0, -1372.235
2.89445952659768, 10, 34, 0, 0, -1372.235
2.88705107446754, 10, 10, 0, 0, -1372.235
2.88187241625278, 8, 191, 0, 0, -1372.235
2.8816677769631, 10, 23, 0, 0, -1372.235
2.87860521741869, 10, 48, 0, 0, -1372.235
2.87784115994031, 9, 54, 0, 0, -1372.235
2.8775071956214, 10, 23, 0, 0, -1372.235
2.87732654156058, 10, 25, 0, 0, -1372.235
2.87698418232234, 10, 26, 0, 0, -1372.235
2.87580627519329, 9, 79, 0, 0, -1372.235
2.87234644236294, 9, 66, 0, 0, -1372.235
2.87105218104139, 10, 56, 0, 0, -1372.235
2.86714766869064, 6, 611, 0, 0, -1372.235
2.8651160526534, 8, 205, 0, 0, -1372.235
2.86379266565831, 10, 46, 0, 0, -1372.235
2.86351357523142, 6, 594, 0, 0, -1372.235
2.86135134343506, 10, 41, 0, 0, -1372.235
2.86081214611273, 10, 24, 0, 0, -1372.235
2.85616737163686, 9, 25, 0, 0, -1372.235
2.85516781891462, 10, 27, 0, 0, -1372.235
2.849135598445, 10, 51, 0, 0, -1372.235
2.84589827853831, 10, 77, 0, 0, -1372.235
2.84415710182668, 10, 14, 0, 0, -1372.235
2.84202884152007, 8, 207, 0, 0, -1372.235
2.84022567732095, 9, 51, 0, 0, -1372.235
2.8384816064476, 9, 47, 0, 0, -1372.235
2.83501291566683, 8, 182, 0, 0, -1372.235
2.83380365856179, 10, 58, 0, 0, -1372.235
2.83096494229595, 8, 157, 0, 0, -1372.235
2.8309454726149, 9, 98, 0, 0, -1372.235
2.8271344280883, 10, 42, 0, 0, -1372.235
2.82424005486979, 9, 81, 0, 0, -1372.235
2.82225030964949, 10, 37, 0, 0, -1372.235
2.81321372132726, 10, 55, 0, 0, -1372.235
2.81317546820074, 10, 27, 0, 0, -1372.235
2.8120085267277, 6, 325, 0, 0, -1372.235
2.81154475218346, 10, 49, 0, 0, -1372.235
2.80956821287145, 9, 127, 0, 0, -1372.235
2.80349221822902, 10, 35, 0, 0, -1372.235
2.7983838631112, 10, 43, 0, 0, -1372.235
2.79836946727341, 3, 3446, 0, 0, -1372.235
2.79753764543723, 9, 85, 0, 0, -1372.235
2.79599716503879, 10, 28, 0, 0, -1372.235
2.79158854011984, 7, 418, 0, 0, -1372.235
2.78903243996728, 10, 33, 0, 0, -1372.235
2.78590538135893, 8, 84, 0, 0, -1372.235
2.78323009470293, 9, 45, 0, 0, -1372.235
2.78211231298355, 10, 28, 0, 0, -1372.235
2.77588266390244, 7, 134, 0, 0, -1372.235
2.76668389844518, 8, 85, 0, 0, -1372.235
2.76270325307811, 9, 62, 0, 0, -1372.235
2.76158179410277, 10, 14, 0, 0, -1372.235
2.76156589620264, 7, 239, 0, 0, -1372.235
2.75857547150054, 9, 35, 0, 0, -1372.235
2.74666783489248, 5, 1083, 0, 0, -1372.235
2.74279926150466, 10, 53, 0, 0, -1372.235
2.72807890498477, 6, 681, 0, 0, -1372.235
2.72756594105988, 6, 470, 0, 0, -1372.235
2.72681336786554, 10, 38, 0, 0, -1372.235
2.72568362200007, 8, 127, 0, 0, -1372.235
2.72416415799204, 10, 17, 0, 0, -1372.235
2.72313618695573, 8, 151, 0, 0, -1372.235
2.71956169684468, 10, 37, 0, 0, -1372.235
2.71897740225283, 9, 73, 0, 0, -1372.235
2.71342710064498, 10, 10, 0, 0, -1372.235
2.71040260505129, 10, 38, 0, 0, -1372.235
2.70823909560818, 6, 340, 0, 0, -1372.235
2.70714507983525, 10, 29, 0, 0, -1372.235
2.70326365838608, 10, 48, 0, 0, -1372.235
2.70129642985718, 10, 30, 0, 0, -1372.235
2.69174083609478, 8, 178, 0, 0, -1372.235
2.68904235665059, 10, 72, 0, 0, -1372.235
2.68729291972205, 9, 30, 0, 0, -1372.235
2.6829726799079, 9, 44, 0, 0, -1372.235
2.68057856039198, 10, 25, 0, 0, -1372.235
2.6797896068599, 8, 130, 0, 0, -1372.235
2.67735479741218, 10, 12, 0, 0, -1372.235
2.67599955834422, 8, 190, 0, 0, -1372.235
2.67514104931929, 9, 54, 0, 0, -1372.235
2.67155895176091, 10, 50, 0, 0, -1372.235
2.66266773141867, 8, 89, 0, 0, -1372.235
2.65979003966699, 10, 38, 0, 0, -1372.235
2.65557443225353, 10, 35, 0, 0, -1372.235
2.6548154666207, 9, 42, 0, 0, -1372.235
2.65409269125258, 9, 35, 0, 0, -1372.235
2.65309496309987, 10, 57, 0, 0, -1372.235
2.64327445476902, 10, 19, 0, 0, -1372.235
2.64295975785573, 9, 91, 0, 0, -1372.235
2.64284610258077, 10, 22, 0, 0, -1372.235
2.63977781033373, 10, 30, 0, 0, -1372.235
2.63594028685608, 10, 22, 0, 0, -1372.235
2.63535019490073, 10, 66, 0, 0, -1372.235
2.63498390349901, 7, 309, 0, 0, -1372.235
2.6345540429023, 9, 73, 0, 0, -1372.235
2.63426383603559, 10, 36, 0, 0, -1372.235
2.63349131215176, 10, 35, 0, 0, -1372.235
2.62922211614163, 6, 437, 0, 0, -1372.235
2.62666873969035, 10, 30, 0, 0, -1372.235
2.62661888953276, 9, 72, 0, 0, -1372.235
2.62585717162959, 10, 51, 0, 0, -1372.235
2.62020545567999, 7, 176, 0, 0, -1372.235
2.61608809504168, 10, 20, 0, 0, -1372.235
2.61586246984396, 10, 37, 0, 0, -1372.235
2.61204341906306, 10, 25, 0, 0, -1372.235
2.6105451624568, 9, 79, 0, 0, -1372.235
2.60801455632181, 10, 9, 0, 0, -1372.235
2.60586448710477, 8, 137, 0, 0, -1372.235
2.60546764401952, 9, 38, 0, 0, -1372.235
2.59971780549914, 10, 46, 0, 0, -1372.235
2.59633836270666, 10, 18, 0, 0, -1372.235
2.59182543243889, 10, 27, 0, 0, -1372.235
2.59016121828353, 2, 7694, 0, 0, -1372.235
2.58906028128532, 10, 39, 0, 0, -1372.235
2.58879971265428, 4, 3609, 0, 0, -1372.235
2.5872261274684, 10, 51, 0, 0, -1372.235
2.58639208531815, 8, 173, 0, 0, -1372.235
2.58279388084546, 9, 23, 0, 0, -1372.235
2.57539943416722, 8, 91, 0, 0, -1372.235
2.5722370638557, 10, 52, 0, 0, -1372.235
2.57212523656781, 10, 35, 0, 0, -1372.235
2.57195308607735, 6, 687, 0, 0, -1372.235
2.56811769397077, 10, 33, 0, 0, -1372.235
2.56713847877349, 8, 97, 0, 0, -1372.235
2.56654649740368, 10, 18, 0, 0, -1372.235
2.56223202092299, 9, 57, 0, 0, -1372.235
2.56025687798119, 10, 8, 0, 0, -1372.235
2.55958877391585, 8, 149, 0, 0, -1372.235
2.55916193692857, 8, 162, 0, 0, -1372.235
2.55596834493396, 9, 150, 0, 0, -1372.235
2.55375231312432, 9, 76, 0, 0, -1372.235
2.5487071536259, 9, 136, 0, 0, -1372.235
2.54773875080558, 10, 33, 0, 0, -1372.235
2.54576750564653, 9, 79, 0, 0, -1372.235
2.54464357133133, 10, 16, 0, 0, -1372.235
2.53969774225283, 10, 62, 0, 0, -1372.235
2.53527712242911, 5, 1619, 0, 0, -1372.235
2.52888799455817, 9, 59, 0, 0, -1372.235
2.52115199025517, 9, 94, 0, 0, -1372.235
2.51942679364788, 6, 668, 0, 0, -1372.235
2.51693017062273, 10, 40, 0, 0, -1372.235
2.51474464661925, 9, 85, 0, 0, -1372.235
2.51094201849534, 10, 22, 0, 0, -1372.235
2.50972015600796, 9, 111, 0, 0, -1372.235
2.50789795163675, 6, 395, 0, 0, -1372.235
2.50754288297816, 9, 81, 0, 0, -1372.235
2.50194076451971, 4, 3188, 0, 0, -1372.235
2.4909282178634, 8, 128, 0, 0, -1372.235
2.48497826699707, 7, 485, 0, 0, -1372.235
2.48236945105834, 10, 25, 0, 0, -1372.235
2.47377970067658, 9, 156, 0, 0, -1372.235
2.472209797474, 10, 28, 0, 0, -1372.235
2.47068123847376, 6, 767, 0, 0, -1372.235
2.46787118020971, 8, 115, 0, 0, -1372.235
2.46768130503058, 10, 38, 0, 0, -1372.235
2.46591929793192, 10, 9, 0, 0, -1372.235
2.46559545515291, 9, 69, 0, 0, -1372.235
2.45881936093051, 10, 35, 0, 0, -1372.235
2.45717905899903, 10, 51, 0, 0, -1372.235
2.45501862998316, 9, 60, 0, 0, -1372.235
2.4432998826319, 8, 131, 0, 0, -1372.235
2.43788093225816, 10, 39, 0, 0, -1372.235
2.43488316301294, 10, 44, 0, 0, -1372.235
2.43176076652414, 10, 21, 0, 0, -1372.235
2.43080203575552, 7, 498, 0, 0, -1372.235
2.42845269772017, 9, 53, 0, 0, -1372.235
2.41294505710181, 8, 147, 0, 0, -1372.235
2.40912213789415, 9, 42, 0, 0, -1372.235
2.40738993177281, 7, 392, 0, 0, -1372.235
2.40021312121262, 10, 26, 0, 0, -1372.235
2.39984341027596, 10, 50, 0, 0, -1372.235
2.3978894068093, 10, 27, 0, 0, -1372.235
2.39356556065991, 8, 162, 0, 0, -1372.235
2.39323959420251, 10, 56, 0, 0, -1372.235
2.39147343499633, 10, 23, 0, 0, -1372.235
2.38732227094475, 8, 177, 0, 0, -1372.235
2.38195420273886, 10, 18, 0, 0, -1372.235
2.3778769378449, 6, 493, 0, 0, -1372.235
2.37609912780549, 10, 34, 0, 0, -1372.235
2.37441322051047, 8, 159, 0, 0, -1372.235
2.37354782401491, 10, 29, 0, 0, -1372.235
2.370901736497, 10, 24, 0, 0, -1372.235
2.36884468186908, 10, 55, 0, 0, -1372.235
2.36871902765921, 10, 29, 0, 0, -1372.235
2.36778138875538, 9, 98, 0, 0, -1372.235
2.36523089103173, 8, 127, 0, 0, -1372.235
2.36365551596211, 9, 123, 0, 0, -1372.235
2.36328153413929, 10, 29, 0, 0, -1372.235
2.36033740363529, 9, 41, 0, 0, -1372.235
2.35859648812619, 10, 33, 0, 0, -1372.235
2.35365029059657, 10, 42, 0, 0, -1372.235
2.35328830599928, 8, 165, 0, 0, -1372.235
2.3506106048291, 3, 4248, 0, 0, -1372.235
2.35043530454608, 9, 43, 0, 0, -1372.235
2.34904050883042, 10, 17, 0, 0, -1372.235
2.34850211819337, 9, 59, 0, 0, -1372.235
2.34633406707248, 8, 76, 0, 0, -1372.235
2.34533778106084, 9, 117, 0, 0, -1372.235
2.34388116145565, 10, 26, 0, 0, -1372.235
2.3434020674476, 10, 46, 0, 0, -1372.235
2.34167517767562, 8, 223, 0, 0, -1372.235
2.33646767725583, 10, 17, 0, 0, -1372.235
2.33095444806929, 10, 12, 0, 0, -1372.235
2.33080607914563, 8, 142, 0, 0, -1372.235
2.32703508229568, 9, 84, 0, 0, -1372.235
2.32540173552682, 7, 359, 0, 0, -1372.235
2.32516405278016, 10, 21, 0, 0, -1372.235
2.32516405278015, 10, 21, 0, 0, -1372.235
2.32418778934218, 8, 231, 0, 0, -1372.235
2.32344577292341, 10, 23, 0, 0, -1372.235
2.32149379660169, 10, 34, 0, 0, -1372.235
2.32034534217519, 9, 91, 0, 0, -1372.235
2.31740488859858, 10, 35, 0, 0, -1372.235
2.30997921328665, 9, 84, 0, 0, -1372.235
2.3079838006784, 10, 26, 0, 0, -1372.235
2.30798380067839, 10, 26, 0, 0, -1372.235
2.30466147438911, 10, 47, 0, 0, -1372.235
2.30273057682259, 10, 50, 0, 0, -1372.235
2.29754268898049, 9, 53, 0, 0, -1372.235
2.29226993872849, 7, 267, 0, 0, -1372.235
2.2882650389145, 10, 36, 0, 0, -1372.235
2.28245768098857, 8, 201, 0, 0, -1372.235
2.28194196043397, 7, 418, 0, 0, -1372.235
2.27711764485097, 10, 43, 0, 0, -1372.235
2.27355880997, 10, 29, 0, 0, -1372.235
2.25992518182833, 6, 589, 0, 0, -1372.235
2.25910440718282, 6, 242, 0, 0, -1372.235
2.25880310654161, 10, 24, 0, 0, -1372.235
2.25184732090061, 10, 35, 0, 0, -1372.235
2.25184732090059, 10, 35, 0, 0, -1372.235
2.25099083707985, 10, 32, 0, 0, -1372.235
2.24737709413339, 10, 43, 0, 0, -1372.235
2.23768060701648, 10, 31, 0, 0, -1372.235
2.23437484726588, 10, 39, 0, 0, -1372.235
2.23186096904511, 7, 415, 0, 0, -1372.235
2.22925562852228, 10, 21, 0, 0, -1372.235
2.22911492782125, 8, 192, 0, 0, -1372.235
2.22868493984346, 10, 52, 0, 0, -1372.235
2.22613597717308, 10, 43, 0, 0, -1372.235
2.22413339539263, 9, 59, 0, 0, -1372.235
2.22330352599574, 8, 160, 0, 0, -1372.235
2.21936980277861, 7, 313, 0, 0, -1372.235
2.21641244812964, 9, 76, 0, 0, -1372.235
2.21117248857046, 10, 44, 0, 0, -1372.235
2.20847812345181, 10, 34, 0, 0, -1372.235
2.20350996563883, 10, 28, 0, 0, -1372.235
2.20230148939329, 8, 152, 0, 0, -1372.235
2.20205924515638, 8, 39, 0, 0, -1372.235
2.20179755476155, 7, 316, 0, 0, -1372.235
2.19701781207887, 9, 90, 0, 0, -1372.235
2.19296723116917, 9, 45, 0, 0, -1372.235
2.19237118481088, 8, 180, 0, 0, -1372.235
2.19225704149629, 8, 119, 0, 0, -1372.235
2.19140239477561, 9, 39, 0, 0, -1372.235
2.19062410483904, 9, 72, 0, 0, -1372.235
2.18745307539147, 10, 38, 0, 0, -1372.235
2.1869835839194, 9, 53, 0, 0, -1372.235
2.18112775358715, 10, 14, 0, 0, -1372.235
2.1792540460515, 10, 32, 0, 0, -1372.235
2.17838597951364, 8, 152, 0, 0, -1372.235
2.17783652868111, 7, 445, 0, 0, -1372.235
2.17736427728273, 8, 130, 0, 0, -1372.235
2.1771436579422, 9, 75, 0, 0, -1372.235
2.17702242761911, 8, 120, 0, 0, -1372.235
2.17381551659778, 9, 136, 0, 0, -1372.235
2.17261790660334, 8, 134, 0, 0, -1372.235
2.16971329987939, 7, 447, 0, 0, -1372.235
2.16319653335112, 9, 61, 0, 0, -1372.235
2.16187866945419, 8, 35, 0, 0, -1372.235
2.15995676358909, 8, 114, 0, 0, -1372.235
2.15908771396437, 9, 54, 0, 0, -1372.235
2.15838360427215, 10, 37, 0, 0, -1372.235
2.14757552698776, 10, 38, 0, 0, -1372.235
2.13755612873838, 7, 325, 0, 0, -1372.235
2.13712967326653, 10, 31, 0, 0, -1372.235
2.13684514874002, 10, 28, 0, 0, -1372.235
2.13526207319186, 9, 82, 0, 0, -1372.235
2.13442769146137, 10, 35, 0, 0, -1372.235
2.13420976316818, 9, 82, 0, 0, -1372.235
2.13135319389536, 9, 56, 0, 0, -1372.235
2.13076224495035, 10, 46, 0, 0, -1372.235
2.1280897198621, 10, 40, 0, 0, -1372.235
2.12698301486351, 10, 40, 0, 0, -1372.235
2.12534463924949, 10, 77, 0, 0, -1372.235
2.12466152629229, 9, 72, 0, 0, -1372.235
2.12072566643385, 8, 105, 0, 0, -1372.235
2.1185127952087, 8, 126, 0, 0, -1372.235
2.11743844851304, 8, 94, 0, 0, -1372.235
2.1153798813929, 10, 63, 0, 0, -1372.235
2.11374241617331, 10, 28, 0, 0, -1372.235
2.11171806978909, 8, 36, 0, 0, -1372.235
2.10579422388235, 8, 146, 0, 0, -1372.235
2.09903992522509, 10, 33, 0, 0, -1372.235
2.09778647437458, 10, 26, 0, 0, -1372.235
2.0944949264065, 9, 86, 0, 0, -1372.235
2.08653850586089, 6, 883, 0, 0, -1372.235
2.08584945405593, 7, 239, 0, 0, -1372.235
2.0826574837776, 9, 111, 0, 0, -1372.235
2.08140175146796, 7, 232, 0, 0, -1372.235
2.08028231037262, 9, 63, 0, 0, -1372.235
2.07860440237698, 7, 240, 0, 0, -1372.235
2.07826792510287, 9, 58, 0, 0, -1372.235
2.07695233014205, 10, 51, 0, 0, -1372.235
2.07462655629328, 10, 39, 0, 0, -1372.235
2.07271991405207, 10, 32, 0, 0, -1372.235
2.07210804298151, 9, 65, 0, 0, -1372.235
2.06650322526918, 10, 23, 0, 0, -1372.235
2.06614606761366, 10, 51, 0, 0, -1372.235
2.06454695787589, 10, 51, 0, 0, -1372.235
2.06018214846019, 10, 11, 0, 0, -1372.235
2.05821511125343, 10, 37, 0, 0, -1372.235
2.05430995298881, 10, 17, 0, 0, -1372.235
2.05390090736231, 10, 36, 0, 0, -1372.235
2.04927340353602, 9, 50, 0, 0, -1372.235
2.04223762260465, 10, 42, 0, 0, -1372.235
2.03783983262777, 10, 37, 0, 0, -1372.235
2.0345216203264, 9, 88, 0, 0, -1372.235
2.03242442223541, 10, 38, 0, 0, -1372.235
2.03171114424779, 7, 209, 0, 0, -1372.235
2.02377193916317, 10, 86, 0, 0, -1372.235
2.02362704528562, 6, 239, 0, 0, -1372.235
2.01802653619621, 9, 102, 0, 0, -1372.235
2.00813458950431, 9, 41, 0, 0, -1372.235
2.00628001355521, 7, 413, 0, 0, -1372.235
2.00453258225715, 10, 38, 0, 0, -1372.235
2.00056330657545, 9, 50, 0, 0, -1372.235
2.00015020870304, 7, 343, 0, 0, -1372.235
1.9985987533987, 10, 35, 0, 0, -1372.235
1.9948498183244, 8, 113, 0, 0, -1372.235
1.99084472758078, 9, 59, 0, 0, -1372.235
1.98975080863062, 10, 27, 0, 0, -1372.235
1.98596198617572, 10, 53, 0, 0, -1372.235
1.9831448406399, 9, 104, 0, 0, -1372.235
1.97847261124224, 9, 91, 0, 0, -1372.235
1.97716414164587, 10, 45, 0, 0, -1372.235
1.97641891422952, 10, 28, 0, 0, -1372.235
1.97498341099721, 9, 126, 0, 0, -1372.235
1.97299449608908, 5, 849, 0, 0, -1372.235
1.96219842763069, 8, 95, 0, 0, -1372.235
1.95862182025878, 10, 46, 0, 0, -1372.235
1.95450029539706, 10, 19, 0, 0, -1372.235
1.95172971209073, 9, 80, 0, 0, -1372.235
1.95043254492585, 10, 20, 0, 0, -1372.235
1.9470168112457, 10, 15, 0, 0, -1372.235
1.94469855280292, 9, 55, 0, 0, -1372.235
1.93983929692148, 7, 206, 0, 0, -1372.235
1.93534163095213, 10, 16, 0, 0, -1372.235
1.93035329189391, 10, 28, 0, 0, -1372.235
1.92925401554661, 10, 29, 0, 0, -1372.235
1.92822297500208, 6, 531, 0, 0, -1372.235
1.92617137686013, 9, 22, 0, 0, -1372.235
1.92357400000605, 10, 35, 0, 0, -1372.235
1.92225379433253, 9, 49, 0, 0, -1372.235
1.92192497750434, 8, 151, 0, 0, -1372.235
1.91938382826516, 10, 34, 0, 0, -1372.235
1.91673634618874, 8, 77, 0, 0, -1372.235
1.90969148172858, 10, 18, 0, 0, -1372.235
1.90907786273665, 6, 548, 0, 0, -1372.235
1.90722626662634, 8, 187, 0, 0, -1372.235
1.8986829048434, 10, 36, 0, 0, -1372.235
1.89623679240532, 10, 39, 0, 0, -1372.235
1.88693421087248, 10, 69, 0, 0, -1372.235
1.88406390302336, 10, 37, 0, 0, -1372.235
1.88399557693827, 9, 33, 0, 0, -1372.235
1.88152994718686, 10, 54, 0, 0, -1372.235
1.880451945583, 10, 67, 0, 0, -1372.235
1.87795964166742, 9, 80, 0, 0, -1372.235
1.87676726675145, 10, 78, 0, 0, -1372.235
1.87676726675143, 10, 78, 0, 0, -1372.235
1.87366572836863, 10, 57, 0, 0, -1372.235
1.87026314153048, 9, 90, 0, 0, -1372.235
1.86667125528255, 8, 100, 0, 0, -1372.235
1.86527574206759, 10, 23, 0, 0, -1372.235
1.86100715721635, 7, 374, 0, 0, -1372.235
1.85822647207198, 9, 60, 0, 0, -1372.235
1.85749973629458, 9, 53, 0, 0, -1372.235
1.85664874611825, 10, 40, 0, 0, -1372.235
1.85514195027147, 10, 49, 0, 0, -1372.235
1.85435383824278, 9, 30, 0, 0, -1372.235
1.85376429035193, 8, 199, 0, 0, -1372.235
1.84917489984427, 9, 54, 0, 0, -1372.235
1.84859438057991, 10, 42, 0, 0, -1372.235
1.84435463467474, 8, 152, 0, 0, -1372.235
1.84268012050348, 9, 13, 0, 0, -1372.235
1.84259547048092, 8, 136, 0, 0, -1372.235
1.8351275026005, 9, 44, 0, 0, -1372.235
1.8322502572904, 9, 86, 0, 0, -1372.235
1.83133128994316, 9, 69, 0, 0, -1372.235
1.83002421483373, 9, 72, 0, 0, -1372.235
1.82871695638154, 5, 930, 0, 0, -1372.235
1.82733677265524, 10, 62, 0, 0, -1372.235
1.81705098790791, 10, 40, 0, 0, -1372.235
1.81658373095541, 10, 54, 0, 0, -1372.235
1.81556997552513, 10, 40, 0, 0, -1372.235
1.81308650436035, 9, 135, 0, 0, -1372.235
1.80940751239377, 10, 38, 0, 0, -1372.235
1.80170030557908, 10, 36, 0, 0, -1372.235
1.80103883546766, 9, 55, 0, 0, -1372.235
1.79927656185755, 9, 77, 0, 0, -1372.235
1.79655836268628, 9, 86, 0, 0, -1372.235
1.79244868103697, 10, 13, 0, 0, -1372.235
1.79091420283501, 10, 60, 0, 0, -1372.235
1.78649061895596, 10, 30, 0, 0, -1372.235
1.78315774277982, 9, 44, 0, 0, -1372.235
1.78231235600333, 10, 27, 0, 0, -1372.235
1.7806340931728, 9, 61, 0, 0, -1372.235
1.77917801281104, 8, 43, 0, 0, -1372.235
1.77886161828034, 10, 48, 0, 0, -1372.235
1.7782869635492, 9, 59, 0, 0, -1372.235
1.77456940683263, 10, 38, 0, 0, -1372.235
1.77378154756155, 10, 27, 0, 0, -1372.235
1.77180503574568, 10, 13, 0, 0, -1372.235
1.76697981993958, 10, 50, 0, 0, -1372.235
1.7666153805203, 8, 205, 0, 0, -1372.235
1.76623867692814, 4, 2893, 0, 0, -1372.235
1.76614359671823, 6, 590, 0, 0, -1372.235
1.76260118940067, 9, 101, 0, 0, -1372.235
1.76241958714253, 9, 120, 0, 0, -1372.235
1.76235555218295, 10, 56, 0, 0, -1372.235
1.76018173599206, 9, 69, 0, 0, -1372.235
1.75893102756098, 7, 96, 0, 0, -1372.235
1.75888465371828, 10, 23, 0, 0, -1372.235
1.75724928319714, 10, 10, 0, 0, -1372.235
1.75436377063343, 9, 58, 0, 0, -1372.235
1.75116568938925, 10, 29, 0, 0, -1372.235
1.74874879961506, 9, 101, 0, 0, -1372.235
1.74743338740043, 10, 44, 0, 0, -1372.235
1.74683955896116, 10, 56, 0, 0, -1372.235
1.74185119884619, 2, 12386, 0, 0, -1372.235
1.73751010733978, 10, 9, 0, 0, -1372.235
1.73704167989586, 10, 27, 0, 0, -1372.235
1.73659419388415, 10, 32, 0, 0, -1372.235
1.73267363431662, 7, 253, 0, 0, -1372.235
1.73094245766305, 9, 49, 0, 0, -1372.235
1.73044704022629, 9, 77, 0, 0, -1372.235
1.72972942676023, 10, 22, 0, 0, -1372.235
1.72956541312759, 9, 61, 0, 0, -1372.235
1.72778053235211, 8, 156, 0, 0, -1372.235
1.72768555865685, 6, 371, 0, 0, -1372.235
1.72692803563984, 9, 51, 0, 0, -1372.235
1.72299550698247, 9, 51, 0, 0, -1372.235
1.72126337461327, 10, 57, 0, 0, -1372.235
1.71982439263776, 9, 56, 0, 0, -1372.235
1.71634558966891, 9, 66, 0, 0, -1372.235
1.70637411393712, 10, 14, 0, 0, -1372.235
1.70529249748334, 10, 35, 0, 0, -1372.235
1.70249503396545, 10, 47, 0, 0, -1372.235
1.69758907981866, 9, 72, 0, 0, -1372.235
1.69664826750404, 10, 35, 0, 0, -1372.235
1.69512277360535, 10, 65, 0, 0, -1372.235
1.6933632968144, 10, 51, 0, 0, -1372.235
1.69214117030702, 8, 165, 0, 0, -1372.235
1.68842416487338, 9, 106, 0, 0, -1372.235
1.68801008594153, 10, 65, 0, 0, -1372.235
1.68518796946819, 10, 28, 0, 0, -1372.235
1.68418650259003, 10, 40, 0, 0, -1372.235
1.68346691118637, 10, 32, 0, 0, -1372.235
1.68150058399983, 10, 27, 0, 0, -1372.235
1.68139297844814, 8, 82, 0, 0, -1372.235
1.68086976635007, 10, 40, 0, 0, -1372.235
1.68054832560451, 10, 24, 0, 0, -1372.235
1.67371806472078, 9, 14, 0, 0, -1372.235
1.67123788188952, 10, 29, 0, 0, -1372.235
1.66569454016604, 10, 14, 0, 0, -1372.235
1.65879121097348, 10, 44, 0, 0, -1372.235
1.65550382631398, 9, 93, 0, 0, -1372.235
1.65471096111365, 10, 63, 0, 0, -1372.235
1.64787038111295, 8, 174, 0, 0, -1372.235
1.64445308119465, 8, 213, 0, 0, -1372.235
1.64391061604413, 9, 123, 0, 0, -1372.235
1.64096952814831, 4, 3160, 0, 0, -1372.235
1.63896001635137, 8, 219, 0, 0, -1372.235
1.6325689355843, 10, 68, 0, 0, -1372.235
1.63157914711598, 10, 31, 0, 0, -1372.235
1.62268788696333, 9, 51, 0, 0, -1372.235
1.61946881979237, 10, 25, 0, 0, -1372.235
1.61735560245906, 10, 25, 0, 0, -1372.235
1.61324597101219, 10, 32, 0, 0, -1372.235
1.60996978294307, 10, 34, 0, 0, -1372.235
1.60843411053241, 9, 114, 0, 0, -1372.235
1.60517788399405, 9, 113, 0, 0, -1372.235
1.60505785462179, 9, 86, 0, 0, -1372.235
1.59846855135342, 10, 46, 0, 0, -1372.235
1.59752547740697, 10, 49, 0, 0, -1372.235
1.59542501888522, 9, 41, 0, 0, -1372.235
1.59232736856628, 5, 1500, 0, 0, -1372.235
1.5922915902921, 5, 1013, 0, 0, -1372.235
1.59009542275198, 6, 758, 0, 0, -1372.235
1.58855225006364, 10, 49, 0, 0, -1372.235
1.58769781425185, 9, 70, 0, 0, -1372.235
1.58672890293369, 10, 21, 0, 0, -1372.235
1.58501286310924, 7, 548, 0, 0, -1372.235
1.58392052599141, 9, 107, 0, 0, -1372.235
1.58114161248453, 8, 259, 0, 0, -1372.235
1.57914033176608, 10, 35, 0, 0, -1372.235
1.57444184531261, 6, 323, 0, 0, -1372.235
1.57154487086087, 10, 35, 0, 0, -1372.235
1.57135984147073, 10, 54, 0, 0, -1372.235
1.57128715921635, 9, 101, 0, 0, -1372.235
1.57112865172992, 10, 35, 0, 0, -1372.235
1.56980725784033, 9, 130, 0, 0, -1372.235
1.56790406926426, 10, 25, 0, 0, -1372.235
1.56772388665182, 9, 84, 0, 0, -1372.235
1.5674019149677, 9, 38, 0, 0, -1372.235
1.5653485952081, 10, 26, 0, 0, -1372.235
1.56327480373126, 10, 12, 0, 0, -1372.235
1.55617863718164, 10, 30, 0, 0, -1372.235
1.55253057344833, 10, 44, 0, 0, -1372.235
1.55248425029846, 8, 231, 0, 0, -1372.235
1.55025933804462, 9, 101, 0, 0, -1372.235
1.54917584568971, 10, 19, 0, 0, -1372.235
1.54602375175733, 10, 33, 0, 0, -1372.235
1.54517779207752, 10, 25, 0, 0, -1372.235
1.54308977402393, 10, 46, 0, 0, -1372.235
1.54137124258487, 8, 233, 0, 0, -1372.235
1.54099212772202, 9, 42, 0, 0, -1372.235
1.53544738550399, 10, 69, 0, 0, -1372.235
1.53444210058649, 5, 1059, 0, 0, -1372.235
1.52634182454939, 9, 57, 0, 0, -1372.235
1.52480440641284, 10, 62, 0, 0, -1372.235
1.52211087865236, 9, 77, 0, 0, -1372.235
1.51812158696626, 9, 45, 0, 0, -1372.235
1.51798938919496, 9, 69, 0, 0, -1372.235
1.51757817350492, 10, 23, 0, 0, -1372.235
1.51684536645878, 8, 61, 0, 0, -1372.235
1.51274442318611, 10, 14, 0, 0, -1372.235
1.51174300121997, 10, 16, 0, 0, -1372.235
1.50785184402108, 10, 33, 0, 0, -1372.235
1.5051483521806, 9, 66, 0, 0, -1372.235
1.50466808360324, 9, 42, 0, 0, -1372.235
1.50437990375327, 9, 58, 0, 0, -1372.235
1.50383821126201, 9, 55, 0, 0, -1372.235
1.50051691366949, 8, 94, 0, 0, -1372.235
1.50051547174665, 10, 27, 0, 0, -1372.235
1.49831664136514, 9, 69, 0, 0, -1372.235
1.49777622498787, 8, 244, 0, 0, -1372.235
1.4974615540321, 9, 16, 0, 0, -1372.235
1.49538593474522, 10, 54, 0, 0, -1372.235
1.49488392298544, 10, 38, 0, 0, -1372.235
1.4923903058382, 9, 81, 0, 0, -1372.235
1.49163121522568, 10, 37, 0, 0, -1372.235
1.48724270548138, 10, 42, 0, 0, -1372.235
1.48688269488229, 10, 67, 0, 0, -1372.235
1.48543903105699, 8, 151, 0, 0, -1372.235
1.48449164712163, 9, 106, 0, 0, -1372.235
1.48125972738072, 9, 75, 0, 0, -1372.235
1.47972790281956, 9, 126, 0, 0, -1372.235
1.47783958234745, 10, 35, 0, 0, -1372.235
1.47778709052365, 8, 66, 0, 0, -1372.235
1.47710491256463, 10, 43, 0, 0, -1372.235
1.47710491256462, 10, 43, 0, 0, -1372.235
1.47296552917819, 10, 41, 0, 0, -1372.235
1.4716898768679, 6, 417, 0, 0, -1372.235
1.47168478641607, 10, 29, 0, 0, -1372.235
1.47167338592328, 9, 125, 0, 0, -1372.235
1.47116784423028, 8, 81, 0, 0, -1372.235
1.46863863410178, 10, 68, 0, 0, -1372.235
1.4683732024229, 10, 34, 0, 0, -1372.235
1.46787429020836, 10, 65, 0, 0, -1372.235
1.46765276373426, 9, 54, 0, 0, -1372.235
1.46465291067185, 9, 94, 0, 0, -1372.235
1.46369868045482, 10, 18, 0, 0, -1372.235
1.46336164837791, 5, 1660, 0, 0, -1372.235
1.46247144516247, 10, 24, 0, 0, -1372.235
1.46240245098297, 10, 13, 0, 0, -1372.235
1.46236188158312, 9, 83, 0, 0, -1372.235
1.46064594089128, 10, 48, 0, 0, -1372.235
1.45727573339054, 10, 17, 0, 0, -1372.235
1.45714563835396, 10, 36, 0, 0, -1372.235
1.4527844470827, 9, 31, 0, 0, -1372.235
1.44625693724639, 8, 137, 0, 0, -1372.235
1.4420870927004, 10, 36, 0, 0, -1372.235
1.44208709270039, 10, 36, 0, 0, -1372.235
1.44147701163433, 8, 68, 0, 0, -1372.235
1.44041582850806, 9, 92, 0, 0, -1372.235
1.44018213150171, 10, 36, 0, 0, -1372.235
1.43927707434912, 10, 60, 0, 0, -1372.235
1.4381315792219, 9, 79, 0, 0, -1372.235
1.43021836356065, 10, 47, 0, 0, -1372.235
1.42964980044584, 10, 40, 0, 0, -1372.235
1.4281332376061, 10, 45, 0, 0, -1372.235
1.42475961322647, 10, 42, 0, 0, -1372.235
1.42212946739589, 9, 155, 0, 0, -1372.235
1.41899961359638, 10, 15, 0, 0, -1372.235
1.41877292396457, 9, 112, 0, 0, -1372.235
1.41628491620636, 9, 71, 0, 0, -1372.235
1.41591184915211, 10, 27, 0, 0, -1372.235
1.41412212513416, 9, 49, 0, 0, -1372.235
1.41288414265484, 10, 46, 0, 0, -1372.235
1.41005020739167, 9, 76, 0, 0, -1372.235
1.40952969162584, 9, 90, 0, 0, -1372.235
1.4068921572887, 9, 59, 0, 0, -1372.235
1.40329853574382, 8, 154, 0, 0, -1372.235
1.40262944941719, 9, 96, 0, 0, -1372.235
1.39774128337297, 9, 75, 0, 0, -1372.235
1.38878569241241, 10, 44, 0, 0, -1372.235
1.38742055569353, 8, 66, 0, 0, -1372.235
1.38477536413883, 10, 33, 0, 0, -1372.235
1.38280663680624, 9, 58, 0, 0, -1372.235
1.37924757772994, 10, 32, 0, 0, -1372.235
1.37832170934456, 10, 49, 0, 0, -1372.235
1.37551404285366, 10, 51, 0, 0, -1372.235
1.37483597750381, 10, 66, 0, 0, -1372.235
1.3732723056469, 10, 60, 0, 0, -1372.235
1.37158306554222, 10, 34, 0, 0, -1372.235
1.37121735558414, 9, 86, 0, 0, -1372.235
1.37116672696516, 10, 35, 0, 0, -1372.235
1.3705833159967, 10, 44, 0, 0, -1372.235
1.36653082444698, 9, 69, 0, 0, -1372.235
1.36486262124761, 10, 32, 0, 0, -1372.235
1.35600318046545, 10, 49, 0, 0, -1372.235
1.35122613118251, 6, 462, 0, 0, -1372.235
1.34891635903225, 9, 107, 0, 0, -1372.235
1.34665606312918, 10, 18, 0, 0, -1372.235
1.34636543574514, 9, 82, 0, 0, -1372.235
1.34283029041211, 9, 120, 0, 0, -1372.235
1.33696640728876, 8, 69, 0, 0, -1372.235
1.33174027355666, 10, 53, 0, 0, -1372.235
1.33174027355666, 10, 53, 0, 0, -1372.235
1.32966302532109, 9, 132, 0, 0, -1372.235
1.328411073111, 8, 77, 0, 0, -1372.235
1.32742953334778, 6, 509, 0, 0, -1372.235
1.32737638193592, 10, 30, 0, 0, -1372.235
1.32717843052053, 10, 58, 0, 0, -1372.235
1.32671836641066, 7, 282, 0, 0, -1372.235
1.32098072781593, 9, 55, 0, 0, -1372.235
1.31869249030981, 10, 36, 0, 0, -1372.235
1.31637002266669, 9, 62, 0, 0, -1372.235
1.31304382933609, 9, 35, 0, 0, -1372.235
1.30934894298081, 10, 57, 0, 0, -1372.235
1.3082103260908, 10, 11, 0, 0, -1372.235
1.3082103260908, 10, 11, 0, 0, -1372.235
1.3049380027454, 10, 48, 0, 0, -1372.235
1.30400970551098, 10, 48, 0, 0, -1372.235
1.3007001348454, 9, 79, 0, 0, -1372.235
1.29754324806512, 10, 31, 0, 0, -1372.235
1.29589181918269, 9, 59, 0, 0, -1372.235
1.29514666617535, 8, 178, 0, 0, -1372.235
1.29313927875467, 9, 102, 0, 0, -1372.235
1.29225916703687, 10, 41, 0, 0, -1372.235
1.29012662791763, 9, 48, 0, 0, -1372.235
1.28973084217213, 9, 84, 0, 0, -1372.235
1.28812865753639, 10, 28, 0, 0, -1372.235
1.28657933725863, 9, 65, 0, 0, -1372.235
1.28409598571355, 10, 36, 0, 0, -1372.235
1.28256898123429, 9, 100, 0, 0, -1372.235
1.28150789362692, 6, 982, 0, 0, -1372.235
1.27977454096045, 9, 64, 0, 0, -1372.235
1.27846139041565, 10, 20, 0, 0, -1372.235
1.27808529263597, 10, 45, 0, 0, -1372.235
1.27674967511318, 6, 497, 0, 0, -1372.235
1.27577578488793, 9, 67, 0, 0, -1372.235
1.27559293405086, 9, 47, 0, 0, -1372.235
1.27520244125764, 8, 164, 0, 0, -1372.235
1.27495829169797, 10, 86, 0, 0, -1372.235
1.27401606572488, 10, 33, 0, 0, -1372.235
1.2724717059359, 10, 46, 0, 0, -1372.235
1.27025716842702, 8, 115, 0, 0, -1372.235
1.2699251538798, 10, 34, 0, 0, -1372.235
1.26569487784093, 9, 112, 0, 0, -1372.235
1.26376108521038, 7, 412, 0, 0, -1372.235
1.261120923293, 10, 46, 0, 0, -1372.235
1.2611202869577, 9, 116, 0, 0, -1372.235
1.26059363995553, 10, 47, 0, 0, -1372.235
1.25488926958052, 10, 46, 0, 0, -1372.235
1.25435602473375, 9, 134, 0, 0, -1372.235
1.25403681787869, 8, 123, 0, 0, -1372.235
1.24684717026112, 8, 129, 0, 0, -1372.235
1.24552326184616, 10, 5, 0, 0, -1372.235
1.24478383446416, 9, 22, 0, 0, -1372.235
1.24405966979761, 10, 33, 0, 0, -1372.235
1.240479720503, 10, 50, 0, 0, -1372.235
1.2402639608564, 7, 146, 0, 0, -1372.235
1.23825811746917, 10, 34, 0, 0, -1372.235
1.23745095529974, 6, 516, 0, 0, -1372.235
1.2356063545431, 7, 238, 0, 0, -1372.235
1.23479987285778, 9, 69, 0, 0, -1372.235
1.23360213144804, 10, 39, 0, 0, -1372.235
1.23043715608147, 10, 48, 0, 0, -1372.235
1.22910530346513, 8, 126, 0, 0, -1372.235
1.2289881754341, 10, 32, 0, 0, -1372.235
1.22677140259035, 10, 40, 0, 0, -1372.235
1.22044921450365, 9, 117, 0, 0, -1372.235
1.21537196394687, 10, 32, 0, 0, -1372.235
1.21430854475787, 10, 30, 0, 0, -1372.235
1.21251507465591, 10, 29, 0, 0, -1372.235
1.21185609641887, 9, 86, 0, 0, -1372.235
1.20874816511384, 10, 39, 0, 0, -1372.235
1.20721079149031, 9, 28, 0, 0, -1372.235
1.20513816488255, 9, 57, 0, 0, -1372.235
1.20151081808248, 10, 53, 0, 0, -1372.235
1.20102559261002, 8, 123, 0, 0, -1372.235
1.19616750216032, 10, 78, 0, 0, -1372.235
1.19455263369275, 8, 104, 0, 0, -1372.235
1.19098098143272, 9, 95, 0, 0, -1372.235
1.18779791481548, 9, 58, 0, 0, -1372.235
1.18650121198163, 9, 80, 0, 0, -1372.235
1.18579904241972, 8, 159, 0, 0, -1372.235
1.18490746947237, 10, 36, 0, 0, -1372.235
1.18333366989999, 10, 59, 0, 0, -1372.235
1.18163474152509, 10, 28, 0, 0, -1372.235
1.18146435231557, 9, 72, 0, 0, -1372.235
1.17806699640289, 10, 64, 0, 0, -1372.235
1.1777888214656, 10, 27, 0, 0, -1372.235
1.17708708375749, 10, 60, 0, 0, -1372.235
1.174879884323, 10, 38, 0, 0, -1372.235
1.17433484068239, 9, 94, 0, 0, -1372.235
1.17344570615546, 8, 137, 0, 0, -1372.235
1.17078252777996, 9, 95, 0, 0, -1372.235
1.16849451929149, 9, 96, 0, 0, -1372.235
1.16605032621755, 10, 20, 0, 0, -1372.235
1.15744819035213, 9, 52, 0, 0, -1372.235
1.15390206152068, 10, 51, 0, 0, -1372.235
1.14975527841453, 8, 165, 0, 0, -1372.235
1.14841060939118, 10, 33, 0, 0, -1372.235
1.14249339450166, 10, 58, 0, 0, -1372.235
1.14215297110571, 10, 29, 0, 0, -1372.235
1.13863746951414, 10, 52, 0, 0, -1372.235
1.1358377546363, 10, 48, 0, 0, -1372.235
1.13544692367452, 10, 11, 0, 0, -1372.235
1.13539259245223, 10, 61, 0, 0, -1372.235
1.13277234431817, 10, 23, 0, 0, -1372.235
1.13080536473623, 9, 44, 0, 0, -1372.235
1.13039068183095, 7, 471, 0, 0, -1372.235
1.1269584343142, 7, 343, 0, 0, -1372.235
1.12161260170026, 9, 54, 0, 0, -1372.235
1.12001639470688, 10, 60, 0, 0, -1372.235
1.11825272088848, 10, 34, 0, 0, -1372.235
1.1174260360496, 10, 57, 0, 0, -1372.235
1.1165204022101, 10, 20, 0, 0, -1372.235
1.11529446307585, 10, 31, 0, 0, -1372.235
1.11507167389918, 8, 115, 0, 0, -1372.235
1.11497637630175, 10, 15, 0, 0, -1372.235
1.11474940443167, 9, 86, 0, 0, -1372.235
1.11388462309711, 9, 112, 0, 0, -1372.235
1.11342961246296, 9, 39, 0, 0, -1372.235
1.11216432312208, 10, 57, 0, 0, -1372.235
1.11082975272932, 9, 63, 0, 0, -1372.235
1.10969995037172, 10, 29, 0, 0, -1372.235
1.10960746087601, 8, 151, 0, 0, -1372.235
1.10834652117025, 10, 72, 0, 0, -1372.235
1.10429491113454, 9, 52, 0, 0, -1372.235
1.1040753773331, 10, 35, 0, 0, -1372.235
1.10008925040029, 3, 6053, 0, 0, -1372.235
1.09855818563605, 10, 45, 0, 0, -1372.235
1.09505749781518, 10, 38, 0, 0, -1372.235
1.09227419855934, 10, 33, 0, 0, -1372.235
1.09149847957633, 10, 39, 0, 0, -1372.235
1.09128290929494, 9, 52, 0, 0, -1372.235
1.09115784978797, 9, 114, 0, 0, -1372.235
1.09105907243439, 10, 50, 0, 0, -1372.235
1.08956002959268, 8, 269, 0, 0, -1372.235
1.08914624723857, 10, 65, 0, 0, -1372.235
1.08781307184814, 10, 27, 0, 0, -1372.235
1.0855677531381, 7, 278, 0, 0, -1372.235
1.08507355981217, 9, 91, 0, 0, -1372.235
1.08482970476247, 9, 74, 0, 0, -1372.235
1.08073019237984, 10, 62, 0, 0, -1372.235
1.08043662028704, 9, 26, 0, 0, -1372.235
1.07686134655714, 10, 65, 0, 0, -1372.235
1.0763168614027, 9, 115, 0, 0, -1372.235
1.07557448930306, 10, 41, 0, 0, -1372.235
1.0752416136458, 9, 50, 0, 0, -1372.235
1.07320195496622, 10, 51, 0, 0, -1372.235
1.06871108693381, 10, 40, 0, 0, -1372.235
1.06808724450009, 10, 36, 0, 0, -1372.235
1.06738794367502, 10, 61, 0, 0, -1372.235
1.06396513708371, 10, 24, 0, 0, -1372.235
1.06152266812451, 10, 25, 0, 0, -1372.235
1.06097071697257, 9, 45, 0, 0, -1372.235
1.05959787080768, 10, 24, 0, 0, -1372.235
1.05940554695327, 3, 6333, 0, 0, -1372.235
1.0589073077914, 10, 53, 0, 0, -1372.235
1.05875223184716, 10, 30, 0, 0, -1372.235
1.05837390622804, 10, 38, 0, 0, -1372.235
1.05733220486842, 10, 56, 0, 0, -1372.235
1.05691783565209, 8, 279, 0, 0, -1372.235
1.05659462278425, 10, 16, 0, 0, -1372.235
1.05339553683915, 10, 46, 0, 0, -1372.235
1.05302192642918, 10, 62, 0, 0, -1372.235
1.05279728600985, 10, 17, 0, 0, -1372.235
1.05144029722428, 9, 44, 0, 0, -1372.235
1.04958171909597, 10, 13, 0, 0, -1372.235
1.04949183462584, 9, 77, 0, 0, -1372.235
1.04806444646696, 10, 28, 0, 0, -1372.235
1.0473545752606, 10, 51, 0, 0, -1372.235
1.0469853758929, 9, 27, 0, 0, -1372.235
1.04372579119098, 10, 25, 0, 0, -1372.235
1.04349515873582, 5, 972, 0, 0, -1372.235
1.04222450055719, 10, 25, 0, 0, -1372.235
1.04216773709108, 10, 37, 0, 0, -1372.235
1.04172425123652, 10, 15, 0, 0, -1372.235
1.03761099394869, 9, 55, 0, 0, -1372.235
1.0344498014921, 9, 71, 0, 0, -1372.235
1.03406294391012, 8, 104, 0, 0, -1372.235
1.03221202665206, 10, 75, 0, 0, -1372.235
1.03109058328278, 8, 160, 0, 0, -1372.235
1.02837828808728, 10, 39, 0, 0, -1372.235
1.02790642733754, 8, 50, 0, 0, -1372.235
1.02731467962102, 10, 45, 0, 0, -1372.235
1.02490236650372, 10, 24, 0, 0, -1372.235
1.02427233244419, 10, 38, 0, 0, -1372.235
1.02271665772058, 10, 17, 0, 0, -1372.235
1.02243160561674, 8, 71, 0, 0, -1372.235
1.02137529994236, 10, 65, 0, 0, -1372.235
1.01915499323863, 6, 629, 0, 0, -1372.235
1.01818691617312, 10, 41, 0, 0, -1372.235
1.01764880491189, 7, 273, 0, 0, -1372.235
1.01710819932817, 7, 185, 0, 0, -1372.235
1.01595913645977, 9, 31, 0, 0, -1372.235
1.01408757523135, 10, 40, 0, 0, -1372.235
1.01254921703198, 7, 186, 0, 0, -1372.235
0.9993784109916, 7, 279, 0, 0, -1372.235
0.997452506853722, 8, 177, 0, 0, -1372.235
0.996118207700461, 10, 49, 0, 0, -1372.235
0.993755049958885, 10, 29, 0, 0, -1372.235
0.990059817732622, 9, 91, 0, 0, -1372.235
0.988585679865481, 10, 41, 0, 0, -1372.235
0.987812724951456, 8, 133, 0, 0, -1372.235
0.984494557793715, 10, 34, 0, 0, -1372.235
0.982992371262965, 8, 110, 0, 0, -1372.235
0.982424302498337, 10, 25, 0, 0, -1372.235
0.979186372261717, 8, 53, 0, 0, -1372.235
0.977977321364235, 10, 44, 0, 0, -1372.235
0.97678392503079, 8, 75, 0, 0, -1372.235
0.976485731671505, 10, 35, 0, 0, -1372.235
0.972025240081927, 7, 181, 0, 0, -1372.235
0.970307316572791, 10, 43, 0, 0, -1372.235
0.969518272282329, 10, 31, 0, 0, -1372.235
0.968377062128122, 10, 59, 0, 0, -1372.235
0.967029162825072, 10, 82, 0, 0, -1372.235
0.966747359810447, 9, 61, 0, 0, -1372.235
0.966073052068172, 10, 30, 0, 0, -1372.235
0.964944422933289, 9, 90, 0, 0, -1372.235
0.964621798821343, 10, 68, 0, 0, -1372.235
0.962834410968284, 10, 31, 0, 0, -1372.235
0.96024292882462, 10, 46, 0, 0, -1372.235
0.956763049008306, 8, 214, 0, 0, -1372.235
0.955200038089543, 9, 157, 0, 0, -1372.235
0.954665504050934, 9, 49, 0, 0, -1372.235
0.953516653659406, 10, 21, 0, 0, -1372.235
0.950545430581832, 10, 24, 0, 0, -1372.235
0.950455484444077, 9, 123, 0, 0, -1372.235
0.949791311092007, 10, 37, 0, 0, -1372.235
0.94798331922481, 9, 61, 0, 0, -1372.235
0.946555416710341, 8, 170, 0, 0, -1372.235
0.946211826420988, 7, 230, 0, 0, -1372.235
0.941945698331479, 9, 136, 0, 0, -1372.235
0.939771687832726, 9, 77, 0, 0, -1372.235
0.935969732355149, 9, 38, 0, 0, -1372.235
0.935630747169978, 10, 26, 0, 0, -1372.235
0.931831478072776, 9, 74, 0, 0, -1372.235
0.929109555303024, 7, 249, 0, 0, -1372.235
0.926143062398326, 9, 53, 0, 0, -1372.235
0.924929010648877, 9, 56, 0, 0, -1372.235
0.922931425940735, 7, 100, 0, 0, -1372.235
0.920602985990641, 10, 17, 0, 0, -1372.235
0.919072175204708, 9, 85, 0, 0, -1372.235
0.915255662137111, 8, 177, 0, 0, -1372.235
0.914506565126048, 9, 64, 0, 0, -1372.235
0.913721213835724, 10, 25, 0, 0, -1372.235
0.91055422531681, 10, 67, 0, 0, -1372.235
0.907741659529539, 10, 8, 0, 0, -1372.235
0.907736311748625, 7, 454, 0, 0, -1372.235
0.906309549480713, 7, 71, 0, 0, -1372.235
0.901165625114685, 10, 36, 0, 0, -1372.235
0.901165625114685, 10, 36, 0, 0, -1372.235
0.900776368142626, 10, 20, 0, 0, -1372.235
0.900518582713483, 5, 1323, 0, 0, -1372.235
0.899775413885803, 10, 62, 0, 0, -1372.235
0.898451241846698, 9, 42, 0, 0, -1372.235
0.898030402335718, 10, 12, 0, 0, -1372.235
0.897716529882758, 8, 231, 0, 0, -1372.235
0.896606831620068, 10, 30, 0, 0, -1372.235
0.896332011464645, 9, 42, 0, 0, -1372.235
0.894929659953741, 9, 92, 0, 0, -1372.235
0.890946374317113, 8, 124, 0, 0, -1372.235
0.890047059083966, 10, 40, 0, 0, -1372.235
0.88774645165112, 9, 66, 0, 0, -1372.235
0.886683885060489, 10, 40, 0, 0, -1372.235
0.881910888077348, 7, 470, 0, 0, -1372.235
0.87948537720745, 8, 117, 0, 0, -1372.235
0.877805473701371, 10, 40, 0, 0, -1372.235
0.876184110997988, 8, 95, 0, 0, -1372.235
0.876021154411378, 10, 37, 0, 0, -1372.235
0.873514756175233, 10, 46, 0, 0, -1372.235
0.87305974344309, 8, 134, 0, 0, -1372.235
0.873018781381259, 5, 1204, 0, 0, -1372.235
0.865033113770699, 10, 65, 0, 0, -1372.235
0.861591161918905, 8, 211, 0, 0, -1372.235
0.859115011991051, 9, 58, 0, 0, -1372.235
0.859005018359319, 8, 140, 0, 0, -1372.235
0.856905714406877, 9, 89, 0, 0, -1372.235
0.856420989762732, 10, 18, 0, 0, -1372.235
0.855250491599638, 8, 188, 0, 0, -1372.235
0.846302200878297, 9, 120, 0, 0, -1372.235
0.84456692307894, 10, 41, 0, 0, -1372.235
0.844566923078928, 10, 41, 0, 0, -1372.235
0.844466409573501, 9, 84, 0, 0, -1372.235
0.843495681398783, 10, 45, 0, 0, -1372.235
0.840576195763779, 10, 42, 0, 0, -1372.235
0.840139062093045, 10, 54, 0, 0, -1372.235
0.837578380523855, 7, 282, 0, 0, -1372.235
0.837166389202495, 10, 32, 0, 0, -1372.235
0.836720912773729, 10, 55, 0, 0, -1372.235
0.835228272448076, 9, 58, 0, 0, -1372.235
0.829797291957472, 8, 214, 0, 0, -1372.235
0.824543531958822, 9, 133, 0, 0, -1372.235
0.822787114824539, 7, 272, 0, 0, -1372.235
0.822369830827054, 9, 64, 0, 0, -1372.235
0.820556617405563, 9, 114, 0, 0, -1372.235
0.818873281344537, 10, 25, 0, 0, -1372.235
0.818672581953102, 8, 137, 0, 0, -1372.235
0.815543580848928, 8, 149, 0, 0, -1372.235
0.815032958476091, 10, 40, 0, 0, -1372.235
0.815001366074676, 8, 39, 0, 0, -1372.235
0.814351341845094, 9, 135, 0, 0, -1372.235
0.812456992601684, 9, 57, 0, 0, -1372.235
0.81233039002167, 9, 70, 0, 0, -1372.235
0.811163136663354, 9, 83, 0, 0, -1372.235
0.807418539105243, 10, 29, 0, 0, -1372.235
0.806544344355898, 9, 88, 0, 0, -1372.235
0.805559049705107, 8, 130, 0, 0, -1372.235
0.804862092790852, 7, 227, 0, 0, -1372.235
0.804539095930877, 10, 31, 0, 0, -1372.235
0.801563398645875, 10, 30, 0, 0, -1372.235
0.799269820319708, 10, 65, 0, 0, -1372.235
0.796864980993895, 9, 113, 0, 0, -1372.235
0.794237080694679, 10, 26, 0, 0, -1372.235
0.792714036502792, 8, 102, 0, 0, -1372.235
0.790513520168622, 9, 135, 0, 0, -1372.235
0.789987054312607, 10, 17, 0, 0, -1372.235
0.786615808267244, 9, 109, 0, 0, -1372.235
0.780805455293938, 5, 1570, 0, 0, -1372.235
0.779772525591558, 10, 41, 0, 0, -1372.235
0.777812431824969, 8, 103, 0, 0, -1372.235
0.774860048740704, 9, 59, 0, 0, -1372.235
0.77365252503073, 9, 56, 0, 0, -1372.235
0.772401139138985, 9, 69, 0, 0, -1372.235
0.770728302629658, 9, 37, 0, 0, -1372.235
0.76864995831979, 10, 28, 0, 0, -1372.235
0.76797574108071, 10, 31, 0, 0, -1372.235
0.767044674078329, 10, 33, 0, 0, -1372.235
0.764639317364695, 10, 92, 0, 0, -1372.235
0.764083058709707, 9, 60, 0, 0, -1372.235
0.763429346959199, 10, 25, 0, 0, -1372.235
0.761462980066231, 10, 38, 0, 0, -1372.235
0.760140690520628, 10, 44, 0, 0, -1372.235
0.75831181058817, 8, 306, 0, 0, -1372.235
0.758237861944605, 10, 44, 0, 0, -1372.235
0.757564915915768, 10, 55, 0, 0, -1372.235
0.75589183541967, 1, 16504, 0, 0, -1372.235
0.755231285481906, 10, 60, 0, 0, -1372.235
0.754110017263672, 10, 17, 0, 0, -1372.235
0.752504927455689, 10, 18, 0, 0, -1372.235
0.751233826007377, 10, 35, 0, 0, -1372.235
0.750193798856967, 6, 82, 0, 0, -1372.235
0.749429464071506, 10, 43, 0, 0, -1372.235
0.749208922609853, 10, 35, 0, 0, -1372.235
0.749121104627224, 9, 144, 0, 0, -1372.235
0.746612510940082, 9, 82, 0, 0, -1372.235
0.745646005339611, 10, 15, 0, 0, -1372.235
0.743764938746323, 8, 154, 0, 0, -1372.235
0.737782056738085, 8, 164, 0, 0, -1372.235
0.736416987251388, 8, 138, 0, 0, -1372.235
0.732533436188775, 10, 29, 0, 0, -1372.235
0.730920247402236, 8, 227, 0, 0, -1372.235
0.729550949701347, 10, 23, 0, 0, -1372.235
0.727983832700574, 10, 65, 0, 0, -1372.235
0.726967812846315, 9, 54, 0, 0, -1372.235
0.726232883796554, 8, 119, 0, 0, -1372.235
0.725703562670951, 10, 30, 0, 0, -1372.235
0.71787935921881, 8, 151, 0, 0, -1372.235
0.71560486374163, 10, 23, 0, 0, -1372.235
0.713050823012096, 10, 50, 0, 0, -1372.235
0.712355591672322, 9, 97, 0, 0, -1372.235
0.712194095310121, 10, 34, 0, 0, -1372.235
0.709946950939818, 10, 47, 0, 0, -1372.235
0.7093540518677, 10, 40, 0, 0, -1372.235
0.703529062573164, 10, 52, 0, 0, -1372.235
0.701464198334353, 10, 27, 0, 0, -1372.235
0.701439847662943, 7, 139, 0, 0, -1372.235
0.69440234566159, 10, 45, 0, 0, -1372.235
0.694246652906266, 10, 37, 0, 0, -1372.235
0.694216927012388, 10, 59, 0, 0, -1372.235
0.692086752312316, 7, 282, 0, 0, -1372.235
0.690824629852313, 8, 149, 0, 0, -1372.235
0.68925211262114, 10, 20, 0, 0, -1372.235
0.686257871303376, 10, 25, 0, 0, -1372.235
0.684603537145213, 10, 39, 0, 0, -1372.235
0.683140247766204, 10, 34, 0, 0, -1372.235
0.681975636806579, 10, 22, 0, 0, -1372.235
0.681091255711902, 10, 42, 0, 0, -1372.235
0.680011984918372, 10, 55, 0, 0, -1372.235
0.679243265822448, 10, 28, 0, 0, -1372.235
0.678586232469213, 7, 360, 0, 0, -1372.235
0.675196754393296, 10, 61, 0, 0, -1372.235
0.673863120742931, 10, 24, 0, 0, -1372.235
0.673635076532545, 10, 46, 0, 0, -1372.235
0.668511672271686, 10, 35, 0, 0, -1372.235
0.667692783182258, 10, 4, 0, 0, -1372.235
0.667279462345313, 8, 108, 0, 0, -1372.235
0.666748891590252, 8, 165, 0, 0, -1372.235
0.665042741981736, 9, 59, 0, 0, -1372.235
0.66063591421575, 7, 247, 0, 0, -1372.235
0.659894932653521, 9, 58, 0, 0, -1372.235
0.659163512757464, 10, 29, 0, 0, -1372.235
0.658079773315792, 9, 68, 0, 0, -1372.235
0.653817911751374, 10, 34, 0, 0, -1372.235
0.651977126098671, 10, 70, 0, 0, -1372.235
0.651803530526421, 7, 472, 0, 0, -1372.235
0.651589153418377, 8, 94, 0, 0, -1372.235
0.650904493975217, 10, 70, 0, 0, -1372.235
0.650654977918837, 7, 473, 0, 0, -1372.235
0.649149114540286, 10, 38, 0, 0, -1372.235
0.647156298925979, 10, 46, 0, 0, -1372.235
0.642351019961579, 9, 139, 0, 0, -1372.235
0.641920004208752, 1, 20080, 0, 0, -1372.235
0.640695190504998, 10, 30, 0, 0, -1372.235
0.640373386787816, 6, 715, 0, 0, -1372.235
0.639758677544986, 9, 54, 0, 0, -1372.235
0.639086268105363, 10, 49, 0, 0, -1372.235
0.63818304822052, 10, 34, 0, 0, -1372.235
0.633014148741886, 10, 36, 0, 0, -1372.235
0.633014148741884, 10, 36, 0, 0, -1372.235
0.630551132303605, 8, 131, 0, 0, -1372.235
0.627938694104303, 7, 248, 0, 0, -1372.235
0.625836454557593, 7, 249, 0, 0, -1372.235
0.624891241726749, 9, 78, 0, 0, -1372.235
0.624413551531867, 10, 28, 0, 0, -1372.235
0.624221007271713, 9, 62, 0, 0, -1372.235
0.619970814834465, 10, 35, 0, 0, -1372.235
0.619838269916283, 10, 44, 0, 0, -1372.235
0.616432532140295, 10, 40, 0, 0, -1372.235
0.613345533980724, 10, 44, 0, 0, -1372.235
0.61331952842745, 7, 326, 0, 0, -1372.235
0.613251701019776, 8, 137, 0, 0, -1372.235
0.613062031701207, 10, 25, 0, 0, -1372.235
0.61264491294004, 10, 57, 0, 0, -1372.235
0.612625571241877, 7, 407, 0, 0, -1372.235
0.610617374061123, 9, 58, 0, 0, -1372.235
0.610354240651958, 10, 75, 0, 0, -1372.235
0.609441139217859, 10, 22, 0, 0, -1372.235
0.609332685565187, 10, 37, 0, 0, -1372.235
0.605887113981175, 10, 53, 0, 0, -1372.235
0.605360252389349, 9, 65, 0, 0, -1372.235
0.60523077489277, 8, 136, 0, 0, -1372.235
0.603715563740622, 10, 50, 0, 0, -1372.235
0.602896878195921, 9, 78, 0, 0, -1372.235
0.601695002542807, 8, 142, 0, 0, -1372.235
0.601693072696272, 10, 41, 0, 0, -1372.235
0.601693072696264, 10, 41, 0, 0, -1372.235
0.600100245137335, 9, 90, 0, 0, -1372.235
0.600027774678388, 10, 35, 0, 0, -1372.235
0.598000897774162, 10, 58, 0, 0, -1372.235
0.596669378528608, 10, 18, 0, 0, -1372.235
0.596031319619452, 10, 62, 0, 0, -1372.235
0.594041057879968, 8, 57, 0, 0, -1372.235
0.593288619318745, 9, 98, 0, 0, -1372.235
0.58903283127349, 9, 118, 0, 0, -1372.235
0.5860649333962, 9, 88, 0, 0, -1372.235
0.585875710841114, 8, 167, 0, 0, -1372.235
0.584461295675176, 10, 41, 0, 0, -1372.235
0.584117053186145, 9, 59, 0, 0, -1372.235
0.583271884783518, 10, 21, 0, 0, -1372.235
0.582358806790567, 10, 80, 0, 0, -1372.235
0.580065806735028, 9, 55, 0, 0, -1372.235
0.579579933674669, 9, 55, 0, 0, -1372.235
0.577827058882852, 7, 108, 0, 0, -1372.235
0.577773922964904, 10, 34, 0, 0, -1372.235
0.577083379812584, 10, 53, 0, 0, -1372.235
0.574136765825994, 7, 329, 0, 0, -1372.235
0.573662187047852, 9, 95, 0, 0, -1372.235
0.572129150760985, 10, 47, 0, 0, -1372.235
0.569991453693985, 10, 16, 0, 0, -1372.235
0.560800849595154, 8, 176, 0, 0, -1372.235
0.560467138560821, 9, 62, 0, 0, -1372.235
0.560143026431861, 8, 151, 0, 0, -1372.235
0.559113268395702, 10, 51, 0, 0, -1372.235
0.558802638996049, 10, 45, 0, 0, -1372.235
0.558748770670916, 10, 36, 0, 0, -1372.235
0.557697957334406, 9, 126, 0, 0, -1372.235
0.555779462716153, 8, 114, 0, 0, -1372.235
0.554180451923646, 9, 75, 0, 0, -1372.235
0.553947586875882, 9, 112, 0, 0, -1372.235
0.547782574768774, 8, 116, 0, 0, -1372.235
0.541016148063677, 8, 105, 0, 0, -1372.235
0.539111651637565, 8, 118, 0, 0, -1372.235
0.537810995964144, 9, 56, 0, 0, -1372.235
0.537486085977154, 10, 63, 0, 0, -1372.235
0.530793658862509, 10, 53, 0, 0, -1372.235
0.528337914644446, 10, 67, 0, 0, -1372.235
0.525906062084774, 10, 41, 0, 0, -1372.235
0.525381887333775, 4, 2000, 0, 0, -1372.235
0.524840890867307, 7, 215, 0, 0, -1372.235
0.524334633779227, 10, 36, 0, 0, -1372.235
0.522048419402338, 9, 70, 0, 0, -1372.235
0.521200766141979, 10, 35, 0, 0, -1372.235
0.520444080066045, 8, 110, 0, 0, -1372.235
0.517805771264384, 8, 164, 0, 0, -1372.235
0.515512764243566, 9, 116, 0, 0, -1372.235
0.513804614419039, 10, 48, 0, 0, -1372.235
0.513221509401504, 4, 2057, 0, 0, -1372.235
0.508938715557851, 9, 19, 0, 0, -1372.235
0.508745959731363, 10, 31, 0, 0, -1372.235
0.507943440291094, 10, 45, 0, 0, -1372.235
0.507569054220133, 6, 945, 0, 0, -1372.235
0.506192246362342, 9, 69, 0, 0, -1372.235
0.504451245615705, 9, 25, 0, 0, -1372.235
0.504122231565458, 10, 40, 0, 0, -1372.235
0.503431817902495, 7, 256, 0, 0, -1372.235
0.50113031277102, 9, 50, 0, 0, -1372.235
0.50012475203445, 10, 66, 0, 0, -1372.235
0.498910006705481, 10, 34, 0, 0, -1372.235
0.498485245581572, 10, 28, 0, 0, -1372.235
0.497662684966118, 7, 347, 0, 0, -1372.235
0.497558081783814, 10, 28, 0, 0, -1372.235
0.496949386062434, 10, 30, 0, 0, -1372.235
0.495798765562058, 9, 47, 0, 0, -1372.235
0.494585828687888, 8, 126, 0, 0, -1372.235
0.487642812208767, 9, 20, 0, 0, -1372.235
0.487002594934344, 10, 35, 0, 0, -1372.235
0.479149723559658, 10, 37, 0, 0, -1372.235
0.476990391881322, 9, 108, 0, 0, -1372.235
0.475388458643139, 10, 73, 0, 0, -1372.235
0.471133397916515, 10, 67, 0, 0, -1372.235
0.470563220957049, 10, 30, 0, 0, -1372.235
0.469481124672597, 10, 24, 0, 0, -1372.235
0.466486160515311, 10, 62, 0, 0, -1372.235
0.465889969571718, 9, 89, 0, 0, -1372.235
0.465352587919264, 10, 68, 0, 0, -1372.235
0.463809423886134, 10, 39, 0, 0, -1372.235
0.46270553375623, 9, 139, 0, 0, -1372.235
0.45801309217644, 9, 69, 0, 0, -1372.235
0.455659376472161, 10, 48, 0, 0, -1372.235
0.455277544449197, 7, 255, 0, 0, -1372.235
0.454985401753005, 8, 171, 0, 0, -1372.235
0.453809895470906, 10, 34, 0, 0, -1372.235
0.453250254661818, 8, 113, 0, 0, -1372.235
0.451740618473379, 10, 23, 0, 0, -1372.235
0.451114053124823, 9, 94, 0, 0, -1372.235
0.448910794998463, 7, 442, 0, 0, -1372.235
0.447598068117497, 9, 97, 0, 0, -1372.235
0.44757366943645, 9, 75, 0, 0, -1372.235
0.44742520902301, 10, 47, 0, 0, -1372.235
0.44672013773118, 10, 33, 0, 0, -1372.235
0.444812439081124, 7, 297, 0, 0, -1372.235
0.442978881423165, 10, 35, 0, 0, -1372.235
0.442828620931724, 9, 58, 0, 0, -1372.235
0.442613996391947, 10, 43, 0, 0, -1372.235
0.441282749315633, 9, 86, 0, 0, -1372.235
0.44080171559502, 10, 47, 0, 0, -1372.235
0.440419296702284, 10, 50, 0, 0, -1372.235
0.438946034159078, 7, 279, 0, 0, -1372.235
0.435361680541992, 10, 45, 0, 0, -1372.235
0.433976825907762, 10, 34, 0, 0, -1372.235
0.43329739311682, 10, 30, 0, 0, -1372.235
0.42842723390429, 9, 76, 0, 0, -1372.235
0.426343782118309, 9, 74, 0, 0, -1372.235
0.425904351317678, 10, 27, 0, 0, -1372.235
0.42217379878124, 9, 57, 0, 0, -1372.235
0.420701696818213, 8, 153, 0, 0, -1372.235
0.419467062840228, 10, 72, 0, 0, -1372.235
0.410635981362733, 9, 72, 0, 0, -1372.235
0.40972641053982, 10, 42, 0, 0, -1372.235
0.408093997384268, 10, 38, 0, 0, -1372.235
0.407674487692599, 10, 47, 0, 0, -1372.235
0.404438271069454, 10, 52, 0, 0, -1372.235
0.403703208766688, 8, 220, 0, 0, -1372.235
0.403060968698175, 9, 110, 0, 0, -1372.235
0.402513010470093, 7, 317, 0, 0, -1372.235
0.400972241291269, 7, 311, 0, 0, -1372.235
0.39330205991785, 8, 227, 0, 0, -1372.235
0.393179042204602, 8, 129, 0, 0, -1372.235
0.392546518876065, 10, 47, 0, 0, -1372.235
0.390337718307853, 10, 50, 0, 0, -1372.235
0.389828233408202, 10, 89, 0, 0, -1372.235
0.38944264750495, 9, 71, 0, 0, -1372.235
0.380949252939744, 10, 40, 0, 0, -1372.235
0.379596156488252, 10, 15, 0, 0, -1372.235
0.379349439768465, 9, 136, 0, 0, -1372.235
0.378150941733983, 10, 39, 0, 0, -1372.235
0.377839669608006, 7, 342, 0, 0, -1372.235
0.376649917724849, 9, 104, 0, 0, -1372.235
0.374682267099526, 8, 142, 0, 0, -1372.235
0.37467990546752, 9, 99, 0, 0, -1372.235
0.372245879456601, 9, 81, 0, 0, -1372.235
0.369690305400684, 10, 39, 0, 0, -1372.235
0.367971462880257, 9, 76, 0, 0, -1372.235
0.366049144021041, 8, 239, 0, 0, -1372.235
0.35684141839616, 10, 43, 0, 0, -1372.235
0.355728552962734, 9, 95, 0, 0, -1372.235
0.34827676342338, 10, 55, 0, 0, -1372.235
0.347823916106043, 9, 96, 0, 0, -1372.235
0.347103851667717, 10, 27, 0, 0, -1372.235
0.3454769202794, 10, 29, 0, 0, -1372.235
0.342903139993881, 10, 34, 0, 0, -1372.235
0.342337527490729, 8, 259, 0, 0, -1372.235
0.340801518764533, 10, 43, 0, 0, -1372.235
0.338331147266164, 10, 14, 0, 0, -1372.235
0.335810213601935, 10, 65, 0, 0, -1372.235
0.334665762636133, 10, 16, 0, 0, -1372.235
0.332697036284922, 10, 47, 0, 0, -1372.235
0.332510448196818, 10, 42, 0, 0, -1372.235
0.331997970727046, 10, 14, 0, 0, -1372.235
0.331145569312076, 7, 228, 0, 0, -1372.235
0.330854301374655, 10, 7, 0, 0, -1372.235
0.329304932892189, 10, 29, 0, 0, -1372.235
0.328353959281835, 7, 291, 0, 0, -1372.235
0.326159406312301, 10, 34, 0, 0, -1372.235
0.323048622452662, 7, 217, 0, 0, -1372.235
0.321913750658486, 7, 298, 0, 0, -1372.235
0.315493719005804, 8, 168, 0, 0, -1372.235
0.308224045002982, 10, 24, 0, 0, -1372.235
0.306963321542958, 10, 55, 0, 0, -1372.235
0.303369269648065, 10, 32, 0, 0, -1372.235
0.302857794564918, 10, 42, 0, 0, -1372.235
0.302829543670148, 10, 23, 0, 0, -1372.235
0.301280429006023, 10, 32, 0, 0, -1372.235
0.297674655025454, 10, 20, 0, 0, -1372.235
0.297035807678499, 10, 16, 0, 0, -1372.235
0.296657718574979, 10, 54, 0, 0, -1372.235
0.294449878871437, 8, 85, 0, 0, -1372.235
0.293869252746307, 10, 15, 0, 0, -1372.235
0.29368163803317, 10, 15, 0, 0, -1372.235
0.293673932545196, 10, 58, 0, 0, -1372.235
0.293499737709264, 10, 29, 0, 0, -1372.235
0.292426216302713, 10, 49, 0, 0, -1372.235
0.289989926745423, 10, 36, 0, 0, -1372.235
0.288512933853295, 10, 36, 0, 0, -1372.235
0.288323539769912, 9, 92, 0, 0, -1372.235
0.287538598019909, 10, 42, 0, 0, -1372.235
0.284558845063396, 9, 65, 0, 0, -1372.235
0.28314561263847, 10, 26, 0, 0, -1372.235
0.281343140051146, 8, 232, 0, 0, -1372.235
0.279398307533944, 9, 56, 0, 0, -1372.235
0.278304048544562, 10, 16, 0, 0, -1372.235
0.278212125704521, 7, 281, 0, 0, -1372.235
0.277634031044707, 10, 67, 0, 0, -1372.235
0.276855452325587, 10, 35, 0, 0, -1372.235
0.27588421045639, 9, 97, 0, 0, -1372.235
0.274459373022332, 8, 239, 0, 0, -1372.235
0.273201882500764, 10, 46, 0, 0, -1372.235
0.271346234307819, 9, 58, 0, 0, -1372.235
0.270431763658202, 10, 36, 0, 0, -1372.235
0.266188486616059, 10, 28, 0, 0, -1372.235
0.262035071188369, 10, 55, 0, 0, -1372.235
0.258722898199077, 8, 156, 0, 0, -1372.235
0.255715755563928, 10, 24, 0, 0, -1372.235
0.254294644564794, 8, 237, 0, 0, -1372.235
0.253828369239703, 9, 57, 0, 0, -1372.235
0.25320760804995, 10, 41, 0, 0, -1372.235
0.249460747172094, 9, 97, 0, 0, -1372.235
0.247091391844212, 9, 77, 0, 0, -1372.235
0.244859956705153, 8, 248, 0, 0, -1372.235
0.241904672037244, 10, 55, 0, 0, -1372.235
0.241769793817171, 10, 38, 0, 0, -1372.235
0.24037361815395, 10, 61, 0, 0, -1372.235
0.238124932812151, 10, 24, 0, 0, -1372.235
0.236371166596077, 10, 19, 0, 0, -1372.235
0.235381633046384, 9, 85, 0, 0, -1372.235
0.234307506937733, 10, 45, 0, 0, -1372.235
0.230724969148575, 10, 25, 0, 0, -1372.235
0.229638628938619, 8, 180, 0, 0, -1372.235
0.228466752407933, 10, 65, 0, 0, -1372.235
0.226156138609397, 10, 14, 0, 0, -1372.235
0.22474850224393, 10, 21, 0, 0, -1372.235
0.223675408083874, 9, 68, 0, 0, -1372.235
0.219172614104183, 8, 221, 0, 0, -1372.235
0.215988334083776, 7, 66, 0, 0, -1372.235
0.21584805505444, 10, 32, 0, 0, -1372.235
0.215848055054439, 10, 32, 0, 0, -1372.235
0.215208867244593, 10, 45, 0, 0, -1372.235
0.214009984982943, 9, 62, 0, 0, -1372.235
0.212260336455155, 10, 71, 0, 0, -1372.235
0.211274494780567, 10, 25, 0, 0, -1372.235
0.210100528389164, 10, 31, 0, 0, -1372.235
0.209802265000136, 6, 717, 0, 0, -1372.235
0.208474378673501, 10, 36, 0, 0, -1372.235
0.208332043850689, 10, 38, 0, 0, -1372.235
0.20621273845441, 10, 27, 0, 0, -1372.235
0.205805511558943, 10, 23, 0, 0, -1372.235
0.204671672188457, 9, 123, 0, 0, -1372.235
0.203379574872535, 10, 15, 0, 0, -1372.235
0.199821028185543, 10, 46, 0, 0, -1372.235
0.198154079221275, 9, 68, 0, 0, -1372.235
0.197114428138121, 8, 251, 0, 0, -1372.235
0.194958122497006, 6, 783, 0, 0, -1372.235
0.194556822462373, 10, 24, 0, 0, -1372.235
0.193345829364455, 10, 42, 0, 0, -1372.235
0.189196554841083, 10, 51, 0, 0, -1372.235
0.188651209677424, 9, 64, 0, 0, -1372.235
0.186694739426958, 10, 29, 0, 0, -1372.235
0.179825675288318, 10, 51, 0, 0, -1372.235
0.179443012141615, 8, 154, 0, 0, -1372.235
0.17927275758799, 10, 30, 0, 0, -1372.235
0.179058471731402, 10, 13, 0, 0, -1372.235
0.175458537616811, 9, 91, 0, 0, -1372.235
0.173570735927374, 10, 27, 0, 0, -1372.235
0.172555059212699, 9, 109, 0, 0, -1372.235
0.16983198830212, 9, 107, 0, 0, -1372.235
0.168092937675728, 10, 22, 0, 0, -1372.235
0.167345241775833, 9, 128, 0, 0, -1372.235
0.165741748430893, 6, 502, 0, 0, -1372.235
0.165593388696244, 10, 28, 0, 0, -1372.235
0.165191999900187, 5, 665, 0, 0, -1372.235
0.165128122776583, 10, 28, 0, 0, -1372.235
0.162365806737316, 10, 38, 0, 0, -1372.235
0.161980165316647, 10, 23, 0, 0, -1372.235
0.16151571065375, 9, 118, 0, 0, -1372.235
0.160413021327994, 10, 52, 0, 0, -1372.235
0.160369240204874, 10, 29, 0, 0, -1372.235
0.158217518930681, 10, 32, 0, 0, -1372.235
0.157547711075983, 10, 20, 0, 0, -1372.235
0.157184391269211, 10, 12, 0, 0, -1372.235
0.155107320670969, 10, 38, 0, 0, -1372.235
0.153250677370219, 8, 153, 0, 0, -1372.235
0.152045650868964, 9, 63, 0, 0, -1372.235
0.151968854861325, 10, 15, 0, 0, -1372.235
0.151957017456506, 10, 45, 0, 0, -1372.235
0.151879124095422, 9, 28, 0, 0, -1372.235
0.150604787618176, 10, 34, 0, 0, -1372.235
0.149534664312795, 10, 23, 0, 0, -1372.235
0.149198465342989, 8, 158, 0, 0, -1372.235
0.149057060972915, 7, 103, 0, 0, -1372.235
0.148529826773553, 10, 47, 0, 0, -1372.235
0.147041862697285, 10, 13, 0, 0, -1372.235
0.147010325296776, 10, 35, 0, 0, -1372.235
0.146975199503561, 10, 19, 0, 0, -1372.235
0.144987030027497, 10, 50, 0, 0, -1372.235
0.144395341413048, 9, 130, 0, 0, -1372.235
0.144225838147216, 7, 316, 0, 0, -1372.235
0.140856077076058, 10, 34, 0, 0, -1372.235
0.140693838683423, 9, 91, 0, 0, -1372.235
0.136527638846686, 10, 18, 0, 0, -1372.235
0.136407326442367, 6, 892, 0, 0, -1372.235
0.136098531563728, 8, 106, 0, 0, -1372.235
0.133655943797776, 9, 67, 0, 0, -1372.235
0.13245908973084, 6, 924, 0, 0, -1372.235
0.132445052433254, 10, 21, 0, 0, -1372.235
0.132139926592762, 10, 28, 0, 0, -1372.235
0.131802907263374, 7, 137, 0, 0, -1372.235
0.131200947870452, 10, 46, 0, 0, -1372.235
0.130972220212429, 10, 24, 0, 0, -1372.235
0.130799119953052, 5, 880, 0, 0, -1372.235
0.130547998920922, 10, 18, 0, 0, -1372.235
0.130419651972868, 9, 69, 0, 0, -1372.235
0.12944504558425, 7, 140, 0, 0, -1372.235
0.127900306908973, 7, 365, 0, 0, -1372.235
0.126723285367862, 8, 130, 0, 0, -1372.235
0.126374892691559, 10, 36, 0, 0, -1372.235
0.126307017706606, 10, 59, 0, 0, -1372.235
0.12447202805711, 10, 49, 0, 0, -1372.235
0.122485620102206, 9, 117, 0, 0, -1372.235
0.121052882392834, 8, 122, 0, 0, -1372.235
0.120975109646309, 10, 24, 0, 0, -1372.235
0.118962971537011, 10, 45, 0, 0, -1372.235
0.118962971537001, 10, 45, 0, 0, -1372.235
0.118287848088255, 9, 122, 0, 0, -1372.235
0.117775763597753, 10, 43, 0, 0, -1372.235
0.115752280937809, 10, 40, 0, 0, -1372.235
0.115594923721683, 10, 29, 0, 0, -1372.235
0.11429735698055, 7, 185, 0, 0, -1372.235
0.113742958537531, 10, 29, 0, 0, -1372.235
0.113049079094137, 9, 19, 0, 0, -1372.235
0.112827019879137, 9, 40, 0, 0, -1372.235
0.10893093931754, 9, 94, 0, 0, -1372.235
0.108606518214351, 9, 98, 0, 0, -1372.235
0.105816602386965, 10, 31, 0, 0, -1372.235
0.105140693219722, 10, 35, 0, 0, -1372.235
0.104494737303004, 9, 60, 0, 0, -1372.235
0.103889725104848, 8, 165, 0, 0, -1372.235
0.103065250855998, 9, 61, 0, 0, -1372.235
0.100382963813465, 10, 35, 0, 0, -1372.235
0.096474903313742, 9, 50, 0, 0, -1372.235
0.0930505608090414, 9, 24, 0, 0, -1372.235
0.0921526140447169, 10, 41, 0, 0, -1372.235
0.0919022472062727, 9, 53, 0, 0, -1372.235
0.0913597719464713, 10, 42, 0, 0, -1372.235
0.091251213071293, 8, 77, 0, 0, -1372.235
0.0907516311260607, 7, 244, 0, 0, -1372.235
0.0895857710258756, 10, 43, 0, 0, -1372.235
0.089460448285408, 10, 36, 0, 0, -1372.235
0.0870323455788396, 10, 27, 0, 0, -1372.235
0.0870040613290986, 10, 40, 0, 0, -1372.235
0.0858191494049757, 10, 47, 0, 0, -1372.235
0.0855191725608075, 10, 38, 0, 0, -1372.235
0.0854618799436498, 10, 35, 0, 0, -1372.235
0.0842043614103493, 9, 133, 0, 0, -1372.235
0.0827554506943779, 10, 49, 0, 0, -1372.235
0.0803691489934458, 9, 35, 0, 0, -1372.235
0.0766948394964995, 10, 24, 0, 0, -1372.235
0.0736301256783128, 10, 33, 0, 0, -1372.235
0.0717820106975932, 10, 41, 0, 0, -1372.235
0.0688326444193579, 8, 108, 0, 0, -1372.235
0.0677000558618104, 9, 43, 0, 0, -1372.235
0.065907444112084, 10, 29, 0, 0, -1372.235
0.0624483065023878, 10, 51, 0, 0, -1372.235
0.0608406478042704, 10, 50, 0, 0, -1372.235
0.0600408852187008, 9, 60, 0, 0, -1372.235
0.059468381233341, 9, 49, 0, 0, -1372.235
0.0572802481153268, 10, 25, 0, 0, -1372.235
0.0564881709281546, 10, 25, 0, 0, -1372.235
0.0562292468182585, 10, 38, 0, 0, -1372.235
0.0537219490863315, 10, 27, 0, 0, -1372.235
0.0527791084124479, 10, 41, 0, 0, -1372.235
0.0516755024939737, 10, 13, 0, 0, -1372.235
0.0515840376592355, 9, 68, 0, 0, -1372.235
0.0495459303431933, 9, 61, 0, 0, -1372.235
0.0493054736409577, 9, 76, 0, 0, -1372.235
0.0480743026984277, 9, 74, 0, 0, -1372.235
0.0454218776221816, 10, 45, 0, 0, -1372.235
0.0450411476883915, 10, 42, 0, 0, -1372.235
0.0448207620924824, 10, 33, 0, 0, -1372.235
0.0440742150814113, 10, 47, 0, 0, -1372.235
0.0389501247741378, 10, 50, 0, 0, -1372.235
0.0380292118925391, 10, 13, 0, 0, -1372.235
0.0318337017544756, 10, 28, 0, 0, -1372.235
0.0309508329878707, 9, 69, 0, 0, -1372.235
0.0309508329878635, 9, 69, 0, 0, -1372.235
0.0303233313440893, 8, 233, 0, 0, -1372.235
0.0299995016300401, 9, 113, 0, 0, -1372.235
0.0295844939023016, 8, 240, 0, 0, -1372.235
0.029363831650413, 9, 75, 0, 0, -1372.235
0.0290415049533663, 9, 76, 0, 0, -1372.235
0.0287336154441049, 9, 119, 0, 0, -1372.235
0.0277188655177336, 10, 19, 0, 0, -1372.235
0.0272650192855201, 10, 28, 0, 0, -1372.235
0.0252358187294011, 10, 37, 0, 0, -1372.235
0.0244301329660153, 10, 34, 0, 0, -1372.235
0.0232937554090683, 10, 36, 0, 0, -1372.235
0.0206049790562069, 9, 54, 0, 0, -1372.235
0.0200311618842922, 10, 54, 0, 0, -1372.235
0.018873145120552, 10, 58, 0, 0, -1372.235
0.0187507985714312, 10, 33, 0, 0, -1372.235
0.0187507985714232, 10, 33, 0, 0, -1372.235
0.0186148174439048, 9, 61, 0, 0, -1372.235
0.0133202800261897, 10, 18, 0, 0, -1372.235
0.0089517671626435, 10, 29, 0, 0, -1372.235
0.000873469949476879, 6, 588, 0, 0, -1372.235
0.000725253150680379, 6, 735, 0, 0, -1372.235
0.000416392012320794, 10, 27, 0, 0, -1372.235
0.000403961987715908, 10, 28, 0, 0, -1372.235
