norm, level, Npoints, dimSplit, MainGridIndexSplit
44.6860684235547, 0, 36584, -1, -1, -1
13.5139394869131, 6, 205, 0, 0, -1372.235
11.3905682820137, 10, 20, 0, 0, -1372.235
11.079639547621, 5, 953, 0, 0, -1372.235
11.0453015202689, 5, 1106, 0, 0, -1372.235
10.8696693808531, 10, 12, 0, 0, -1372.235
10.5167223532112, 9, 37, 0, 0, -1372.235
10.5109629422028, 10, 13, 0, 0, -1372.235
10.4649825622731, 5, 1180, 0, 0, -1372.235
10.2956385178933, 10, 30, 0, 0, -1372.235
10.2648615532146, 7, 306, 0, 0, -1372.235
10.2393367558604, 6, 286, 0, 0, -1372.235
10.1798836199848, 9, 33, 0, 0, -1372.235
10.1156080929057, 5, 1063, 0, 0, -1372.235
9.94326165544873, 10, 31, 0, 0, -1372.235
9.80464690104226, 7, 253, 0, 0, -1372.235
9.40203479495932, 7, 340, 0, 0, -1372.235
9.25559789523031, 9, 57, 0, 0, -1372.235
9.16231353320564, 10, 35, 0, 0, -1372.235
9.10332921755569, 10, 19, 0, 0, -1372.235
8.90909994630744, 10, 44, 0, 0, -1372.235
8.86841262543305, 8, 145, 0, 0, -1372.235
8.6459410702649, 7, 157, 0, 0, -1372.235
8.63777215107464, 6, 453, 0, 0, -1372.235
8.62926455601466, 9, 62, 0, 0, -1372.235
8.59728791046947, 9, 99, 0, 0, -1372.235
8.59411343249704, 10, 17, 0, 0, -1372.235
8.54843953585758, 10, 33, 0, 0, -1372.235
8.54266551138267, 8, 124, 0, 0, -1372.235
8.51046405140026, 10, 28, 0, 0, -1372.235
8.41348023289667, 8, 205, 0, 0, -1372.235
8.33839945909822, 10, 34, 0, 0, -1372.235
8.29264396491392, 7, 252, 0, 0, -1372.235
8.26743379870811, 10, 25, 0, 0, -1372.235
8.26352142237389, 10, 60, 0, 0, -1372.235
8.17262342908402, 9, 46, 0, 0, -1372.235
8.16061737585021, 7, 57, 0, 0, -1372.235
8.15837071455654, 6, 289, 0, 0, -1372.235
8.05364521257409, 7, 205, 0, 0, -1372.235
7.96004218664232, 10, 46, 0, 0, -1372.235
7.93069203963876, 9, 77, 0, 0, -1372.235
7.91205454958901, 10, 12, 0, 0, -1372.235
7.90255303937085, 7, 267, 0, 0, -1372.235
7.88563474999602, 8, 169, 0, 0, -1372.235
7.85427372120821, 10, 48, 0, 0, -1372.235
7.78379890856399, 9, 14, 0, 0, -1372.235
7.73426909054119, 7, 49, 0, 0, -1372.235
7.73164302047694, 8, 88, 0, 0, -1372.235
7.66002195065312, 9, 36, 0, 0, -1372.235
7.61450015094298, 6, 527, 0, 0, -1372.235
7.51397414972473, 9, 90, 0, 0, -1372.235
7.47486613776775, 6, 646, 0, 0, -1372.235
7.34169835081624, 7, 358, 0, 0, -1372.235
7.31143568424949, 9, 93, 0, 0, -1372.235
7.30296187318859, 10, 27, 0, 0, -1372.235
7.30230313528986, 10, 12, 0, 0, -1372.235
7.29640369151136, 10, 22, 0, 0, -1372.235
7.25944161780523, 10, 10, 0, 0, -1372.235
7.24662722696423, 4, 1496, 0, 0, -1372.235
7.21020876979749, 9, 17, 0, 0, -1372.235
7.16809308301067, 8, 169, 0, 0, -1372.235
7.16087667279623, 10, 21, 0, 0, -1372.235
7.12554689418428, 10, 36, 0, 0, -1372.235
7.08397996439653, 6, 573, 0, 0, -1372.235
7.06620851611046, 10, 22, 0, 0, -1372.235
7.04237700375071, 7, 229, 0, 0, -1372.235
7.03792264671947, 9, 33, 0, 0, -1372.235
6.97698386203035, 10, 59, 0, 0, -1372.235
6.97423799856292, 8, 113, 0, 0, -1372.235
6.96011930735638, 10, 11, 0, 0, -1372.235
6.94036788713943, 9, 128, 0, 0, -1372.235
6.93620694433593, 9, 60, 0, 0, -1372.235
6.88895670391266, 7, 384, 0, 0, -1372.235
6.88030826564212, 10, 20, 0, 0, -1372.235
6.86289947784661, 9, 24, 0, 0, -1372.235
6.83111246812135, 10, 13, 0, 0, -1372.235
6.80498942356115, 10, 17, 0, 0, -1372.235
6.79620364443971, 6, 639, 0, 0, -1372.235
6.75364375964925, 9, 59, 0, 0, -1372.235
6.67771230286295, 8, 184, 0, 0, -1372.235
6.63349797405673, 8, 88, 0, 0, -1372.235
6.62262274588272, 6, 747, 0, 0, -1372.235
6.59247065168557, 8, 133, 0, 0, -1372.235
6.5629757753956, 7, 407, 0, 0, -1372.235
6.56002945713751, 9, 53, 0, 0, -1372.235
6.55910245148363, 10, 25, 0, 0, -1372.235
6.53316012461367, 7, 60, 0, 0, -1372.235
6.48988841107924, 10, 22, 0, 0, -1372.235
6.46835184315802, 9, 86, 0, 0, -1372.235
6.44936589058482, 10, 12, 0, 0, -1372.235
6.4100618117988, 6, 386, 0, 0, -1372.235
6.39860778616253, 10, 17, 0, 0, -1372.235
6.37830700715863, 9, 74, 0, 0, -1372.235
6.37478490094101, 8, 286, 0, 0, -1372.235
6.36093917821664, 10, 24, 0, 0, -1372.235
6.35877952449826, 7, 227, 0, 0, -1372.235
6.34589733411955, 7, 220, 0, 0, -1372.235
6.32584984165093, 9, 101, 0, 0, -1372.235
6.32577370105454, 10, 25, 0, 0, -1372.235
6.32063690891404, 10, 23, 0, 0, -1372.235
6.31399519026579, 6, 698, 0, 0, -1372.235
6.31275648828032, 10, 20, 0, 0, -1372.235
6.26471340258671, 10, 39, 0, 0, -1372.235
6.20682924052381, 8, 117, 0, 0, -1372.235
6.20259685926939, 10, 19, 0, 0, -1372.235
6.19343694496735, 10, 41, 0, 0, -1372.235
6.19305823261332, 10, 56, 0, 0, -1372.235
6.16671716721265, 8, 227, 0, 0, -1372.235
6.15185940398341, 10, 47, 0, 0, -1372.235
6.13368733175704, 8, 62, 0, 0, -1372.235
6.12747868334001, 9, 49, 0, 0, -1372.235
6.122364779579, 10, 26, 0, 0, -1372.235
6.11262759551806, 10, 9, 0, 0, -1372.235
6.10352947151985, 8, 183, 0, 0, -1372.235
6.10069433987496, 10, 65, 0, 0, -1372.235
6.07951853282377, 10, 37, 0, 0, -1372.235
6.04500852272728, 10, 64, 0, 0, -1372.235
6.00136702049477, 8, 134, 0, 0, -1372.235
5.99546372528317, 9, 40, 0, 0, -1372.235
5.98080506727085, 9, 73, 0, 0, -1372.235
5.97238610808811, 9, 43, 0, 0, -1372.235
5.94450295795427, 10, 26, 0, 0, -1372.235
5.91553920113095, 9, 81, 0, 0, -1372.235
5.912794535519, 8, 115, 0, 0, -1372.235
5.89273751910568, 4, 1762, 0, 0, -1372.235
5.88180435112767, 8, 193, 0, 0, -1372.235
5.8790670356203, 10, 25, 0, 0, -1372.235
5.87459285304293, 9, 68, 0, 0, -1372.235
5.86487364782561, 5, 301, 0, 0, -1372.235
5.86101665911696, 9, 60, 0, 0, -1372.235
5.85857384537523, 9, 24, 0, 0, -1372.235
5.84773444837491, 8, 239, 0, 0, -1372.235
5.83075955496022, 10, 22, 0, 0, -1372.235
5.80781092976748, 10, 27, 0, 0, -1372.235
5.80565382801106, 10, 30, 0, 0, -1372.235
5.80565382801105, 10, 30, 0, 0, -1372.235
5.79003494736726, 7, 321, 0, 0, -1372.235
5.78838450977345, 10, 21, 0, 0, -1372.235
5.74936686345656, 10, 44, 0, 0, -1372.235
5.74789358544582, 8, 149, 0, 0, -1372.235
5.74617006331006, 4, 2723, 0, 0, -1372.235
5.74127296427429, 8, 157, 0, 0, -1372.235
5.71326650981959, 9, 66, 0, 0, -1372.235
5.69583196445202, 10, 34, 0, 0, -1372.235
5.69503117366819, 10, 11, 0, 0, -1372.235
5.68375281908702, 10, 18, 0, 0, -1372.235
5.67572553468256, 5, 1384, 0, 0, -1372.235
5.67105414037345, 9, 7, 0, 0, -1372.235
5.65618465163743, 9, 117, 0, 0, -1372.235
5.642698215801, 10, 45, 0, 0, -1372.235
5.63449323172437, 10, 95, 0, 0, -1372.235
5.60819213856529, 10, 34, 0, 0, -1372.235
5.6059906517094, 9, 64, 0, 0, -1372.235
5.60526073366723, 10, 34, 0, 0, -1372.235
5.59813785887768, 8, 203, 0, 0, -1372.235
5.58890487655313, 10, 36, 0, 0, -1372.235
5.58818455230938, 10, 40, 0, 0, -1372.235
5.54990091292852, 10, 21, 0, 0, -1372.235
5.54947892958185, 9, 53, 0, 0, -1372.235
5.54706694122156, 9, 91, 0, 0, -1372.235
5.54141116324631, 9, 80, 0, 0, -1372.235
5.53084598410978, 8, 134, 0, 0, -1372.235
5.51773912577947, 5, 925, 0, 0, -1372.235
5.51385543380058, 6, 774, 0, 0, -1372.235
5.50190636793827, 10, 17, 0, 0, -1372.235
5.45433710969939, 10, 38, 0, 0, -1372.235
5.4241646039355, 8, 71, 0, 0, -1372.235
5.40015430867603, 10, 29, 0, 0, -1372.235
5.39954951941594, 10, 18, 0, 0, -1372.235
5.39328326300928, 10, 16, 0, 0, -1372.235
5.37579808858652, 8, 215, 0, 0, -1372.235
5.37496790776747, 5, 675, 0, 0, -1372.235
5.37355040470165, 8, 153, 0, 0, -1372.235
5.3677436660906, 8, 91, 0, 0, -1372.235
5.35872776656822, 8, 217, 0, 0, -1372.235
5.34548466877088, 10, 11, 0, 0, -1372.235
5.3174635589718, 7, 272, 0, 0, -1372.235
5.31301311617564, 7, 288, 0, 0, -1372.235
5.30356288810981, 6, 703, 0, 0, -1372.235
5.27706036289712, 4, 3016, 0, 0, -1372.235
5.27688719629164, 6, 384, 0, 0, -1372.235
5.27017935538812, 7, 341, 0, 0, -1372.235
5.24598295869403, 10, 18, 0, 0, -1372.235
5.23798946643944, 8, 133, 0, 0, -1372.235
5.23105756417162, 9, 106, 0, 0, -1372.235
5.23023534602649, 6, 757, 0, 0, -1372.235
5.22925550389788, 9, 111, 0, 0, -1372.235
5.22516208705413, 10, 14, 0, 0, -1372.235
5.20959212229218, 10, 32, 0, 0, -1372.235
5.20923285711895, 10, 31, 0, 0, -1372.235
5.19509413300742, 10, 29, 0, 0, -1372.235
5.16913321956952, 10, 35, 0, 0, -1372.235
5.16226619267734, 10, 53, 0, 0, -1372.235
5.14706676440618, 8, 159, 0, 0, -1372.235
5.14284782021618, 10, 38, 0, 0, -1372.235
5.11893717910728, 8, 72, 0, 0, -1372.235
5.08060576381081, 10, 46, 0, 0, -1372.235
5.07459517899773, 10, 16, 0, 0, -1372.235
5.03272072758408, 10, 39, 0, 0, -1372.235
5.00999012713019, 10, 25, 0, 0, -1372.235
4.97596068361609, 9, 77, 0, 0, -1372.235
4.97377797229905, 10, 23, 0, 0, -1372.235
4.97160505458206, 10, 12, 0, 0, -1372.235
4.97152815807214, 10, 36, 0, 0, -1372.235
4.9595889530017, 9, 113, 0, 0, -1372.235
4.9572575886677, 8, 71, 0, 0, -1372.235
4.95470557680676, 10, 26, 0, 0, -1372.235
4.92136158288284, 10, 10, 0, 0, -1372.235
4.92121755642375, 9, 74, 0, 0, -1372.235
4.90948033489575, 10, 14, 0, 0, -1372.235
4.89784821764366, 10, 40, 0, 0, -1372.235
4.88863315829925, 8, 51, 0, 0, -1372.235
4.88862248757669, 10, 17, 0, 0, -1372.235
4.88116513176455, 10, 35, 0, 0, -1372.235
4.87394730698695, 6, 778, 0, 0, -1372.235
4.86437231026397, 7, 199, 0, 0, -1372.235
4.85695008356383, 5, 1078, 0, 0, -1372.235
4.84392145931739, 8, 175, 0, 0, -1372.235
4.83615976388988, 10, 16, 0, 0, -1372.235
4.82962820395817, 10, 56, 0, 0, -1372.235
4.82537125650288, 7, 281, 0, 0, -1372.235
4.81121723703469, 10, 31, 0, 0, -1372.235
4.80882152388264, 9, 69, 0, 0, -1372.235
4.80302803087014, 5, 1691, 0, 0, -1372.235
4.78311415291012, 9, 69, 0, 0, -1372.235
4.78063052280929, 8, 164, 0, 0, -1372.235
4.77691709061619, 4, 2003, 0, 0, -1372.235
4.77527237672298, 10, 31, 0, 0, -1372.235
4.75726029708334, 9, 28, 0, 0, -1372.235
4.75140974781759, 9, 96, 0, 0, -1372.235
4.73627956814381, 9, 110, 0, 0, -1372.235
4.73240461815509, 6, 666, 0, 0, -1372.235
4.72116892794908, 9, 67, 0, 0, -1372.235
4.70615654810774, 10, 40, 0, 0, -1372.235
4.70456004292002, 10, 35, 0, 0, -1372.235
4.70418325248302, 8, 111, 0, 0, -1372.235
4.6969184800128, 9, 79, 0, 0, -1372.235
4.67812574798956, 7, 87, 0, 0, -1372.235
4.6710933835597, 6, 867, 0, 0, -1372.235
4.6494278237677, 9, 83, 0, 0, -1372.235
4.64356680071079, 10, 17, 0, 0, -1372.235
4.64019929591474, 10, 35, 0, 0, -1372.235
4.63852229226908, 7, 226, 0, 0, -1372.235
4.62359914262144, 10, 39, 0, 0, -1372.235
4.60364805053035, 7, 172, 0, 0, -1372.235
4.59930792003505, 9, 67, 0, 0, -1372.235
4.59365290822881, 10, 15, 0, 0, -1372.235
4.59127825589281, 8, 168, 0, 0, -1372.235
4.58146177592565, 7, 173, 0, 0, -1372.235
4.57900095234621, 8, 165, 0, 0, -1372.235
4.57565691818622, 9, 63, 0, 0, -1372.235
4.57362668153481, 7, 426, 0, 0, -1372.235
4.56696932926217, 10, 33, 0, 0, -1372.235
4.56624630571044, 10, 57, 0, 0, -1372.235
4.56373524901051, 4, 2071, 0, 0, -1372.235
4.55944788068284, 8, 138, 0, 0, -1372.235
4.55785537021833, 10, 38, 0, 0, -1372.235
4.55293943446821, 10, 40, 0, 0, -1372.235
4.54017571868294, 6, 665, 0, 0, -1372.235
4.53590452032508, 10, 20, 0, 0, -1372.235
4.52209040089629, 8, 56, 0, 0, -1372.235
4.51644388247411, 8, 186, 0, 0, -1372.235
4.51492421592968, 10, 53, 0, 0, -1372.235
4.51409198330509, 7, 116, 0, 0, -1372.235
4.50729374028369, 9, 50, 0, 0, -1372.235
4.5061682033877, 10, 53, 0, 0, -1372.235
4.49790088548151, 10, 36, 0, 0, -1372.235
4.49725334640155, 9, 29, 0, 0, -1372.235
4.49455294479243, 9, 87, 0, 0, -1372.235
4.49320753727397, 8, 89, 0, 0, -1372.235
4.49303353371835, 9, 33, 0, 0, -1372.235
4.48776483072301, 8, 200, 0, 0, -1372.235
4.48671451331071, 6, 710, 0, 0, -1372.235
4.48460914348694, 10, 34, 0, 0, -1372.235
4.48111083369959, 10, 38, 0, 0, -1372.235
4.47811133149631, 10, 20, 0, 0, -1372.235
4.47613948823744, 9, 10, 0, 0, -1372.235
4.47440593069228, 9, 155, 0, 0, -1372.235
4.4725406763394, 10, 21, 0, 0, -1372.235
4.46779530669158, 9, 92, 0, 0, -1372.235
4.45167094853323, 10, 27, 0, 0, -1372.235
4.4503097940938, 10, 15, 0, 0, -1372.235
4.4487590616843, 8, 114, 0, 0, -1372.235
4.43539779143353, 10, 25, 0, 0, -1372.235
4.43463524591655, 10, 57, 0, 0, -1372.235
4.42961433586198, 9, 80, 0, 0, -1372.235
4.42130419935094, 9, 103, 0, 0, -1372.235
4.4182800918206, 8, 177, 0, 0, -1372.235
4.40441785783517, 6, 477, 0, 0, -1372.235
4.39158364941505, 10, 43, 0, 0, -1372.235
4.38826716261533, 5, 861, 0, 0, -1372.235
4.38646771533867, 10, 35, 0, 0, -1372.235
4.37643128213183, 4, 2740, 0, 0, -1372.235
4.37012473596453, 10, 50, 0, 0, -1372.235
4.36257132156407, 10, 21, 0, 0, -1372.235
4.3613480393186, 9, 86, 0, 0, -1372.235
4.35639653790774, 10, 31, 0, 0, -1372.235
4.34831441140818, 8, 47, 0, 0, -1372.235
4.33552842309269, 8, 209, 0, 0, -1372.235
4.33439971085633, 7, 410, 0, 0, -1372.235
4.33050488724032, 4, 2550, 0, 0, -1372.235
4.32559025321683, 10, 40, 0, 0, -1372.235
4.32392958648025, 8, 185, 0, 0, -1372.235
4.3171817886261, 10, 25, 0, 0, -1372.235
4.31289625147988, 9, 69, 0, 0, -1372.235
4.30895879969807, 8, 210, 0, 0, -1372.235
4.30840784618576, 9, 75, 0, 0, -1372.235
4.30557274363159, 10, 30, 0, 0, -1372.235
4.278999045878, 6, 714, 0, 0, -1372.235
4.27680515772216, 10, 48, 0, 0, -1372.235
4.27166511677804, 10, 44, 0, 0, -1372.235
4.26748259683503, 9, 48, 0, 0, -1372.235
4.26129705657516, 10, 51, 0, 0, -1372.235
4.26129705657515, 10, 51, 0, 0, -1372.235
4.25282252804961, 9, 89, 0, 0, -1372.235
4.25248506423213, 6, 492, 0, 0, -1372.235
4.24856155238279, 10, 24, 0, 0, -1372.235
4.24294458561916, 8, 133, 0, 0, -1372.235
4.24101338756142, 10, 29, 0, 0, -1372.235
4.22984767614392, 8, 155, 0, 0, -1372.235
4.22211873092961, 5, 665, 0, 0, -1372.235
4.20881210894247, 9, 102, 0, 0, -1372.235
4.20831832815381, 7, 254, 0, 0, -1372.235
4.20811913752755, 10, 37, 0, 0, -1372.235
4.20253243077356, 6, 226, 0, 0, -1372.235
4.19585227701802, 10, 26, 0, 0, -1372.235
4.18599882580621, 10, 23, 0, 0, -1372.235
4.18413196432469, 10, 31, 0, 0, -1372.235
4.17277508377751, 10, 38, 0, 0, -1372.235
4.16243228187596, 10, 45, 0, 0, -1372.235
4.157541583139, 7, 336, 0, 0, -1372.235
4.15627408437092, 9, 103, 0, 0, -1372.235
4.14956790305106, 10, 39, 0, 0, -1372.235
4.14956790305106, 10, 39, 0, 0, -1372.235
4.14866821819098, 6, 173, 0, 0, -1372.235
4.14072919311516, 9, 76, 0, 0, -1372.235
4.14035932634653, 10, 40, 0, 0, -1372.235
4.13552073489534, 5, 1213, 0, 0, -1372.235
4.12442988511153, 9, 30, 0, 0, -1372.235
4.10270976975115, 6, 308, 0, 0, -1372.235
4.09977671856104, 10, 23, 0, 0, -1372.235
4.09380197528545, 9, 72, 0, 0, -1372.235
4.0903246991858, 10, 42, 0, 0, -1372.235
4.07977763542808, 10, 63, 0, 0, -1372.235
4.07768625143648, 7, 286, 0, 0, -1372.235
4.07463432673241, 7, 396, 0, 0, -1372.235
4.06594509197376, 10, 27, 0, 0, -1372.235
4.06584283722059, 7, 287, 0, 0, -1372.235
4.04970139358815, 10, 30, 0, 0, -1372.235
4.04901057094546, 10, 53, 0, 0, -1372.235
4.04506740827468, 10, 37, 0, 0, -1372.235
4.04279758852362, 10, 48, 0, 0, -1372.235
4.04209664898937, 10, 20, 0, 0, -1372.235
4.03323928485112, 9, 96, 0, 0, -1372.235
4.02738094897154, 10, 25, 0, 0, -1372.235
4.01295254431078, 9, 97, 0, 0, -1372.235
3.99632209093269, 10, 38, 0, 0, -1372.235
3.97802950470646, 8, 199, 0, 0, -1372.235
3.97253894194269, 9, 89, 0, 0, -1372.235
3.96926054723072, 7, 254, 0, 0, -1372.235
3.96333639995694, 8, 188, 0, 0, -1372.235
3.96237269129465, 7, 107, 0, 0, -1372.235
3.95074713325829, 9, 31, 0, 0, -1372.235
3.94894239922801, 10, 14, 0, 0, -1372.235
3.94615196287278, 10, 18, 0, 0, -1372.235
3.93479063953659, 10, 44, 0, 0, -1372.235
3.9332134070207, 7, 415, 0, 0, -1372.235
3.93031367194013, 10, 37, 0, 0, -1372.235
3.93009778291905, 10, 26, 0, 0, -1372.235
3.91661590785468, 10, 19, 0, 0, -1372.235
3.91438903937752, 8, 139, 0, 0, -1372.235
3.91429029656267, 10, 14, 0, 0, -1372.235
3.91321852543378, 8, 143, 0, 0, -1372.235
3.9055550282086, 9, 88, 0, 0, -1372.235
3.90088214758248, 5, 491, 0, 0, -1372.235
3.89654353166746, 10, 24, 0, 0, -1372.235
3.89011678046107, 9, 86, 0, 0, -1372.235
3.88682072018741, 9, 72, 0, 0, -1372.235
3.88526720859186, 10, 48, 0, 0, -1372.235
3.88209559540428, 9, 50, 0, 0, -1372.235
3.87566569126903, 9, 18, 0, 0, -1372.235
3.87112580434294, 7, 423, 0, 0, -1372.235
3.86056387994428, 10, 33, 0, 0, -1372.235
3.85615153610954, 10, 29, 0, 0, -1372.235
3.85167210262253, 9, 48, 0, 0, -1372.235
3.83912808589452, 10, 98, 0, 0, -1372.235
3.82963495284493, 9, 93, 0, 0, -1372.235
3.82277490024587, 4, 2617, 0, 0, -1372.235
3.81907795970678, 10, 49, 0, 0, -1372.235
3.81562153427632, 10, 45, 0, 0, -1372.235
3.81333269752677, 5, 1337, 0, 0, -1372.235
3.80639820936532, 10, 19, 0, 0, -1372.235
3.8035440138598, 9, 98, 0, 0, -1372.235
3.79278212663857, 10, 34, 0, 0, -1372.235
3.79264313075044, 10, 29, 0, 0, -1372.235
3.79035440400385, 9, 118, 0, 0, -1372.235
3.78497928496003, 10, 35, 0, 0, -1372.235
3.78366896073231, 10, 61, 0, 0, -1372.235
3.78366896073231, 10, 61, 0, 0, -1372.235
3.7783392572454, 10, 99, 0, 0, -1372.235
3.77298924123201, 9, 104, 0, 0, -1372.235
3.7643016735917, 9, 113, 0, 0, -1372.235
3.76418296644751, 10, 23, 0, 0, -1372.235
3.75658167509319, 10, 44, 0, 0, -1372.235
3.75273001888718, 10, 20, 0, 0, -1372.235
3.75015423109096, 10, 51, 0, 0, -1372.235
3.74617547879254, 9, 24, 0, 0, -1372.235
3.73376945561969, 7, 340, 0, 0, -1372.235
3.73170693853466, 9, 73, 0, 0, -1372.235
3.72786255169869, 9, 16, 0, 0, -1372.235
3.71331014925219, 10, 30, 0, 0, -1372.235
3.71172577677322, 10, 23, 0, 0, -1372.235
3.71051767516748, 10, 38, 0, 0, -1372.235
3.70616528045164, 10, 57, 0, 0, -1372.235
3.70159538405401, 10, 26, 0, 0, -1372.235
3.69473067705315, 10, 28, 0, 0, -1372.235
3.69295138327038, 10, 32, 0, 0, -1372.235
3.68862085108356, 7, 345, 0, 0, -1372.235
3.67583201498431, 10, 35, 0, 0, -1372.235
3.66577127677442, 10, 43, 0, 0, -1372.235
3.66549958568463, 8, 115, 0, 0, -1372.235
3.66211927258708, 10, 23, 0, 0, -1372.235
3.6497216692611, 9, 121, 0, 0, -1372.235
3.64768795296469, 10, 31, 0, 0, -1372.235
3.63303830745991, 8, 101, 0, 0, -1372.235
3.6264859737334, 7, 119, 0, 0, -1372.235
3.62439275765356, 10, 29, 0, 0, -1372.235
3.62200936046532, 9, 112, 0, 0, -1372.235
3.6175382502366, 10, 44, 0, 0, -1372.235
3.60790738580704, 8, 73, 0, 0, -1372.235
3.60514802493371, 10, 43, 0, 0, -1372.235
3.60418659185289, 8, 226, 0, 0, -1372.235
3.5977017706667, 10, 23, 0, 0, -1372.235
3.59607378223209, 8, 110, 0, 0, -1372.235
3.59568798870743, 9, 71, 0, 0, -1372.235
3.5913450182698, 9, 93, 0, 0, -1372.235
3.58206925038242, 10, 37, 0, 0, -1372.235
3.58113220526775, 10, 10, 0, 0, -1372.235
3.57405113393913, 10, 23, 0, 0, -1372.235
3.57310793943589, 9, 81, 0, 0, -1372.235
3.57108908960047, 7, 318, 0, 0, -1372.235
3.56297788060026, 9, 17, 0, 0, -1372.235
3.56297788060025, 9, 17, 0, 0, -1372.235
3.56053484945252, 7, 327, 0, 0, -1372.235
3.55763355581827, 10, 45, 0, 0, -1372.235
3.54810848979848, 10, 60, 0, 0, -1372.235
3.54690650631118, 9, 40, 0, 0, -1372.235
3.53721623364395, 10, 45, 0, 0, -1372.235
3.53568370207475, 6, 614, 0, 0, -1372.235
3.53500767620171, 9, 107, 0, 0, -1372.235
3.534724389544, 10, 37, 0, 0, -1372.235
3.53465498001859, 8, 169, 0, 0, -1372.235
3.53384411280377, 10, 29, 0, 0, -1372.235
3.52786013057202, 10, 53, 0, 0, -1372.235
3.51504935160823, 10, 92, 0, 0, -1372.235
3.5073181830171, 9, 96, 0, 0, -1372.235
3.50615546177091, 9, 106, 0, 0, -1372.235
3.50260200669279, 9, 63, 0, 0, -1372.235
3.50166528140753, 10, 20, 0, 0, -1372.235
3.49993932490097, 10, 24, 0, 0, -1372.235
3.49694045346528, 10, 24, 0, 0, -1372.235
3.49487189033011, 9, 61, 0, 0, -1372.235
3.48284612946981, 10, 41, 0, 0, -1372.235
3.47188319561758, 10, 55, 0, 0, -1372.235
3.45882853527901, 9, 97, 0, 0, -1372.235
3.45740278736274, 8, 82, 0, 0, -1372.235
3.45055489329852, 10, 50, 0, 0, -1372.235
3.4486724733217, 10, 22, 0, 0, -1372.235
3.43528636837354, 7, 281, 0, 0, -1372.235
3.4305962457088, 10, 18, 0, 0, -1372.235
3.43054389698607, 9, 112, 0, 0, -1372.235
3.40868642137783, 10, 49, 0, 0, -1372.235
3.4051990134312, 9, 70, 0, 0, -1372.235
3.39848620445605, 4, 2950, 0, 0, -1372.235
3.39594786865518, 9, 27, 0, 0, -1372.235
3.38913200890168, 9, 105, 0, 0, -1372.235
3.38802778258099, 10, 11, 0, 0, -1372.235
3.38236968925227, 10, 42, 0, 0, -1372.235
3.38166240045568, 9, 14, 0, 0, -1372.235
3.38152715693393, 10, 51, 0, 0, -1372.235
3.37392063743908, 10, 59, 0, 0, -1372.235
3.37316708487086, 9, 133, 0, 0, -1372.235
3.37250305439575, 9, 74, 0, 0, -1372.235
3.3724498260343, 2, 8573, 0, 0, -1372.235
3.37217660609728, 10, 28, 0, 0, -1372.235
3.3531252092952, 10, 22, 0, 0, -1372.235
3.35177955076239, 10, 50, 0, 0, -1372.235
3.35113399280575, 9, 64, 0, 0, -1372.235
3.35049963442121, 10, 18, 0, 0, -1372.235
3.34655257616023, 9, 80, 0, 0, -1372.235
3.3382623924685, 8, 181, 0, 0, -1372.235
3.33765325348745, 8, 172, 0, 0, -1372.235
3.33463336734953, 9, 88, 0, 0, -1372.235
3.32648285349346, 10, 16, 0, 0, -1372.235
3.32312113980656, 10, 47, 0, 0, -1372.235
3.31978920520298, 9, 84, 0, 0, -1372.235
3.31713670389088, 7, 356, 0, 0, -1372.235
3.31712165224128, 9, 23, 0, 0, -1372.235
3.31396405288198, 8, 169, 0, 0, -1372.235
3.30856053990337, 8, 113, 0, 0, -1372.235
3.30644440559228, 10, 26, 0, 0, -1372.235
3.30374740138879, 10, 30, 0, 0, -1372.235
3.30122327831384, 10, 29, 0, 0, -1372.235
3.29192478969778, 9, 42, 0, 0, -1372.235
3.282836085187, 9, 50, 0, 0, -1372.235
3.26844311822851, 9, 52, 0, 0, -1372.235
3.26764733854213, 8, 42, 0, 0, -1372.235
3.26489271701685, 6, 109, 0, 0, -1372.235
3.26462712018601, 6, 306, 0, 0, -1372.235
3.2641558573936, 10, 31, 0, 0, -1372.235
3.26289499926011, 10, 22, 0, 0, -1372.235
3.26059954393292, 8, 178, 0, 0, -1372.235
3.25827642175357, 8, 212, 0, 0, -1372.235
3.24749998141227, 10, 60, 0, 0, -1372.235
3.24747594513601, 10, 27, 0, 0, -1372.235
3.24500089747232, 9, 62, 0, 0, -1372.235
3.22882904326794, 10, 54, 0, 0, -1372.235
3.22474480757687, 10, 43, 0, 0, -1372.235
3.22297143340366, 10, 25, 0, 0, -1372.235
3.2111032953355, 8, 24, 0, 0, -1372.235
3.20158550309098, 4, 2951, 0, 0, -1372.235
3.20055742008636, 8, 206, 0, 0, -1372.235
3.20025487693172, 10, 41, 0, 0, -1372.235
3.1945631246827, 9, 122, 0, 0, -1372.235
3.18956838421939, 8, 183, 0, 0, -1372.235
3.18762095111649, 10, 47, 0, 0, -1372.235
3.18762095111649, 10, 47, 0, 0, -1372.235
3.1657497900999, 9, 100, 0, 0, -1372.235
3.15763246220048, 8, 69, 0, 0, -1372.235
3.15192603730868, 9, 90, 0, 0, -1372.235
3.15161399526749, 9, 127, 0, 0, -1372.235
3.15118729816516, 10, 37, 0, 0, -1372.235
3.14588751454925, 9, 18, 0, 0, -1372.235
3.14525747928821, 10, 33, 0, 0, -1372.235
3.13979393379721, 8, 76, 0, 0, -1372.235
3.1366305881917, 10, 42, 0, 0, -1372.235
3.13422747737089, 9, 58, 0, 0, -1372.235
3.13410128198582, 9, 94, 0, 0, -1372.235
3.1324428896322, 10, 56, 0, 0, -1372.235
3.12066975823683, 10, 56, 0, 0, -1372.235
3.11859733441376, 10, 24, 0, 0, -1372.235
3.11463342185784, 10, 15, 0, 0, -1372.235
3.11397824070545, 10, 37, 0, 0, -1372.235
3.11003480117567, 10, 49, 0, 0, -1372.235
3.10633634777319, 8, 72, 0, 0, -1372.235
3.10370405612944, 8, 25, 0, 0, -1372.235
3.09399703137492, 9, 76, 0, 0, -1372.235
3.09363101171544, 4, 3075, 0, 0, -1372.235
3.08507570899481, 8, 45, 0, 0, -1372.235
3.07985863399995, 10, 46, 0, 0, -1372.235
3.0796985472725, 9, 53, 0, 0, -1372.235
3.07958729286376, 10, 53, 0, 0, -1372.235
3.07848437992665, 7, 380, 0, 0, -1372.235
3.07659394380405, 8, 216, 0, 0, -1372.235
3.07105939056839, 10, 45, 0, 0, -1372.235
3.06626062255936, 10, 55, 0, 0, -1372.235
3.06206427544799, 9, 89, 0, 0, -1372.235
3.06167786648797, 10, 19, 0, 0, -1372.235
3.06142478889922, 8, 112, 0, 0, -1372.235
3.05586097452395, 6, 320, 0, 0, -1372.235
3.05404949025471, 10, 50, 0, 0, -1372.235
3.0495144431226, 9, 24, 0, 0, -1372.235
3.04751259594774, 10, 13, 0, 0, -1372.235
3.04546026481045, 8, 159, 0, 0, -1372.235
3.04263143792494, 10, 35, 0, 0, -1372.235
3.04086051442426, 9, 66, 0, 0, -1372.235
3.03937521849561, 10, 32, 0, 0, -1372.235
3.03862591762109, 10, 54, 0, 0, -1372.235
3.03582874483238, 9, 126, 0, 0, -1372.235
3.03302693315407, 8, 70, 0, 0, -1372.235
3.03125158752238, 8, 119, 0, 0, -1372.235
3.02893669892033, 9, 75, 0, 0, -1372.235
3.02385046522768, 4, 792, 0, 0, -1372.235
3.02379916265388, 5, 980, 0, 0, -1372.235
3.01705820560619, 10, 32, 0, 0, -1372.235
3.01560686383449, 10, 62, 0, 0, -1372.235
3.01429887656997, 9, 103, 0, 0, -1372.235
3.01429887656995, 9, 103, 0, 0, -1372.235
3.01046642511972, 8, 88, 0, 0, -1372.235
3.0038531101908, 10, 41, 0, 0, -1372.235
2.99822330293332, 10, 53, 0, 0, -1372.235
2.99396079880651, 9, 66, 0, 0, -1372.235
2.99244265583947, 10, 48, 0, 0, -1372.235
2.99244265583946, 10, 48, 0, 0, -1372.235
2.99127528625954, 9, 64, 0, 0, -1372.235
2.98688854708741, 9, 76, 0, 0, -1372.235
2.98675275965272, 10, 29, 0, 0, -1372.235
2.98204837771329, 7, 333, 0, 0, -1372.235
2.98164426462753, 10, 44, 0, 0, -1372.235
2.97552792544164, 8, 131, 0, 0, -1372.235
2.97474319667585, 9, 129, 0, 0, -1372.235
2.96422805848278, 10, 33, 0, 0, -1372.235
2.96281064401448, 7, 301, 0, 0, -1372.235
2.95901286703905, 8, 126, 0, 0, -1372.235
2.95733364615671, 7, 100, 0, 0, -1372.235
2.95667589306847, 9, 67, 0, 0, -1372.235
2.95574596996384, 9, 140, 0, 0, -1372.235
2.95077943535113, 9, 44, 0, 0, -1372.235
2.93694650302536, 10, 41, 0, 0, -1372.235
2.93623437449536, 9, 75, 0, 0, -1372.235
2.93027830700103, 9, 69, 0, 0, -1372.235
2.925275659107, 7, 234, 0, 0, -1372.235
2.92241762163333, 9, 53, 0, 0, -1372.235
2.920433578496, 8, 128, 0, 0, -1372.235
2.91677351517899, 10, 28, 0, 0, -1372.235
2.91302398545242, 10, 40, 0, 0, -1372.235
2.91084150470169, 10, 40, 0, 0, -1372.235
2.90992259203753, 10, 16, 0, 0, -1372.235
2.90825127598644, 10, 46, 0, 0, -1372.235
2.8918682665708, 8, 140, 0, 0, -1372.235
2.89153071861744, 10, 35, 0, 0, -1372.235
2.8905777618264, 8, 200, 0, 0, -1372.235
2.88938457842292, 10, 14, 0, 0, -1372.235
2.88454697533027, 10, 37, 0, 0, -1372.235
2.88336157991007, 10, 24, 0, 0, -1372.235
2.87965133500711, 10, 16, 0, 0, -1372.235
2.87923663077318, 9, 67, 0, 0, -1372.235
2.87018128498074, 6, 345, 0, 0, -1372.235
2.86903407819371, 8, 115, 0, 0, -1372.235
2.85718889112786, 9, 122, 0, 0, -1372.235
2.85454026648855, 8, 24, 0, 0, -1372.235
2.85225909906001, 8, 279, 0, 0, -1372.235
2.85027296389778, 7, 293, 0, 0, -1372.235
2.84939388275841, 10, 20, 0, 0, -1372.235
2.84592911444993, 9, 94, 0, 0, -1372.235
2.84387647154297, 10, 50, 0, 0, -1372.235
2.83950459057302, 7, 105, 0, 0, -1372.235
2.83864418069121, 9, 91, 0, 0, -1372.235
2.83630444524964, 10, 13, 0, 0, -1372.235
2.83455199933796, 10, 22, 0, 0, -1372.235
2.83213079707787, 8, 76, 0, 0, -1372.235
2.82967067497097, 9, 126, 0, 0, -1372.235
2.82010206695075, 9, 60, 0, 0, -1372.235
2.81748982924718, 7, 206, 0, 0, -1372.235
2.81479166319432, 9, 65, 0, 0, -1372.235
2.81160703792909, 8, 180, 0, 0, -1372.235
2.79748409155041, 8, 99, 0, 0, -1372.235
2.78844086824839, 8, 119, 0, 0, -1372.235
2.78730605114007, 9, 29, 0, 0, -1372.235
2.78728053452801, 8, 82, 0, 0, -1372.235
2.78575230689097, 10, 47, 0, 0, -1372.235
2.78212276627631, 5, 1097, 0, 0, -1372.235
2.78085847242831, 10, 26, 0, 0, -1372.235
2.77560565854478, 8, 100, 0, 0, -1372.235
2.77485205321939, 10, 16, 0, 0, -1372.235
2.77423347402134, 8, 109, 0, 0, -1372.235
2.77225997702814, 9, 59, 0, 0, -1372.235
2.76873756322779, 9, 75, 0, 0, -1372.235
2.76656357107934, 10, 17, 0, 0, -1372.235
2.7655933854099, 10, 34, 0, 0, -1372.235
2.76516284909468, 5, 1091, 0, 0, -1372.235
2.76112516723413, 8, 153, 0, 0, -1372.235
2.75386760901981, 10, 11, 0, 0, -1372.235
2.7493223807217, 9, 110, 0, 0, -1372.235
2.74596229973595, 9, 36, 0, 0, -1372.235
2.74513104356571, 9, 68, 0, 0, -1372.235
2.73968443275281, 9, 11, 0, 0, -1372.235
2.73818209395092, 9, 88, 0, 0, -1372.235
2.73370253922459, 9, 60, 0, 0, -1372.235
2.72845867757628, 10, 38, 0, 0, -1372.235
2.72558180491785, 8, 167, 0, 0, -1372.235
2.72205570853558, 8, 46, 0, 0, -1372.235
2.72203897904564, 10, 45, 0, 0, -1372.235
2.71762072730178, 8, 227, 0, 0, -1372.235
2.71128193546504, 10, 9, 0, 0, -1372.235
2.70910651115052, 10, 88, 0, 0, -1372.235
2.70666360839471, 8, 110, 0, 0, -1372.235
2.70622271460603, 8, 215, 0, 0, -1372.235
2.70522255345957, 10, 30, 0, 0, -1372.235
2.70086887019849, 5, 532, 0, 0, -1372.235
2.69958737472862, 10, 35, 0, 0, -1372.235
2.6975279999316, 10, 52, 0, 0, -1372.235
2.69151193992999, 8, 166, 0, 0, -1372.235
2.69060630938926, 10, 44, 0, 0, -1372.235
2.68430781169081, 8, 131, 0, 0, -1372.235
2.67663927444916, 10, 4, 0, 0, -1372.235
2.67506630251029, 9, 99, 0, 0, -1372.235
2.67080754736512, 9, 10, 0, 0, -1372.235
2.66655699915097, 9, 110, 0, 0, -1372.235
2.66439623191036, 7, 290, 0, 0, -1372.235
2.66242987134582, 5, 1347, 0, 0, -1372.235
2.65669758040908, 8, 155, 0, 0, -1372.235
2.64308370732412, 6, 660, 0, 0, -1372.235
2.63539748576806, 9, 60, 0, 0, -1372.235
2.62939241094036, 9, 55, 0, 0, -1372.235
2.62754757763749, 9, 40, 0, 0, -1372.235
2.62105768082599, 9, 72, 0, 0, -1372.235
2.61064530490094, 10, 41, 0, 0, -1372.235
2.60800913331569, 10, 45, 0, 0, -1372.235
2.60231224373045, 9, 21, 0, 0, -1372.235
2.60100747999124, 8, 232, 0, 0, -1372.235
2.6000069446722, 5, 1376, 0, 0, -1372.235
2.59873070678612, 8, 234, 0, 0, -1372.235
2.59057542074299, 2, 11765, 0, 0, -1372.235
2.58895942044623, 5, 1393, 0, 0, -1372.235
2.58798652384647, 8, 174, 0, 0, -1372.235
2.58203717316295, 10, 69, 0, 0, -1372.235
2.57706904748473, 8, 117, 0, 0, -1372.235
2.57290620935422, 9, 63, 0, 0, -1372.235
2.56927787162162, 10, 64, 0, 0, -1372.235
2.56830322657327, 8, 204, 0, 0, -1372.235
2.56557144045991, 6, 684, 0, 0, -1372.235
2.56459226554228, 8, 201, 0, 0, -1372.235
2.56242019640335, 10, 23, 0, 0, -1372.235
2.56133954090889, 10, 26, 0, 0, -1372.235
2.56063327172861, 8, 120, 0, 0, -1372.235
2.55350531638185, 9, 61, 0, 0, -1372.235
2.54656441579091, 10, 41, 0, 0, -1372.235
2.54378122292066, 9, 41, 0, 0, -1372.235
2.54197159550038, 8, 142, 0, 0, -1372.235
2.53790546968982, 10, 20, 0, 0, -1372.235
2.53673129793093, 9, 82, 0, 0, -1372.235
2.53577149716096, 10, 28, 0, 0, -1372.235
2.53112836287769, 9, 88, 0, 0, -1372.235
2.53082675870878, 9, 85, 0, 0, -1372.235
2.53037732842209, 9, 52, 0, 0, -1372.235
2.52762007255333, 7, 154, 0, 0, -1372.235
2.52548366835186, 9, 54, 0, 0, -1372.235
2.52491529385141, 8, 57, 0, 0, -1372.235
2.52363169944461, 10, 40, 0, 0, -1372.235
2.51973162449839, 10, 30, 0, 0, -1372.235
2.51746199734758, 10, 15, 0, 0, -1372.235
2.51329939519875, 8, 89, 0, 0, -1372.235
2.50359328012648, 10, 82, 0, 0, -1372.235
2.50322330704115, 10, 80, 0, 0, -1372.235
2.50277249001721, 9, 33, 0, 0, -1372.235
2.49700487165859, 9, 58, 0, 0, -1372.235
2.4897691002057, 8, 171, 0, 0, -1372.235
2.48876231001225, 8, 88, 0, 0, -1372.235
2.48790799287109, 10, 43, 0, 0, -1372.235
2.48790799287108, 10, 43, 0, 0, -1372.235
2.48301842985029, 10, 39, 0, 0, -1372.235
2.48204296660029, 7, 285, 0, 0, -1372.235
2.47480274989566, 10, 44, 0, 0, -1372.235
2.46795342196706, 8, 225, 0, 0, -1372.235
2.46664508102205, 10, 53, 0, 0, -1372.235
2.45929264002772, 9, 111, 0, 0, -1372.235
2.45775136365661, 10, 17, 0, 0, -1372.235
2.45561734458955, 9, 86, 0, 0, -1372.235
2.45530988674281, 9, 33, 0, 0, -1372.235
2.45368971902666, 9, 60, 0, 0, -1372.235
2.45155858596634, 7, 432, 0, 0, -1372.235
2.45054629616408, 10, 58, 0, 0, -1372.235
2.44782547308128, 7, 417, 0, 0, -1372.235
2.4466215784601, 9, 87, 0, 0, -1372.235
2.44506272916714, 10, 55, 0, 0, -1372.235
2.44234934413106, 8, 115, 0, 0, -1372.235
2.43927244120605, 10, 32, 0, 0, -1372.235
2.43851898933164, 10, 80, 0, 0, -1372.235
2.43849595636538, 9, 107, 0, 0, -1372.235
2.4372773219813, 10, 34, 0, 0, -1372.235
2.43018378081128, 7, 246, 0, 0, -1372.235
2.42085070913788, 8, 219, 0, 0, -1372.235
2.42012178916719, 9, 86, 0, 0, -1372.235
2.41690853061577, 10, 50, 0, 0, -1372.235
2.41583404515183, 10, 45, 0, 0, -1372.235
2.41441770675372, 8, 231, 0, 0, -1372.235
2.4130629322065, 10, 52, 0, 0, -1372.235
2.41174383942407, 8, 164, 0, 0, -1372.235
2.4110695283324, 6, 546, 0, 0, -1372.235
2.4083232601795, 10, 30, 0, 0, -1372.235
2.4061797870608, 8, 157, 0, 0, -1372.235
2.39832771054791, 10, 49, 0, 0, -1372.235
2.39739792854304, 10, 58, 0, 0, -1372.235
2.39100644714515, 10, 53, 0, 0, -1372.235
2.3895013690204, 10, 44, 0, 0, -1372.235
2.38779932684649, 9, 115, 0, 0, -1372.235
2.38730042289874, 10, 14, 0, 0, -1372.235
2.38730042289873, 10, 14, 0, 0, -1372.235
2.3831200248791, 8, 120, 0, 0, -1372.235
2.38294828237857, 9, 110, 0, 0, -1372.235
2.38240416891071, 10, 37, 0, 0, -1372.235
2.37476604692823, 10, 37, 0, 0, -1372.235
2.3744349771386, 7, 333, 0, 0, -1372.235
2.3744096914289, 7, 166, 0, 0, -1372.235
2.37304624105797, 10, 52, 0, 0, -1372.235
2.36851640057351, 10, 58, 0, 0, -1372.235
2.36564178873057, 10, 36, 0, 0, -1372.235
2.3566542254853, 9, 101, 0, 0, -1372.235
2.35398051789128, 10, 58, 0, 0, -1372.235
2.35213438468261, 8, 169, 0, 0, -1372.235
2.35098764798288, 10, 35, 0, 0, -1372.235
2.34866867498843, 8, 111, 0, 0, -1372.235
2.34860830903534, 9, 16, 0, 0, -1372.235
2.34805932438875, 9, 93, 0, 0, -1372.235
2.34542487312262, 8, 131, 0, 0, -1372.235
2.34160735310541, 10, 10, 0, 0, -1372.235
2.3360942139193, 7, 372, 0, 0, -1372.235
2.33516591836242, 10, 39, 0, 0, -1372.235
2.33512517016704, 10, 69, 0, 0, -1372.235
2.33318215686622, 8, 155, 0, 0, -1372.235
2.33276536727388, 10, 31, 0, 0, -1372.235
2.32980480221301, 10, 47, 0, 0, -1372.235
2.32697340781082, 8, 138, 0, 0, -1372.235
2.32321500737352, 5, 1575, 0, 0, -1372.235
2.32128326461708, 9, 102, 0, 0, -1372.235
2.31852505858814, 7, 202, 0, 0, -1372.235
2.3119765054454, 10, 52, 0, 0, -1372.235
2.30393939422869, 7, 219, 0, 0, -1372.235
2.3028190808459, 9, 80, 0, 0, -1372.235
2.30047590471694, 10, 45, 0, 0, -1372.235
2.29945989781885, 7, 408, 0, 0, -1372.235
2.29849907687986, 10, 28, 0, 0, -1372.235
2.29583813142051, 10, 24, 0, 0, -1372.235
2.29393641246787, 10, 13, 0, 0, -1372.235
2.29258729338843, 8, 64, 0, 0, -1372.235
2.28898740283748, 10, 43, 0, 0, -1372.235
2.28731360176727, 6, 519, 0, 0, -1372.235
2.28718902622439, 8, 201, 0, 0, -1372.235
2.28519089058933, 8, 154, 0, 0, -1372.235
2.28262933924815, 9, 80, 0, 0, -1372.235
2.27760320049137, 9, 59, 0, 0, -1372.235
2.27625602900953, 10, 51, 0, 0, -1372.235
2.27019283065945, 9, 21, 0, 0, -1372.235
2.26617823716453, 8, 93, 0, 0, -1372.235
2.263997346227, 8, 116, 0, 0, -1372.235
2.25718012182896, 9, 48, 0, 0, -1372.235
2.24993802533217, 8, 205, 0, 0, -1372.235
2.24734278505052, 10, 49, 0, 0, -1372.235
2.2397186661282, 10, 52, 0, 0, -1372.235
2.23442818429214, 9, 34, 0, 0, -1372.235
2.23336068568173, 9, 20, 0, 0, -1372.235
2.23182050784244, 9, 78, 0, 0, -1372.235
2.23160394046386, 10, 26, 0, 0, -1372.235
2.22934391319707, 10, 47, 0, 0, -1372.235
2.2279090918428, 10, 52, 0, 0, -1372.235
2.22640049249166, 10, 7, 0, 0, -1372.235
2.22461484785849, 8, 272, 0, 0, -1372.235
2.22447049649722, 9, 96, 0, 0, -1372.235
2.21891677712338, 10, 27, 0, 0, -1372.235
2.21858120422314, 10, 26, 0, 0, -1372.235
2.21858120422313, 10, 26, 0, 0, -1372.235
2.214339398915, 10, 33, 0, 0, -1372.235
2.21275079582621, 10, 62, 0, 0, -1372.235
2.21217013930066, 8, 59, 0, 0, -1372.235
2.20697760981185, 8, 98, 0, 0, -1372.235
2.20348867015996, 7, 491, 0, 0, -1372.235
2.19454847561481, 10, 35, 0, 0, -1372.235
2.194326835926, 10, 38, 0, 0, -1372.235
2.19234120246835, 9, 59, 0, 0, -1372.235
2.18533517756867, 10, 42, 0, 0, -1372.235
2.18490160541664, 8, 200, 0, 0, -1372.235
2.18186374627276, 9, 65, 0, 0, -1372.235
2.17803252409597, 9, 26, 0, 0, -1372.235
2.17690052739634, 9, 28, 0, 0, -1372.235
2.17670115970447, 9, 77, 0, 0, -1372.235
2.17499628372619, 10, 28, 0, 0, -1372.235
2.17446715260442, 8, 219, 0, 0, -1372.235
2.17385570287098, 7, 248, 0, 0, -1372.235
2.17286640934412, 8, 169, 0, 0, -1372.235
2.17007645060627, 9, 16, 0, 0, -1372.235
2.16955676021979, 8, 34, 0, 0, -1372.235
2.16846896781761, 8, 164, 0, 0, -1372.235
2.15687909823486, 10, 49, 0, 0, -1372.235
2.1565563256951, 10, 14, 0, 0, -1372.235
2.15617793042865, 10, 60, 0, 0, -1372.235
2.15089740063011, 7, 487, 0, 0, -1372.235
2.14620875463369, 9, 90, 0, 0, -1372.235
2.14262355745361, 9, 92, 0, 0, -1372.235
2.14015196807948, 9, 45, 0, 0, -1372.235
2.134048265621, 10, 8, 0, 0, -1372.235
2.13138995131783, 9, 113, 0, 0, -1372.235
2.12764232411339, 10, 32, 0, 0, -1372.235
2.12080015882796, 10, 31, 0, 0, -1372.235
2.12061199078711, 9, 175, 0, 0, -1372.235
2.11184003622917, 10, 44, 0, 0, -1372.235
2.1114517514552, 6, 440, 0, 0, -1372.235
2.10788849810111, 10, 53, 0, 0, -1372.235
2.10519288953267, 10, 17, 0, 0, -1372.235
2.10508431510688, 10, 53, 0, 0, -1372.235
2.1048392652114, 9, 132, 0, 0, -1372.235
2.10397915865438, 9, 35, 0, 0, -1372.235
2.10298427168081, 9, 77, 0, 0, -1372.235
2.10250797682628, 10, 40, 0, 0, -1372.235
2.10062573081394, 9, 75, 0, 0, -1372.235
2.09956182685852, 10, 19, 0, 0, -1372.235
2.09935453698992, 9, 102, 0, 0, -1372.235
2.09418565451709, 8, 107, 0, 0, -1372.235
2.08615891654197, 10, 51, 0, 0, -1372.235
2.08445653718642, 9, 70, 0, 0, -1372.235
2.08239955156661, 9, 37, 0, 0, -1372.235
2.07666168757796, 10, 49, 0, 0, -1372.235
2.07541457095158, 10, 25, 0, 0, -1372.235
2.06970737874088, 10, 21, 0, 0, -1372.235
2.06920742876242, 10, 30, 0, 0, -1372.235
2.06881934983608, 10, 28, 0, 0, -1372.235
2.06056904053036, 10, 41, 0, 0, -1372.235
2.05502776680575, 9, 113, 0, 0, -1372.235
2.0516320050603, 6, 652, 0, 0, -1372.235
2.0494547263152, 9, 91, 0, 0, -1372.235
2.04896542347344, 9, 48, 0, 0, -1372.235
2.04865193089431, 9, 64, 0, 0, -1372.235
2.04700868116469, 10, 22, 0, 0, -1372.235
2.04667316818942, 7, 131, 0, 0, -1372.235
2.04602538459632, 10, 30, 0, 0, -1372.235
2.04199252082038, 10, 50, 0, 0, -1372.235
2.03908129139771, 8, 185, 0, 0, -1372.235
2.0369168750212, 6, 192, 0, 0, -1372.235
2.03607352915401, 8, 36, 0, 0, -1372.235
2.03517676190225, 6, 787, 0, 0, -1372.235
2.03082290960386, 10, 49, 0, 0, -1372.235
2.02808367737767, 10, 40, 0, 0, -1372.235
2.02676309775988, 10, 29, 0, 0, -1372.235
2.02550967492338, 8, 163, 0, 0, -1372.235
2.02255050605967, 10, 10, 0, 0, -1372.235
2.02194192516024, 8, 37, 0, 0, -1372.235
2.01343213741585, 10, 31, 0, 0, -1372.235
2.01013085514961, 9, 99, 0, 0, -1372.235
2.00982413920786, 7, 258, 0, 0, -1372.235
2.00867841195469, 10, 26, 0, 0, -1372.235
2.00736499268554, 8, 130, 0, 0, -1372.235
1.99934729924236, 10, 35, 0, 0, -1372.235
1.99370937456883, 10, 43, 0, 0, -1372.235
1.99354009270002, 9, 49, 0, 0, -1372.235
1.98740849488199, 10, 57, 0, 0, -1372.235
1.98513925301555, 10, 47, 0, 0, -1372.235
1.9804985715195, 10, 11, 0, 0, -1372.235
1.98028428364426, 6, 617, 0, 0, -1372.235
1.97983492106083, 10, 69, 0, 0, -1372.235
1.97635050019705, 10, 27, 0, 0, -1372.235
1.97454437921426, 10, 35, 0, 0, -1372.235
1.972939668551, 10, 43, 0, 0, -1372.235
1.9710828506546, 8, 268, 0, 0, -1372.235
1.96893019334231, 6, 685, 0, 0, -1372.235
1.96717098527551, 10, 53, 0, 0, -1372.235
1.96547751112509, 10, 32, 0, 0, -1372.235
1.96443191299096, 9, 73, 0, 0, -1372.235
1.96018531043748, 9, 97, 0, 0, -1372.235
1.9586376271543, 10, 19, 0, 0, -1372.235
1.95421546413517, 8, 131, 0, 0, -1372.235
1.95322923841754, 10, 30, 0, 0, -1372.235
1.94688490004987, 6, 485, 0, 0, -1372.235
1.94491876068972, 9, 74, 0, 0, -1372.235
1.94452297461131, 9, 98, 0, 0, -1372.235
1.93927196668811, 10, 37, 0, 0, -1372.235
1.93563757338373, 9, 50, 0, 0, -1372.235
1.93089012989678, 9, 83, 0, 0, -1372.235
1.92779096776838, 10, 38, 0, 0, -1372.235
1.91738411569147, 10, 49, 0, 0, -1372.235
1.91303600741186, 10, 25, 0, 0, -1372.235
1.91193864596659, 9, 89, 0, 0, -1372.235
1.91185134840284, 6, 770, 0, 0, -1372.235
1.91053715931949, 7, 146, 0, 0, -1372.235
1.90847286516644, 10, 35, 0, 0, -1372.235
1.90502148892237, 9, 15, 0, 0, -1372.235
1.90432705693746, 8, 177, 0, 0, -1372.235
1.89932546978992, 9, 79, 0, 0, -1372.235
1.89540748507614, 8, 178, 0, 0, -1372.235
1.89495615738228, 10, 40, 0, 0, -1372.235
1.8918101718004, 5, 1392, 0, 0, -1372.235
1.8902265245214, 8, 121, 0, 0, -1372.235
1.8898055204686, 10, 33, 0, 0, -1372.235
1.88798481250853, 10, 9, 0, 0, -1372.235
1.88501523242466, 8, 116, 0, 0, -1372.235
1.88441853390673, 10, 37, 0, 0, -1372.235
1.87826253028326, 9, 59, 0, 0, -1372.235
1.87233809917174, 9, 57, 0, 0, -1372.235
1.87053991481997, 10, 22, 0, 0, -1372.235
1.87053991481997, 10, 22, 0, 0, -1372.235
1.86853892721801, 10, 65, 0, 0, -1372.235
1.86812301575245, 10, 11, 0, 0, -1372.235
1.86564595422278, 10, 22, 0, 0, -1372.235
1.86455796107017, 9, 103, 0, 0, -1372.235
1.86354269022303, 9, 102, 0, 0, -1372.235
1.86132122552942, 9, 73, 0, 0, -1372.235
1.85740892336294, 9, 54, 0, 0, -1372.235
1.85606739858122, 9, 37, 0, 0, -1372.235
1.85174988135058, 10, 24, 0, 0, -1372.235
1.85008446564201, 10, 14, 0, 0, -1372.235
1.84279964504585, 9, 55, 0, 0, -1372.235
1.84178383070801, 9, 79, 0, 0, -1372.235
1.84166234320343, 9, 28, 0, 0, -1372.235
1.83907442277254, 9, 90, 0, 0, -1372.235
1.83651789336698, 10, 35, 0, 0, -1372.235
1.83629039541535, 10, 82, 0, 0, -1372.235
1.82981659067549, 7, 349, 0, 0, -1372.235
1.8283342775589, 10, 24, 0, 0, -1372.235
1.82447487591122, 10, 70, 0, 0, -1372.235
1.82439328291001, 10, 35, 0, 0, -1372.235
1.82313272395043, 9, 102, 0, 0, -1372.235
1.82114670035788, 10, 32, 0, 0, -1372.235
1.82113924151024, 8, 131, 0, 0, -1372.235
1.81747045114129, 9, 18, 0, 0, -1372.235
1.81317916514208, 6, 904, 0, 0, -1372.235
1.80981502620242, 8, 254, 0, 0, -1372.235
1.80511275973231, 10, 46, 0, 0, -1372.235
1.80460134456771, 9, 34, 0, 0, -1372.235
1.80453873966942, 10, 64, 0, 0, -1372.235
1.80335018264929, 10, 28, 0, 0, -1372.235
1.80303557898918, 10, 71, 0, 0, -1372.235
1.80216227911657, 7, 354, 0, 0, -1372.235
1.80045762669982, 6, 452, 0, 0, -1372.235
1.79898962393415, 10, 59, 0, 0, -1372.235
1.79448464013922, 8, 71, 0, 0, -1372.235
1.79197855513246, 8, 164, 0, 0, -1372.235
1.79072086996151, 10, 28, 0, 0, -1372.235
1.79053771069529, 10, 23, 0, 0, -1372.235
1.78887704368348, 10, 23, 0, 0, -1372.235
1.7879038893117, 10, 25, 0, 0, -1372.235
1.78645837544581, 8, 131, 0, 0, -1372.235
1.78553920232074, 6, 434, 0, 0, -1372.235
1.78105230500277, 9, 87, 0, 0, -1372.235
1.77991683639913, 10, 37, 0, 0, -1372.235
1.77640235418471, 9, 39, 0, 0, -1372.235
1.7734730247293, 9, 81, 0, 0, -1372.235
1.77306819417895, 9, 85, 0, 0, -1372.235
1.7701750555935, 7, 160, 0, 0, -1372.235
1.76848853679891, 10, 12, 0, 0, -1372.235
1.76847190953007, 10, 24, 0, 0, -1372.235
1.76626563130766, 10, 24, 0, 0, -1372.235
1.76584936053766, 10, 53, 0, 0, -1372.235
1.76459668655225, 10, 58, 0, 0, -1372.235
1.76153118962251, 9, 35, 0, 0, -1372.235
1.76130692393113, 10, 62, 0, 0, -1372.235
1.76130269703698, 10, 43, 0, 0, -1372.235
1.75823623875881, 10, 50, 0, 0, -1372.235
1.75603317903586, 9, 45, 0, 0, -1372.235
1.75438084801494, 10, 21, 0, 0, -1372.235
1.75431762935938, 10, 29, 0, 0, -1372.235
1.75151550526461, 10, 39, 0, 0, -1372.235
1.75005735265764, 9, 105, 0, 0, -1372.235
1.74909044753906, 7, 280, 0, 0, -1372.235
1.7446591038144, 10, 11, 0, 0, -1372.235
1.74277786265458, 9, 96, 0, 0, -1372.235
1.74109805495972, 10, 10, 0, 0, -1372.235
1.73794020971545, 9, 83, 0, 0, -1372.235
1.7377699488447, 7, 321, 0, 0, -1372.235
1.73602626480158, 7, 209, 0, 0, -1372.235
1.73404811990796, 10, 41, 0, 0, -1372.235
1.73033902381306, 9, 41, 0, 0, -1372.235
1.73005113877131, 9, 21, 0, 0, -1372.235
1.721428974786, 9, 54, 0, 0, -1372.235
1.71498768634789, 7, 400, 0, 0, -1372.235
1.7148329085827, 9, 52, 0, 0, -1372.235
1.71414862683431, 10, 26, 0, 0, -1372.235
1.71370061905081, 9, 70, 0, 0, -1372.235
1.71187822480713, 9, 26, 0, 0, -1372.235
1.71110270235139, 10, 55, 0, 0, -1372.235
1.71099908225598, 10, 43, 0, 0, -1372.235
1.71023277260572, 10, 49, 0, 0, -1372.235
1.7096931999655, 9, 72, 0, 0, -1372.235
1.70851150202086, 8, 178, 0, 0, -1372.235
1.7076712736428, 10, 32, 0, 0, -1372.235
1.70570262155895, 10, 43, 0, 0, -1372.235
1.70280514849033, 10, 48, 0, 0, -1372.235
1.6958233791601, 10, 45, 0, 0, -1372.235
1.69356761135272, 9, 122, 0, 0, -1372.235
1.68994862938327, 9, 31, 0, 0, -1372.235
1.68720137667313, 6, 838, 0, 0, -1372.235
1.68643682673141, 9, 112, 0, 0, -1372.235
1.68426912214221, 6, 504, 0, 0, -1372.235
1.68366037315672, 10, 42, 0, 0, -1372.235
1.67288252843378, 9, 92, 0, 0, -1372.235
1.67184236276977, 10, 14, 0, 0, -1372.235
1.67012096149764, 9, 54, 0, 0, -1372.235
1.66795560998513, 10, 40, 0, 0, -1372.235
1.66657160970237, 10, 43, 0, 0, -1372.235
1.66383977394232, 9, 60, 0, 0, -1372.235
1.66375190163982, 5, 1624, 0, 0, -1372.235
1.66053000648065, 7, 339, 0, 0, -1372.235
1.65888100365788, 3, 5739, 0, 0, -1372.235
1.65663394005727, 10, 57, 0, 0, -1372.235
1.65510878053417, 9, 88, 0, 0, -1372.235
1.65299624284323, 9, 61, 0, 0, -1372.235
1.65229502973257, 10, 26, 0, 0, -1372.235
1.64662680442524, 10, 45, 0, 0, -1372.235
1.6461825531055, 9, 113, 0, 0, -1372.235
1.64575682427536, 5, 964, 0, 0, -1372.235
1.64562036947909, 10, 77, 0, 0, -1372.235
1.6422903277219, 10, 45, 0, 0, -1372.235
1.63984659892619, 10, 17, 0, 0, -1372.235
1.6386483436793, 9, 67, 0, 0, -1372.235
1.63720355837575, 8, 162, 0, 0, -1372.235
1.6353894936036, 10, 7, 0, 0, -1372.235
1.63307117551313, 9, 86, 0, 0, -1372.235
1.62700698377834, 10, 31, 0, 0, -1372.235
1.62639791071168, 9, 141, 0, 0, -1372.235
1.62613212561062, 9, 102, 0, 0, -1372.235
1.6260994946248, 9, 54, 0, 0, -1372.235
1.62401142352692, 10, 26, 0, 0, -1372.235
1.62360244080422, 9, 35, 0, 0, -1372.235
1.61761714693172, 7, 403, 0, 0, -1372.235
1.61215227128599, 10, 24, 0, 0, -1372.235
1.61149107895459, 10, 28, 0, 0, -1372.235
1.60896810292783, 8, 123, 0, 0, -1372.235
1.60277295694855, 10, 22, 0, 0, -1372.235
1.60146547415109, 8, 144, 0, 0, -1372.235
1.59521862889765, 5, 1136, 0, 0, -1372.235
1.59297919407926, 8, 124, 0, 0, -1372.235
1.59277518829296, 3, 6026, 0, 0, -1372.235
1.59268609001278, 7, 177, 0, 0, -1372.235
1.58947919705663, 10, 48, 0, 0, -1372.235
1.58882882929243, 10, 20, 0, 0, -1372.235
1.58763334020259, 8, 56, 0, 0, -1372.235
1.58706781290374, 9, 89, 0, 0, -1372.235
1.58593109818947, 9, 36, 0, 0, -1372.235
1.58210267707453, 9, 51, 0, 0, -1372.235
1.57843234850144, 10, 15, 0, 0, -1372.235
1.57765047437062, 10, 42, 0, 0, -1372.235
1.57671875, 9, 64, 0, 0, -1372.235
1.57328306918863, 10, 26, 0, 0, -1372.235
1.56962987160619, 10, 24, 0, 0, -1372.235
1.56784368505885, 10, 53, 0, 0, -1372.235
1.55973040515177, 10, 49, 0, 0, -1372.235
1.55954653200333, 10, 22, 0, 0, -1372.235
1.55716609684279, 7, 302, 0, 0, -1372.235
1.55516227513955, 9, 61, 0, 0, -1372.235
1.55320786441911, 8, 77, 0, 0, -1372.235
1.55300191321082, 10, 53, 0, 0, -1372.235
1.54938998423141, 9, 79, 0, 0, -1372.235
1.54699338861119, 6, 805, 0, 0, -1372.235
1.5469653897648, 10, 41, 0, 0, -1372.235
1.54419758194199, 9, 47, 0, 0, -1372.235
1.54394302815138, 10, 38, 0, 0, -1372.235
1.54220541605519, 6, 808, 0, 0, -1372.235
1.53963722730654, 10, 82, 0, 0, -1372.235
1.53904662605937, 8, 181, 0, 0, -1372.235
1.53828934825012, 6, 519, 0, 0, -1372.235
1.53659504302246, 9, 99, 0, 0, -1372.235
1.53617755488331, 7, 295, 0, 0, -1372.235
1.52624221987638, 9, 97, 0, 0, -1372.235
1.52598326862631, 10, 28, 0, 0, -1372.235
1.52418842910502, 9, 29, 0, 0, -1372.235
1.52327168685947, 5, 1344, 0, 0, -1372.235
1.52261315752756, 9, 11, 0, 0, -1372.235
1.51859083711291, 9, 27, 0, 0, -1372.235
1.51701573229667, 8, 132, 0, 0, -1372.235
1.51307742384716, 10, 37, 0, 0, -1372.235
1.5073482408809, 7, 467, 0, 0, -1372.235
1.50478102214342, 10, 17, 0, 0, -1372.235
1.5018761586024, 10, 11, 0, 0, -1372.235
1.49861552266867, 10, 31, 0, 0, -1372.235
1.49734447344265, 10, 35, 0, 0, -1372.235
1.49230930071723, 9, 48, 0, 0, -1372.235
1.49098476339953, 5, 1379, 0, 0, -1372.235
1.49027259317194, 2, 7314, 0, 0, -1372.235
1.48935112861753, 10, 23, 0, 0, -1372.235
1.4890216172263, 8, 81, 0, 0, -1372.235
1.48757813461483, 10, 32, 0, 0, -1372.235
1.48148645702469, 9, 96, 0, 0, -1372.235
1.4809148318834, 9, 26, 0, 0, -1372.235
1.47970438694273, 9, 53, 0, 0, -1372.235
1.47935526586741, 7, 219, 0, 0, -1372.235
1.47869717193326, 9, 42, 0, 0, -1372.235
1.47848156192367, 9, 31, 0, 0, -1372.235
1.47527985095976, 8, 171, 0, 0, -1372.235
1.47388985294129, 9, 70, 0, 0, -1372.235
1.46991325258059, 10, 66, 0, 0, -1372.235
1.46936859125238, 10, 41, 0, 0, -1372.235
1.46629475545957, 9, 60, 0, 0, -1372.235
1.46428196894093, 7, 456, 0, 0, -1372.235
1.46345837044287, 10, 48, 0, 0, -1372.235
1.4585803495917, 10, 25, 0, 0, -1372.235
1.45281497749066, 10, 46, 0, 0, -1372.235
1.45026562400442, 9, 124, 0, 0, -1372.235
1.44933390584169, 10, 16, 0, 0, -1372.235
1.44808897242906, 9, 79, 0, 0, -1372.235
1.44751356628922, 7, 404, 0, 0, -1372.235
1.44641540277438, 9, 88, 0, 0, -1372.235
1.44604290722019, 9, 96, 0, 0, -1372.235
1.44596364317055, 10, 42, 0, 0, -1372.235
1.44236314655171, 9, 64, 0, 0, -1372.235
1.44087977780902, 10, 54, 0, 0, -1372.235
1.43298892262579, 9, 80, 0, 0, -1372.235
1.43208980829692, 10, 10, 0, 0, -1372.235
1.43118513770799, 8, 153, 0, 0, -1372.235
1.42988862685623, 8, 106, 0, 0, -1372.235
1.42714403358425, 9, 56, 0, 0, -1372.235
1.42405587674918, 10, 18, 0, 0, -1372.235
1.42123915328105, 10, 34, 0, 0, -1372.235
1.42040172421687, 9, 80, 0, 0, -1372.235
1.41819527732964, 10, 55, 0, 0, -1372.235
1.41628961737318, 10, 31, 0, 0, -1372.235
1.40950584903439, 10, 11, 0, 0, -1372.235
1.40350804248007, 9, 101, 0, 0, -1372.235
1.40144198406268, 9, 104, 0, 0, -1372.235
1.40125110751233, 8, 224, 0, 0, -1372.235
1.39767834037888, 9, 77, 0, 0, -1372.235
1.3937580631363, 10, 37, 0, 0, -1372.235
1.39203206948559, 9, 102, 0, 0, -1372.235
1.39096109449114, 10, 38, 0, 0, -1372.235
1.38837437935055, 10, 38, 0, 0, -1372.235
1.38175024481676, 10, 38, 0, 0, -1372.235
1.38084037776693, 10, 50, 0, 0, -1372.235
1.37705310361886, 7, 350, 0, 0, -1372.235
1.3769577924907, 7, 276, 0, 0, -1372.235
1.37541259181867, 10, 40, 0, 0, -1372.235
1.37515189160209, 10, 54, 0, 0, -1372.235
1.37507983167309, 10, 21, 0, 0, -1372.235
1.37496866259244, 10, 11, 0, 0, -1372.235
1.37402185680328, 8, 171, 0, 0, -1372.235
1.37261326434766, 9, 58, 0, 0, -1372.235
1.37246559759833, 10, 41, 0, 0, -1372.235
1.37192395211302, 10, 57, 0, 0, -1372.235
1.37192395211301, 10, 57, 0, 0, -1372.235
1.36517403791361, 10, 45, 0, 0, -1372.235
1.36253194934075, 10, 47, 0, 0, -1372.235
1.3612415074164, 10, 31, 0, 0, -1372.235
1.36018830946634, 7, 242, 0, 0, -1372.235
1.35679722944397, 10, 58, 0, 0, -1372.235
1.35220715361462, 10, 57, 0, 0, -1372.235
1.34746712886064, 10, 53, 0, 0, -1372.235
1.34603861352842, 9, 100, 0, 0, -1372.235
1.34589429988861, 8, 237, 0, 0, -1372.235
1.34199055085261, 9, 105, 0, 0, -1372.235
1.34159355741458, 7, 241, 0, 0, -1372.235
1.34103621560648, 10, 45, 0, 0, -1372.235
1.34083728237799, 6, 468, 0, 0, -1372.235
1.33928563250208, 9, 78, 0, 0, -1372.235
1.33856391082868, 8, 214, 0, 0, -1372.235
1.33850872615639, 7, 386, 0, 0, -1372.235
1.33778777964127, 8, 101, 0, 0, -1372.235
1.33747288939304, 9, 67, 0, 0, -1372.235
1.3373265618524, 9, 86, 0, 0, -1372.235
1.3364505377207, 10, 20, 0, 0, -1372.235
1.33523189515406, 9, 119, 0, 0, -1372.235
1.33255534353826, 10, 38, 0, 0, -1372.235
1.33093369432844, 10, 81, 0, 0, -1372.235
1.32701895794985, 9, 48, 0, 0, -1372.235
1.32595299127822, 9, 120, 0, 0, -1372.235
1.32566667525014, 9, 69, 0, 0, -1372.235
1.32474011969265, 9, 13, 0, 0, -1372.235
1.32295737901752, 10, 17, 0, 0, -1372.235
1.32274567358817, 10, 11, 0, 0, -1372.235
1.31905924293033, 10, 43, 0, 0, -1372.235
1.31870611635425, 6, 676, 0, 0, -1372.235
1.31685801539955, 10, 33, 0, 0, -1372.235
1.31493566419973, 8, 197, 0, 0, -1372.235
1.31116940761909, 10, 50, 0, 0, -1372.235
1.30643827242346, 10, 40, 0, 0, -1372.235
1.30338263671205, 10, 28, 0, 0, -1372.235
1.30314405560666, 7, 255, 0, 0, -1372.235
1.29642792773593, 10, 44, 0, 0, -1372.235
1.29506136777512, 10, 54, 0, 0, -1372.235
1.29213625321996, 10, 33, 0, 0, -1372.235
1.29074304208361, 9, 51, 0, 0, -1372.235
1.28947320701338, 9, 43, 0, 0, -1372.235
1.28936077842599, 8, 201, 0, 0, -1372.235
1.28888855506716, 10, 29, 0, 0, -1372.235
1.28658624625724, 10, 58, 0, 0, -1372.235
1.28573702927055, 10, 44, 0, 0, -1372.235
1.28263520153104, 9, 50, 0, 0, -1372.235
1.28104075418102, 8, 186, 0, 0, -1372.235
1.27906878292166, 9, 88, 0, 0, -1372.235
1.27890889133565, 5, 1481, 0, 0, -1372.235
1.27713437086711, 10, 46, 0, 0, -1372.235
1.27606128717377, 9, 84, 0, 0, -1372.235
1.27321107357468, 8, 130, 0, 0, -1372.235
1.27309486591627, 7, 262, 0, 0, -1372.235
1.2676815399551, 10, 35, 0, 0, -1372.235
1.26702174851496, 10, 36, 0, 0, -1372.235
1.26501115444192, 9, 85, 0, 0, -1372.235
1.26164619616299, 2, 8932, 0, 0, -1372.235
1.25843950413885, 10, 27, 0, 0, -1372.235
1.25621719335051, 9, 76, 0, 0, -1372.235
1.25547011440278, 10, 48, 0, 0, -1372.235
1.25035902252096, 10, 36, 0, 0, -1372.235
1.2500703094781, 4, 2286, 0, 0, -1372.235
1.24611576169645, 9, 47, 0, 0, -1372.235
1.2445791281482, 8, 75, 0, 0, -1372.235
1.24272303092696, 10, 32, 0, 0, -1372.235
1.24153492465124, 9, 45, 0, 0, -1372.235
1.23995021319637, 9, 52, 0, 0, -1372.235
1.23892694155806, 9, 106, 0, 0, -1372.235
1.23766886448886, 10, 39, 0, 0, -1372.235
1.23345848932396, 10, 15, 0, 0, -1372.235
1.22688271435407, 9, 122, 0, 0, -1372.235
1.2262285642428, 10, 53, 0, 0, -1372.235
1.22158513152983, 10, 29, 0, 0, -1372.235
1.21971307234757, 3, 3552, 0, 0, -1372.235
1.21592084298589, 10, 32, 0, 0, -1372.235
1.214077068326, 9, 33, 0, 0, -1372.235
1.21395052375124, 10, 35, 0, 0, -1372.235
1.21394888754844, 9, 68, 0, 0, -1372.235
1.20435955334515, 10, 31, 0, 0, -1372.235
1.20322144244374, 10, 30, 0, 0, -1372.235
1.20156029115988, 9, 54, 0, 0, -1372.235
1.20034286483959, 10, 49, 0, 0, -1372.235
1.19895886812311, 10, 26, 0, 0, -1372.235
1.19769409371, 10, 16, 0, 0, -1372.235
1.19693554344422, 10, 22, 0, 0, -1372.235
1.19628294399747, 10, 13, 0, 0, -1372.235
1.19530986283336, 10, 39, 0, 0, -1372.235
1.19463898952533, 10, 31, 0, 0, -1372.235
1.19458874956039, 10, 23, 0, 0, -1372.235
1.19453227143981, 9, 79, 0, 0, -1372.235
1.19425621433432, 10, 42, 0, 0, -1372.235
1.19176836232159, 10, 42, 0, 0, -1372.235
1.18806072888549, 9, 84, 0, 0, -1372.235
1.185226355191, 10, 37, 0, 0, -1372.235
1.1825195997874, 9, 27, 0, 0, -1372.235
1.17863184935324, 8, 178, 0, 0, -1372.235
1.1778343573413, 9, 91, 0, 0, -1372.235
1.17274248996556, 8, 226, 0, 0, -1372.235
1.17273048590164, 10, 29, 0, 0, -1372.235
1.17261608131758, 9, 118, 0, 0, -1372.235
1.17240130382335, 7, 408, 0, 0, -1372.235
1.17187824798368, 10, 31, 0, 0, -1372.235
1.16896108609362, 6, 791, 0, 0, -1372.235
1.16694265072631, 9, 71, 0, 0, -1372.235
1.16639160857692, 6, 761, 0, 0, -1372.235
1.16387186478757, 10, 53, 0, 0, -1372.235
1.163224315529, 7, 286, 0, 0, -1372.235
1.16261287965464, 9, 45, 0, 0, -1372.235
1.1603431274985, 10, 42, 0, 0, -1372.235
1.15901641551787, 10, 37, 0, 0, -1372.235
1.15738379595466, 10, 18, 0, 0, -1372.235
1.15415733242217, 10, 30, 0, 0, -1372.235
1.15006926044945, 9, 65, 0, 0, -1372.235
1.147434844685, 9, 63, 0, 0, -1372.235
1.1425280789646, 7, 158, 0, 0, -1372.235
1.14235020046629, 10, 52, 0, 0, -1372.235
1.14032413148056, 9, 101, 0, 0, -1372.235
1.13955886535139, 9, 77, 0, 0, -1372.235
1.13731696187609, 10, 48, 0, 0, -1372.235
1.13171977788765, 10, 32, 0, 0, -1372.235
1.12818200866904, 7, 360, 0, 0, -1372.235
1.12506630244261, 9, 119, 0, 0, -1372.235
1.12200794242703, 10, 37, 0, 0, -1372.235
1.12168080449299, 9, 90, 0, 0, -1372.235
1.11887729909954, 10, 17, 0, 0, -1372.235
1.11667259843998, 9, 33, 0, 0, -1372.235
1.11440129930888, 10, 25, 0, 0, -1372.235
1.11407423609802, 9, 99, 0, 0, -1372.235
1.10946409492301, 10, 58, 0, 0, -1372.235
1.1087309307723, 10, 48, 0, 0, -1372.235
1.10226940384866, 9, 87, 0, 0, -1372.235
1.09895696918717, 10, 41, 0, 0, -1372.235
1.09769954265527, 6, 595, 0, 0, -1372.235
1.09547646546937, 9, 99, 0, 0, -1372.235
1.09374488615321, 8, 156, 0, 0, -1372.235
1.08822240077592, 9, 47, 0, 0, -1372.235
1.08703264091763, 8, 211, 0, 0, -1372.235
1.08446071955896, 10, 50, 0, 0, -1372.235
1.0839158855406, 9, 72, 0, 0, -1372.235
1.0837253819152, 9, 104, 0, 0, -1372.235
1.08302241221066, 10, 25, 0, 0, -1372.235
1.08269385050882, 8, 148, 0, 0, -1372.235
1.07983289477557, 10, 47, 0, 0, -1372.235
1.07963859113051, 10, 58, 0, 0, -1372.235
1.07668269141452, 9, 68, 0, 0, -1372.235
1.07444524033645, 8, 166, 0, 0, -1372.235
1.07015310168146, 8, 215, 0, 0, -1372.235
1.06699833247468, 10, 51, 0, 0, -1372.235
1.06603413365329, 10, 33, 0, 0, -1372.235
1.06542556636442, 9, 90, 0, 0, -1372.235
1.0654021471306, 9, 54, 0, 0, -1372.235
1.06286365125918, 10, 17, 0, 0, -1372.235
1.05688215183669, 9, 45, 0, 0, -1372.235
1.05429717565261, 9, 108, 0, 0, -1372.235
1.05295968994138, 10, 28, 0, 0, -1372.235
1.05203871407045, 10, 52, 0, 0, -1372.235
1.05184870420987, 10, 33, 0, 0, -1372.235
1.04843200262636, 6, 474, 0, 0, -1372.235
1.04741935111701, 9, 78, 0, 0, -1372.235
1.04617876821085, 10, 48, 0, 0, -1372.235
1.04493014841859, 10, 17, 0, 0, -1372.235
1.04430117999736, 8, 118, 0, 0, -1372.235
1.04301715448937, 9, 38, 0, 0, -1372.235
1.04217199914362, 10, 25, 0, 0, -1372.235
1.04085637629711, 9, 115, 0, 0, -1372.235
1.03984479223608, 7, 381, 0, 0, -1372.235
1.0397665178421, 10, 27, 0, 0, -1372.235
1.0354933863503, 10, 31, 0, 0, -1372.235
1.03449313432824, 10, 43, 0, 0, -1372.235
1.03387241146246, 10, 30, 0, 0, -1372.235
1.03086863535162, 10, 37, 0, 0, -1372.235
1.02347069196123, 10, 60, 0, 0, -1372.235
1.02199318490802, 7, 389, 0, 0, -1372.235
1.02165441880914, 10, 35, 0, 0, -1372.235
1.02134559671636, 10, 58, 0, 0, -1372.235
1.0200333314897, 9, 113, 0, 0, -1372.235
1.01946669320807, 10, 54, 0, 0, -1372.235
1.01795519252444, 10, 35, 0, 0, -1372.235
1.01397479438068, 9, 78, 0, 0, -1372.235
1.01028794682046, 10, 37, 0, 0, -1372.235
1.0099984242814, 9, 89, 0, 0, -1372.235
1.00967017345083, 10, 28, 0, 0, -1372.235
1.00890497802346, 10, 29, 0, 0, -1372.235
1.00866035418824, 10, 26, 0, 0, -1372.235
1.0067688332515, 10, 26, 0, 0, -1372.235
1.00572356252863, 3, 3078, 0, 0, -1372.235
1.00332283602337, 9, 69, 0, 0, -1372.235
1.00034836080473, 8, 146, 0, 0, -1372.235
0.998445945945947, 9, 64, 0, 0, -1372.235
0.99132939123273, 4, 1536, 0, 0, -1372.235
0.989524526876447, 10, 33, 0, 0, -1372.235
0.986896894904444, 8, 64, 0, 0, -1372.235
0.986701174881658, 7, 192, 0, 0, -1372.235
0.98531431128035, 3, 4312, 0, 0, -1372.235
0.97860633864844, 7, 427, 0, 0, -1372.235
0.977528024042136, 9, 79, 0, 0, -1372.235
0.973758953932799, 8, 135, 0, 0, -1372.235
0.969457132693793, 10, 36, 0, 0, -1372.235
0.96726387426698, 8, 43, 0, 0, -1372.235
0.965311545762639, 10, 58, 0, 0, -1372.235
0.963436936936926, 9, 64, 0, 0, -1372.235
0.962007127672133, 10, 16, 0, 0, -1372.235
0.961748041352674, 10, 20, 0, 0, -1372.235
0.961262094861131, 10, 63, 0, 0, -1372.235
0.959165929657743, 7, 355, 0, 0, -1372.235
0.958376811433979, 10, 45, 0, 0, -1372.235
0.950849409939588, 10, 67, 0, 0, -1372.235
0.950529723056492, 10, 38, 0, 0, -1372.235
0.94944121981666, 10, 51, 0, 0, -1372.235
0.94697213500302, 10, 58, 0, 0, -1372.235
0.946475100207936, 10, 28, 0, 0, -1372.235
0.943206476878387, 10, 13, 0, 0, -1372.235
0.942217762463166, 10, 28, 0, 0, -1372.235
0.940076367837495, 10, 29, 0, 0, -1372.235
0.940076367837492, 10, 29, 0, 0, -1372.235
0.937862857672378, 10, 49, 0, 0, -1372.235
0.936802967308864, 10, 58, 0, 0, -1372.235
0.93644173265, 10, 21, 0, 0, -1372.235
0.935022064904566, 8, 255, 0, 0, -1372.235
0.934412723819443, 10, 40, 0, 0, -1372.235
0.933085592253181, 9, 57, 0, 0, -1372.235
0.932864251619042, 10, 24, 0, 0, -1372.235
0.932609927012361, 10, 52, 0, 0, -1372.235
0.932416827783688, 10, 45, 0, 0, -1372.235
0.930262336330276, 3, 4620, 0, 0, -1372.235
0.929278790757395, 9, 102, 0, 0, -1372.235
0.928753271772855, 10, 48, 0, 0, -1372.235
0.927306465218031, 8, 28, 0, 0, -1372.235
0.925701819869578, 10, 53, 0, 0, -1372.235
0.925415250855135, 10, 20, 0, 0, -1372.235
0.923068402181789, 9, 44, 0, 0, -1372.235
0.919212284375193, 10, 47, 0, 0, -1372.235
0.918772181825029, 10, 28, 0, 0, -1372.235
0.914613289652108, 10, 17, 0, 0, -1372.235
0.914099121432242, 3, 5021, 0, 0, -1372.235
0.912617882311815, 8, 163, 0, 0, -1372.235
0.910616684330832, 10, 36, 0, 0, -1372.235
0.91047420599365, 10, 15, 0, 0, -1372.235
0.909445575581394, 9, 37, 0, 0, -1372.235
0.906590617271363, 10, 57, 0, 0, -1372.235
0.904614695010192, 9, 93, 0, 0, -1372.235
0.90420694329875, 9, 127, 0, 0, -1372.235
0.902500220197646, 10, 32, 0, 0, -1372.235
0.902451672868132, 8, 93, 0, 0, -1372.235
0.900760714475074, 10, 12, 0, 0, -1372.235
0.900582110203495, 8, 29, 0, 0, -1372.235
0.897204676960791, 10, 24, 0, 0, -1372.235
0.895189280976303, 8, 163, 0, 0, -1372.235
0.886719389035, 10, 14, 0, 0, -1372.235
0.885750155377849, 10, 38, 0, 0, -1372.235
0.885491619172683, 10, 31, 0, 0, -1372.235
0.885015211736955, 10, 34, 0, 0, -1372.235
0.883594152638057, 10, 48, 0, 0, -1372.235
0.880138919163805, 9, 94, 0, 0, -1372.235
0.872886995914561, 8, 213, 0, 0, -1372.235
0.872669964836595, 10, 26, 0, 0, -1372.235
0.87081868235483, 10, 42, 0, 0, -1372.235
0.870671534438412, 9, 78, 0, 0, -1372.235
0.868188991292566, 10, 35, 0, 0, -1372.235
0.867286501793031, 10, 48, 0, 0, -1372.235
0.86710623907507, 10, 67, 0, 0, -1372.235
0.867047248732119, 1, 16246, 0, 0, -1372.235
0.865259105314978, 9, 76, 0, 0, -1372.235
0.865135377134786, 10, 39, 0, 0, -1372.235
0.862800477824908, 10, 16, 0, 0, -1372.235
0.860347334454061, 10, 42, 0, 0, -1372.235
0.859816056740537, 8, 149, 0, 0, -1372.235
0.855115937058328, 10, 20, 0, 0, -1372.235
0.852588791476177, 10, 42, 0, 0, -1372.235
0.852475851243864, 9, 63, 0, 0, -1372.235
0.851056127207001, 9, 57, 0, 0, -1372.235
0.847774149938324, 8, 174, 0, 0, -1372.235
0.847016997407933, 9, 114, 0, 0, -1372.235
0.846490475029249, 10, 47, 0, 0, -1372.235
0.843217179094126, 9, 142, 0, 0, -1372.235
0.842994351650337, 10, 32, 0, 0, -1372.235
0.841657534290358, 7, 228, 0, 0, -1372.235
0.834863578070152, 6, 623, 0, 0, -1372.235
0.82890140330478, 10, 37, 0, 0, -1372.235
0.828833059332621, 7, 423, 0, 0, -1372.235
0.821681852978234, 10, 23, 0, 0, -1372.235
0.820335071445861, 7, 214, 0, 0, -1372.235
0.819727258628835, 9, 54, 0, 0, -1372.235
0.819372228088441, 5, 1337, 0, 0, -1372.235
0.817086070048807, 10, 41, 0, 0, -1372.235
0.816824769855033, 10, 47, 0, 0, -1372.235
0.81605613728577, 10, 41, 0, 0, -1372.235
0.816056137285758, 10, 41, 0, 0, -1372.235
0.815734550690878, 10, 40, 0, 0, -1372.235
0.81487280781774, 10, 42, 0, 0, -1372.235
0.814212906611577, 9, 69, 0, 0, -1372.235
0.809804461084729, 10, 25, 0, 0, -1372.235
0.809208039604043, 7, 286, 0, 0, -1372.235
0.801648263706996, 7, 220, 0, 0, -1372.235
0.799649210049024, 8, 171, 0, 0, -1372.235
0.798420514125056, 10, 46, 0, 0, -1372.235
0.797187111342071, 7, 248, 0, 0, -1372.235
0.795991563017419, 9, 84, 0, 0, -1372.235
0.793665035566927, 10, 46, 0, 0, -1372.235
0.79105841120559, 10, 22, 0, 0, -1372.235
0.79031802852877, 4, 2016, 0, 0, -1372.235
0.789284874066161, 9, 129, 0, 0, -1372.235
0.788184864050539, 10, 39, 0, 0, -1372.235
0.787833367265862, 8, 166, 0, 0, -1372.235
0.785766032608693, 10, 64, 0, 0, -1372.235
0.785111958163797, 10, 27, 0, 0, -1372.235
0.783233235920466, 10, 42, 0, 0, -1372.235
0.782796466307545, 8, 165, 0, 0, -1372.235
0.776340942807002, 9, 91, 0, 0, -1372.235
0.775808888392544, 10, 39, 0, 0, -1372.235
0.774347321835134, 9, 164, 0, 0, -1372.235
0.771594083842331, 9, 55, 0, 0, -1372.235
0.771344274491052, 10, 40, 0, 0, -1372.235
0.770736355629443, 3, 4236, 0, 0, -1372.235
0.769212814710329, 10, 18, 0, 0, -1372.235
0.764785480912416, 8, 57, 0, 0, -1372.235
0.764721643985662, 10, 59, 0, 0, -1372.235
0.763817581418627, 10, 42, 0, 0, -1372.235
0.763251198337814, 10, 47, 0, 0, -1372.235
0.76096924211826, 9, 34, 0, 0, -1372.235
0.760042822893293, 10, 26, 0, 0, -1372.235
0.759049328750978, 10, 38, 0, 0, -1372.235
0.758693710214648, 7, 309, 0, 0, -1372.235
0.757530407824862, 8, 174, 0, 0, -1372.235
0.751964591584176, 9, 93, 0, 0, -1372.235
0.751328802100456, 9, 82, 0, 0, -1372.235
0.750174728812066, 10, 59, 0, 0, -1372.235
0.746244821231243, 10, 37, 0, 0, -1372.235
0.745565128960355, 10, 14, 0, 0, -1372.235
0.742807301108278, 9, 35, 0, 0, -1372.235
0.738695848395188, 10, 37, 0, 0, -1372.235
0.73689299835019, 9, 39, 0, 0, -1372.235
0.733557417520043, 10, 49, 0, 0, -1372.235
0.73287919493361, 10, 46, 0, 0, -1372.235
0.73287919493359, 10, 46, 0, 0, -1372.235
0.732689701540904, 9, 87, 0, 0, -1372.235
0.732094070001884, 10, 33, 0, 0, -1372.235
0.730776785714291, 10, 64, 0, 0, -1372.235
0.730395618326608, 10, 44, 0, 0, -1372.235
0.727674036643417, 10, 48, 0, 0, -1372.235
0.725323635703126, 10, 15, 0, 0, -1372.235
0.724880057829832, 10, 31, 0, 0, -1372.235
0.723420895363933, 10, 32, 0, 0, -1372.235
0.722987568823866, 10, 53, 0, 0, -1372.235
0.722801930347006, 8, 93, 0, 0, -1372.235
0.7213720644884, 8, 182, 0, 0, -1372.235
0.719118315461638, 10, 30, 0, 0, -1372.235
0.719020494499691, 1, 20338, 0, 0, -1372.235
0.715025989752526, 9, 61, 0, 0, -1372.235
0.714525105666001, 10, 28, 0, 0, -1372.235
0.713132060669476, 9, 121, 0, 0, -1372.235
0.710267563520812, 10, 63, 0, 0, -1372.235
0.709640142272792, 9, 82, 0, 0, -1372.235
0.706989975212496, 10, 39, 0, 0, -1372.235
0.705863011775177, 10, 56, 0, 0, -1372.235
0.704509747582383, 10, 50, 0, 0, -1372.235
0.701583860959906, 10, 52, 0, 0, -1372.235
0.700748386400782, 5, 1613, 0, 0, -1372.235
0.697084925094964, 10, 39, 0, 0, -1372.235
0.695583879734947, 10, 19, 0, 0, -1372.235
0.688871935284162, 10, 45, 0, 0, -1372.235
0.684690259215497, 9, 74, 0, 0, -1372.235
0.6846787939236, 9, 28, 0, 0, -1372.235
0.684678793923587, 9, 28, 0, 0, -1372.235
0.683500005546422, 9, 57, 0, 0, -1372.235
0.680899674732633, 9, 95, 0, 0, -1372.235
0.678518094661171, 9, 60, 0, 0, -1372.235
0.676369569921554, 10, 46, 0, 0, -1372.235
0.674158715856397, 10, 43, 0, 0, -1372.235
0.672748269729755, 9, 195, 0, 0, -1372.235
0.671739148321516, 10, 49, 0, 0, -1372.235
0.671441775167889, 10, 42, 0, 0, -1372.235
0.670115975895453, 9, 102, 0, 0, -1372.235
0.667736817481201, 10, 49, 0, 0, -1372.235
0.665344973161214, 8, 102, 0, 0, -1372.235
0.665096940946527, 10, 35, 0, 0, -1372.235
0.664463451090531, 10, 11, 0, 0, -1372.235
0.660946675568403, 9, 105, 0, 0, -1372.235
0.656437495785036, 10, 54, 0, 0, -1372.235
0.652766288127953, 8, 69, 0, 0, -1372.235
0.652060135917359, 9, 49, 0, 0, -1372.235
0.650891862178687, 10, 38, 0, 0, -1372.235
0.648017371315995, 10, 22, 0, 0, -1372.235
0.645940784032348, 9, 61, 0, 0, -1372.235
0.645225391024268, 10, 38, 0, 0, -1372.235
0.644752738106168, 9, 92, 0, 0, -1372.235
0.638945259116351, 9, 108, 0, 0, -1372.235
0.635156250000009, 10, 64, 0, 0, -1372.235
0.634867288515188, 6, 480, 0, 0, -1372.235
0.634200887845781, 8, 102, 0, 0, -1372.235
0.634188237204925, 10, 17, 0, 0, -1372.235
0.631635159851826, 10, 57, 0, 0, -1372.235
0.63062146730323, 9, 57, 0, 0, -1372.235
0.63043126615198, 9, 74, 0, 0, -1372.235
0.628377804551793, 10, 59, 0, 0, -1372.235
0.621387819913655, 10, 24, 0, 0, -1372.235
0.621033086750767, 10, 47, 0, 0, -1372.235
0.616434986691349, 10, 38, 0, 0, -1372.235
0.615641149244992, 9, 73, 0, 0, -1372.235
0.614579358203291, 10, 56, 0, 0, -1372.235
0.612738235999703, 8, 148, 0, 0, -1372.235
0.611122359587584, 9, 59, 0, 0, -1372.235
0.606836920106163, 9, 54, 0, 0, -1372.235
0.604233901557061, 9, 60, 0, 0, -1372.235
0.601343909883314, 9, 54, 0, 0, -1372.235
0.599836497135365, 10, 49, 0, 0, -1372.235
0.598278286553229, 8, 43, 0, 0, -1372.235
0.597632315358151, 9, 91, 0, 0, -1372.235
0.595854299563506, 9, 75, 0, 0, -1372.235
0.59555366001585, 10, 23, 0, 0, -1372.235
0.594091215788216, 10, 26, 0, 0, -1372.235
0.591050387628174, 8, 111, 0, 0, -1372.235
0.589266859654444, 8, 118, 0, 0, -1372.235
0.586768868326872, 8, 96, 0, 0, -1372.235
0.586202973317201, 10, 27, 0, 0, -1372.235
0.585724695492503, 10, 24, 0, 0, -1372.235
0.583928685497575, 10, 56, 0, 0, -1372.235
0.581607435937397, 10, 29, 0, 0, -1372.235
0.58010184493339, 10, 35, 0, 0, -1372.235
0.579814158524351, 9, 52, 0, 0, -1372.235
0.577996242395039, 10, 32, 0, 0, -1372.235
0.576495308595668, 10, 18, 0, 0, -1372.235
0.575994323632863, 10, 37, 0, 0, -1372.235
0.568667179442606, 10, 54, 0, 0, -1372.235
0.568667179442605, 10, 54, 0, 0, -1372.235
0.566190365575651, 10, 26, 0, 0, -1372.235
0.565663480817823, 10, 36, 0, 0, -1372.235
0.563777250817068, 10, 10, 0, 0, -1372.235
0.563167941179412, 10, 35, 0, 0, -1372.235
0.562551191527217, 10, 26, 0, 0, -1372.235
0.557337923930437, 10, 58, 0, 0, -1372.235
0.556610725481303, 9, 66, 0, 0, -1372.235
0.554234486140619, 10, 37, 0, 0, -1372.235
0.553695614028555, 9, 49, 0, 0, -1372.235
0.553344253428185, 8, 103, 0, 0, -1372.235
0.552461349171988, 9, 100, 0, 0, -1372.235
0.55207793214883, 10, 54, 0, 0, -1372.235
0.551097191230329, 10, 19, 0, 0, -1372.235
0.54984357358831, 10, 36, 0, 0, -1372.235
0.549629633634787, 9, 67, 0, 0, -1372.235
0.549276043840476, 10, 50, 0, 0, -1372.235
0.548224701183693, 9, 61, 0, 0, -1372.235
0.547972124967207, 10, 21, 0, 0, -1372.235
0.5469734719378, 8, 148, 0, 0, -1372.235
0.544797330680224, 10, 30, 0, 0, -1372.235
0.543552596177798, 10, 22, 0, 0, -1372.235
0.543201152518693, 9, 49, 0, 0, -1372.235
0.54212895957396, 10, 30, 0, 0, -1372.235
0.5401796616799, 6, 683, 0, 0, -1372.235
0.535800728864192, 10, 32, 0, 0, -1372.235
0.526087946467762, 9, 78, 0, 0, -1372.235
0.524174358327037, 9, 54, 0, 0, -1372.235
0.523620875231837, 6, 709, 0, 0, -1372.235
0.519463938942936, 7, 213, 0, 0, -1372.235
0.5192178804161, 6, 611, 0, 0, -1372.235
0.519012268864869, 10, 40, 0, 0, -1372.235
0.516013046256154, 9, 46, 0, 0, -1372.235
0.515998373811449, 10, 48, 0, 0, -1372.235
0.513123950177927, 10, 15, 0, 0, -1372.235
0.512418583624418, 10, 38, 0, 0, -1372.235
0.510452974718098, 10, 39, 0, 0, -1372.235
0.509799812448913, 9, 81, 0, 0, -1372.235
0.50971112370287, 10, 31, 0, 0, -1372.235
0.504068841660462, 10, 51, 0, 0, -1372.235
0.504068841660462, 10, 51, 0, 0, -1372.235
0.500320259752889, 9, 75, 0, 0, -1372.235
0.498763962442396, 9, 76, 0, 0, -1372.235
0.495932843258211, 10, 33, 0, 0, -1372.235
0.494713309398596, 9, 43, 0, 0, -1372.235
0.494083082350291, 10, 50, 0, 0, -1372.235
0.493435636969047, 8, 44, 0, 0, -1372.235
0.491460759803438, 8, 97, 0, 0, -1372.235
0.491249214564614, 9, 49, 0, 0, -1372.235
0.488432501447666, 10, 34, 0, 0, -1372.235
0.487286145013633, 10, 20, 0, 0, -1372.235
0.486934789169317, 10, 31, 0, 0, -1372.235
0.483786285317993, 10, 42, 0, 0, -1372.235
0.481553178796239, 10, 21, 0, 0, -1372.235
0.481433507322976, 10, 54, 0, 0, -1372.235
0.481110116127203, 9, 58, 0, 0, -1372.235
0.479618323645568, 10, 34, 0, 0, -1372.235
0.477665504788123, 8, 106, 0, 0, -1372.235
0.476552209804467, 10, 33, 0, 0, -1372.235
0.47639169885103, 10, 25, 0, 0, -1372.235
0.472447516810147, 10, 13, 0, 0, -1372.235
0.468655553227555, 9, 35, 0, 0, -1372.235
0.467172265582286, 10, 53, 0, 0, -1372.235
0.465585857966864, 10, 51, 0, 0, -1372.235
0.46256854582507, 10, 31, 0, 0, -1372.235
0.461637983076104, 10, 33, 0, 0, -1372.235
0.461458791043689, 9, 42, 0, 0, -1372.235
0.457994444942441, 7, 71, 0, 0, -1372.235
0.45798460064064, 8, 127, 0, 0, -1372.235
0.453070532480416, 10, 45, 0, 0, -1372.235
0.452274858113015, 10, 32, 0, 0, -1372.235
0.451861430135542, 10, 45, 0, 0, -1372.235
0.451331051365841, 10, 25, 0, 0, -1372.235
0.448111564651675, 8, 188, 0, 0, -1372.235
0.447117419541951, 7, 255, 0, 0, -1372.235
0.444713337043572, 10, 70, 0, 0, -1372.235
0.443697351659433, 10, 39, 0, 0, -1372.235
0.442971000390589, 10, 20, 0, 0, -1372.235
0.442754330407361, 10, 37, 0, 0, -1372.235
0.438266966576685, 10, 21, 0, 0, -1372.235
0.437806472065299, 10, 39, 0, 0, -1372.235
0.437515997558631, 10, 37, 0, 0, -1372.235
0.436579899193992, 10, 50, 0, 0, -1372.235
0.43525373091895, 8, 135, 0, 0, -1372.235
0.43501916101232, 10, 18, 0, 0, -1372.235
0.433160363028141, 10, 39, 0, 0, -1372.235
0.430841601503305, 10, 24, 0, 0, -1372.235
0.430676892891982, 10, 56, 0, 0, -1372.235
0.429349604808791, 10, 36, 0, 0, -1372.235
0.427765920729788, 9, 34, 0, 0, -1372.235
0.426905904454027, 8, 140, 0, 0, -1372.235
0.426646657957634, 10, 49, 0, 0, -1372.235
0.425116767160044, 10, 68, 0, 0, -1372.235
0.423462664067171, 8, 213, 0, 0, -1372.235
0.421869601340589, 9, 139, 0, 0, -1372.235
0.421771118856469, 10, 48, 0, 0, -1372.235
0.420968106796438, 10, 29, 0, 0, -1372.235
0.420957595959823, 10, 39, 0, 0, -1372.235
0.419785363965149, 10, 44, 0, 0, -1372.235
0.418482175734973, 10, 44, 0, 0, -1372.235
0.417258580725721, 7, 118, 0, 0, -1372.235
0.415887162804716, 10, 53, 0, 0, -1372.235
0.415853926633457, 10, 19, 0, 0, -1372.235
0.414492562995921, 10, 25, 0, 0, -1372.235
0.413879609248501, 10, 50, 0, 0, -1372.235
0.413772254700989, 8, 219, 0, 0, -1372.235
0.410532016611661, 9, 96, 0, 0, -1372.235
0.410420267513121, 9, 94, 0, 0, -1372.235
0.409025416972866, 10, 43, 0, 0, -1372.235
0.407503301668563, 10, 9, 0, 0, -1372.235
0.407346952448191, 10, 16, 0, 0, -1372.235
0.406883447276003, 10, 13, 0, 0, -1372.235
0.406883447276003, 10, 13, 0, 0, -1372.235
0.406815877537147, 10, 25, 0, 0, -1372.235
0.406033900415043, 10, 52, 0, 0, -1372.235
0.405943321884178, 8, 125, 0, 0, -1372.235
0.402648532386782, 9, 147, 0, 0, -1372.235
0.402226607355283, 10, 30, 0, 0, -1372.235
0.402226607355283, 10, 30, 0, 0, -1372.235
0.39984621273047, 9, 74, 0, 0, -1372.235
0.398661083746311, 9, 37, 0, 0, -1372.235
0.397485880986497, 10, 29, 0, 0, -1372.235
0.396956641867817, 9, 31, 0, 0, -1372.235
0.394351262275683, 9, 81, 0, 0, -1372.235
0.394167066947239, 9, 72, 0, 0, -1372.235
0.393368904838883, 10, 32, 0, 0, -1372.235
0.392889978975175, 8, 130, 0, 0, -1372.235
0.392633190366128, 10, 30, 0, 0, -1372.235
0.392523370349674, 9, 51, 0, 0, -1372.235
0.389997330592183, 9, 77, 0, 0, -1372.235
0.388509070279893, 10, 47, 0, 0, -1372.235
0.388273157104832, 7, 347, 0, 0, -1372.235
0.386887145744253, 10, 44, 0, 0, -1372.235
0.383809837506269, 10, 18, 0, 0, -1372.235
0.38327632122985, 9, 66, 0, 0, -1372.235
0.382049799701374, 10, 31, 0, 0, -1372.235
0.380482378913484, 10, 56, 0, 0, -1372.235
0.380073244060377, 9, 59, 0, 0, -1372.235
0.37882509192167, 8, 140, 0, 0, -1372.235
0.378690848828105, 10, 44, 0, 0, -1372.235
0.37609829827612, 10, 39, 0, 0, -1372.235
0.375150366433548, 9, 86, 0, 0, -1372.235
0.373203416933842, 9, 46, 0, 0, -1372.235
0.372205078007721, 8, 76, 0, 0, -1372.235
0.370558582009652, 7, 367, 0, 0, -1372.235
0.368246432464701, 10, 40, 0, 0, -1372.235
0.367804426290514, 10, 25, 0, 0, -1372.235
0.367315050848302, 10, 29, 0, 0, -1372.235
0.367063506979051, 9, 82, 0, 0, -1372.235
0.366180367695148, 10, 32, 0, 0, -1372.235
0.365735200047417, 10, 42, 0, 0, -1372.235
0.365304547387676, 10, 13, 0, 0, -1372.235
0.364335522750806, 10, 48, 0, 0, -1372.235
0.357119247422747, 10, 52, 0, 0, -1372.235
0.355030243579245, 10, 62, 0, 0, -1372.235
0.352221198186351, 10, 36, 0, 0, -1372.235
0.351570913572477, 8, 53, 0, 0, -1372.235
0.347534898109041, 9, 91, 0, 0, -1372.235
0.346118690456307, 10, 39, 0, 0, -1372.235
0.344901069301646, 10, 43, 0, 0, -1372.235
0.344433189348456, 10, 36, 0, 0, -1372.235
0.344140793193735, 10, 56, 0, 0, -1372.235
0.34271308094842, 10, 23, 0, 0, -1372.235
0.33910208868123, 10, 57, 0, 0, -1372.235
0.33889271383066, 10, 40, 0, 0, -1372.235
0.33883495820492, 10, 43, 0, 0, -1372.235
0.332427952031295, 10, 58, 0, 0, -1372.235
0.331551196720445, 9, 50, 0, 0, -1372.235
0.33117401494134, 10, 32, 0, 0, -1372.235
0.331133285179282, 10, 39, 0, 0, -1372.235
0.329266791685897, 8, 182, 0, 0, -1372.235
0.327836505601487, 9, 39, 0, 0, -1372.235
0.326619178766145, 10, 40, 0, 0, -1372.235
0.326124773150803, 9, 51, 0, 0, -1372.235
0.325287537432262, 10, 38, 0, 0, -1372.235
0.324238928951008, 10, 15, 0, 0, -1372.235
0.322614771149371, 10, 40, 0, 0, -1372.235
0.322208187006409, 10, 39, 0, 0, -1372.235
0.319949406760638, 8, 74, 0, 0, -1372.235
0.317783680938796, 9, 92, 0, 0, -1372.235
0.313243847877894, 9, 130, 0, 0, -1372.235
0.313131765229765, 10, 29, 0, 0, -1372.235
0.312410870254377, 9, 84, 0, 0, -1372.235
0.311517495866236, 10, 36, 0, 0, -1372.235
0.311295963988863, 9, 88, 0, 0, -1372.235
0.311099530801942, 10, 51, 0, 0, -1372.235
0.310848813835309, 7, 168, 0, 0, -1372.235
0.309427865364061, 10, 26, 0, 0, -1372.235
0.309329628819542, 10, 49, 0, 0, -1372.235
0.309274851330325, 10, 44, 0, 0, -1372.235
0.309274851330322, 10, 44, 0, 0, -1372.235
0.308209015317549, 10, 28, 0, 0, -1372.235
0.305877829118107, 10, 36, 0, 0, -1372.235
0.304757309096354, 10, 22, 0, 0, -1372.235
0.303889147299063, 10, 49, 0, 0, -1372.235
0.303499068958587, 10, 40, 0, 0, -1372.235
0.300718306466822, 10, 33, 0, 0, -1372.235
0.29975105025103, 8, 214, 0, 0, -1372.235
0.299422599684374, 10, 66, 0, 0, -1372.235
0.298577430108731, 10, 36, 0, 0, -1372.235
0.297793259426829, 10, 38, 0, 0, -1372.235
0.297285179996738, 9, 93, 0, 0, -1372.235
0.293711550398609, 7, 121, 0, 0, -1372.235
0.293447248851693, 10, 43, 0, 0, -1372.235
0.290550585955321, 10, 24, 0, 0, -1372.235
0.286434272623318, 9, 66, 0, 0, -1372.235
0.286298125657003, 8, 150, 0, 0, -1372.235
0.285603453456661, 10, 26, 0, 0, -1372.235
0.283287238339605, 8, 218, 0, 0, -1372.235
0.283145036279736, 10, 31, 0, 0, -1372.235
0.282734680584317, 9, 68, 0, 0, -1372.235
0.281622717042989, 10, 23, 0, 0, -1372.235
0.280200108607132, 9, 107, 0, 0, -1372.235
0.279130993396542, 10, 24, 0, 0, -1372.235
0.276017966450094, 9, 69, 0, 0, -1372.235
0.274008105029037, 10, 27, 0, 0, -1372.235
0.271457032163381, 10, 47, 0, 0, -1372.235
0.268543623065176, 9, 124, 0, 0, -1372.235
0.265828487293054, 10, 28, 0, 0, -1372.235
0.265333737340807, 10, 47, 0, 0, -1372.235
0.2582785630157, 6, 652, 0, 0, -1372.235
0.256683407128397, 8, 171, 0, 0, -1372.235
0.255864746636848, 9, 76, 0, 0, -1372.235
0.254698640882933, 10, 45, 0, 0, -1372.235
0.247251025564288, 8, 189, 0, 0, -1372.235
0.245091621895175, 8, 191, 0, 0, -1372.235
0.241554734811888, 8, 127, 0, 0, -1372.235
0.241295189056616, 10, 53, 0, 0, -1372.235
0.240223927201314, 10, 32, 0, 0, -1372.235
0.239860713864085, 10, 17, 0, 0, -1372.235
0.238953094720159, 9, 3, 0, 0, -1372.235
0.236194466803516, 10, 42, 0, 0, -1372.235
0.235455096199186, 9, 50, 0, 0, -1372.235
0.234472338669152, 10, 102, 0, 0, -1372.235
0.232970983280508, 10, 34, 0, 0, -1372.235
0.232481179699986, 9, 86, 0, 0, -1372.235
0.231713559965594, 10, 20, 0, 0, -1372.235
0.23160516468205, 10, 33, 0, 0, -1372.235
0.231601455807446, 9, 51, 0, 0, -1372.235
0.231211873972105, 10, 22, 0, 0, -1372.235
0.228606760124634, 9, 87, 0, 0, -1372.235
0.228188421414636, 10, 61, 0, 0, -1372.235
0.225379907366072, 10, 22, 0, 0, -1372.235
0.222681853310192, 10, 36, 0, 0, -1372.235
0.221370810439409, 10, 22, 0, 0, -1372.235
0.220661510066874, 10, 55, 0, 0, -1372.235
0.219910699224718, 10, 35, 0, 0, -1372.235
0.219149271844664, 10, 64, 0, 0, -1372.235
0.215801500513836, 10, 37, 0, 0, -1372.235
0.212871366110778, 10, 38, 0, 0, -1372.235
0.212650065285017, 10, 63, 0, 0, -1372.235
0.211108392680147, 10, 58, 0, 0, -1372.235
0.20843838803604, 10, 68, 0, 0, -1372.235
0.208078217477215, 7, 353, 0, 0, -1372.235
0.206538994134804, 10, 39, 0, 0, -1372.235
0.206133554981879, 7, 357, 0, 0, -1372.235
0.202806214231169, 10, 91, 0, 0, -1372.235
0.200910352055438, 10, 51, 0, 0, -1372.235
0.200303122058325, 8, 159, 0, 0, -1372.235
0.199318548699313, 10, 41, 0, 0, -1372.235
0.195452607001499, 8, 160, 0, 0, -1372.235
0.19493623068495, 10, 27, 0, 0, -1372.235
0.194113261063429, 10, 35, 0, 0, -1372.235
0.1933273392014, 6, 923, 0, 0, -1372.235
0.192927523162517, 7, 337, 0, 0, -1372.235
0.192602298534033, 10, 26, 0, 0, -1372.235
0.191978542863723, 7, 339, 0, 0, -1372.235
0.189450417427126, 10, 53, 0, 0, -1372.235
0.186250275328594, 10, 39, 0, 0, -1372.235
0.185617471314018, 10, 61, 0, 0, -1372.235
0.18538235768555, 10, 38, 0, 0, -1372.235
0.185329180753592, 10, 37, 0, 0, -1372.235
0.184357705892095, 8, 115, 0, 0, -1372.235
0.181449023662579, 10, 104, 0, 0, -1372.235
0.178358016886696, 10, 45, 0, 0, -1372.235
0.177716677103064, 10, 30, 0, 0, -1372.235
0.169552014393028, 10, 68, 0, 0, -1372.235
0.168802640258112, 10, 24, 0, 0, -1372.235
0.166141625649664, 8, 94, 0, 0, -1372.235
0.165914576169856, 10, 29, 0, 0, -1372.235
0.165747101958382, 8, 195, 0, 0, -1372.235
0.164441362657519, 9, 81, 0, 0, -1372.235
0.163156831490132, 10, 25, 0, 0, -1372.235
0.160496703337336, 9, 68, 0, 0, -1372.235
0.160114304195504, 10, 34, 0, 0, -1372.235
0.156808042198204, 10, 34, 0, 0, -1372.235
0.153031133997614, 9, 72, 0, 0, -1372.235
0.152587995275728, 10, 48, 0, 0, -1372.235
0.149110449343335, 9, 71, 0, 0, -1372.235
0.148210218016326, 9, 35, 0, 0, -1372.235
0.147349746075611, 10, 23, 0, 0, -1372.235
0.147022365939245, 9, 82, 0, 0, -1372.235
0.147022365939236, 9, 82, 0, 0, -1372.235
0.144965819466903, 7, 355, 0, 0, -1372.235
0.142341904828624, 10, 45, 0, 0, -1372.235
0.139577279642098, 8, 171, 0, 0, -1372.235
0.139363089411248, 9, 77, 0, 0, -1372.235
0.138946178875219, 10, 33, 0, 0, -1372.235
0.136491729820315, 10, 51, 0, 0, -1372.235
0.135724041141857, 10, 38, 0, 0, -1372.235
0.135429966228552, 10, 37, 0, 0, -1372.235
0.132672580363777, 9, 16, 0, 0, -1372.235
0.132297464451388, 10, 35, 0, 0, -1372.235
0.130395349062634, 9, 107, 0, 0, -1372.235
0.12978717435275, 9, 25, 0, 0, -1372.235
0.129623640478024, 7, 406, 0, 0, -1372.235
0.128919749108847, 10, 27, 0, 0, -1372.235
0.126184811050006, 10, 52, 0, 0, -1372.235
0.122903674415838, 9, 56, 0, 0, -1372.235
0.117978977013146, 9, 26, 0, 0, -1372.235
0.11757273529457, 10, 61, 0, 0, -1372.235
0.114326246700852, 9, 27, 0, 0, -1372.235
0.114006884307158, 8, 218, 0, 0, -1372.235
0.113898421925223, 7, 386, 0, 0, -1372.235
0.111459499359748, 9, 28, 0, 0, -1372.235
0.105741812838922, 7, 422, 0, 0, -1372.235
0.104882965536793, 9, 53, 0, 0, -1372.235
0.1020018837073, 10, 31, 0, 0, -1372.235
0.0992733693166105, 10, 21, 0, 0, -1372.235
0.0940839727206363, 10, 61, 0, 0, -1372.235
0.0921905133631363, 10, 35, 0, 0, -1372.235
0.0881056778596842, 10, 66, 0, 0, -1372.235
0.0857850004623719, 9, 27, 0, 0, -1372.235
0.0849137493451748, 10, 34, 0, 0, -1372.235
0.0848203993415624, 9, 72, 0, 0, -1372.235
0.0846130628247005, 10, 84, 0, 0, -1372.235
0.0795836475947033, 10, 59, 0, 0, -1372.235
0.0791532942030968, 10, 91, 0, 0, -1372.235
0.0768905930843648, 9, 81, 0, 0, -1372.235
0.0764782984876067, 9, 44, 0, 0, -1372.235
0.073896724673392, 9, 89, 0, 0, -1372.235
0.0716531149094835, 9, 107, 0, 0, -1372.235
0.0716484233155483, 9, 51, 0, 0, -1372.235
0.0707132162695945, 8, 262, 0, 0, -1372.235
0.0707038543549903, 10, 68, 0, 0, -1372.235
0.0687818337172181, 9, 97, 0, 0, -1372.235
0.0681167456706369, 10, 33, 0, 0, -1372.235
0.0678655397407813, 10, 31, 0, 0, -1372.235
0.0638697955687754, 9, 27, 0, 0, -1372.235
0.0623365349788229, 10, 32, 0, 0, -1372.235
0.0603759577928498, 10, 17, 0, 0, -1372.235
0.060198168531138, 10, 60, 0, 0, -1372.235
0.0585755325683685, 10, 62, 0, 0, -1372.235
0.0575675455950742, 10, 18, 0, 0, -1372.235
0.0568732710233979, 10, 55, 0, 0, -1372.235
0.0537606080007769, 10, 41, 0, 0, -1372.235
0.0498104267760487, 10, 13, 0, 0, -1372.235
0.0478068808941963, 10, 44, 0, 0, -1372.235
0.0468086368415272, 10, 24, 0, 0, -1372.235
0.045633901146376, 8, 123, 0, 0, -1372.235
0.0444813073292716, 10, 10, 0, 0, -1372.235
0.0442110002296836, 10, 15, 0, 0, -1372.235
0.0422276632673001, 8, 135, 0, 0, -1372.235
0.0418578964588861, 10, 33, 0, 0, -1372.235
0.0410850328551043, 10, 11, 0, 0, -1372.235
0.0408294238647623, 10, 34, 0, 0, -1372.235
0.0400514510037959, 10, 38, 0, 0, -1372.235
0.0388688713045189, 9, 49, 0, 0, -1372.235
0.0378720595151119, 10, 59, 0, 0, -1372.235
0.0375939567790687, 10, 41, 0, 0, -1372.235
0.0349355674860089, 10, 65, 0, 0, -1372.235
0.0341805194312745, 10, 35, 0, 0, -1372.235
0.0323955547918803, 9, 33, 0, 0, -1372.235
0.0317223211457924, 9, 59, 0, 0, -1372.235
0.026594081212167, 9, 61, 0, 0, -1372.235
0.0251504869539557, 9, 55, 0, 0, -1372.235
0.0229513863302446, 9, 87, 0, 0, -1372.235
0.0224594016301939, 9, 63, 0, 0, -1372.235
0.0214389713426152, 9, 79, 0, 0, -1372.235
0.0172048515656561, 10, 34, 0, 0, -1372.235
0.0172048515656433, 10, 34, 0, 0, -1372.235
0.0165650337903979, 10, 40, 0, 0, -1372.235
0.0162276552092101, 10, 41, 0, 0, -1372.235
0.0127831073420621, 10, 57, 0, 0, -1372.235
0.0119180647594297, 10, 62, 0, 0, -1372.235
0.0101468439362259, 10, 23, 0, 0, -1372.235
0.00713338225041504, 9, 91, 0, 0, -1372.235
0.00706870950472768, 9, 92, 0, 0, -1372.235
0.00698530585709315, 10, 36, 0, 0, -1372.235
0.00327885800401848, 10, 65, 0, 0, -1372.235
0.00319708908331755, 10, 67, 0, 0, -1372.235
0.00246748117964381, 10, 47, 0, 0, -1372.235
0.00207083455142893, 10, 58, 0, 0, -1372.235
0.0012210062669239, 7, 379, 0, 0, -1372.235
0.00117964950093488, 7, 395, 0, 0, -1372.235
