norm, level, Npoints, dimSplit, MainGridIndexSplit
44.7023971506836, 0, 36584, -1, -1, -1
11.0975635212907, 10, 29, 0, 0, -1372.235
10.1262843478531, 10, 12, 0, 0, -1372.235
10.0875652114141, 7, 172, 0, 0, -1372.235
9.76502077467194, 10, 6, 0, 0, -1372.235
9.62780231968096, 10, 29, 0, 0, -1372.235
9.35961067273869, 10, 30, 0, 0, -1372.235
9.34347170365242, 5, 758, 0, 0, -1372.235
9.08387226939336, 3, 4058, 0, 0, -1372.235
8.77360893190203, 10, 50, 0, 0, -1372.235
8.77348426726566, 5, 92, 0, 0, -1372.235
8.61574791037924, 3, 4324, 0, 0, -1372.235
8.57062704741955, 9, 69, 0, 0, -1372.235
8.5345621776344, 8, 129, 0, 0, -1372.235
8.46541196300376, 8, 195, 0, 0, -1372.235
8.41806148183119, 8, 115, 0, 0, -1372.235
8.18925697290892, 1, 15021, 0, 0, -1372.235
8.17805561780386, 10, 11, 0, 0, -1372.235
8.00731614935606, 10, 12, 0, 0, -1372.235
7.94215237478966, 5, 681, 0, 0, -1372.235
7.81056625582424, 3, 3311, 0, 0, -1372.235
7.80353128805467, 10, 16, 0, 0, -1372.235
7.77730397098892, 3, 3328, 0, 0, -1372.235
7.69785257086996, 9, 12, 0, 0, -1372.235
7.68880386761445, 9, 14, 0, 0, -1372.235
7.68050213916216, 6, 645, 0, 0, -1372.235
7.66881881002958, 7, 239, 0, 0, -1372.235
7.61839793449849, 8, 79, 0, 0, -1372.235
7.61713610222608, 10, 23, 0, 0, -1372.235
7.60605729236441, 10, 12, 0, 0, -1372.235
7.55441257834383, 10, 26, 0, 0, -1372.235
7.32392126499192, 10, 15, 0, 0, -1372.235
7.28972526549215, 5, 1021, 0, 0, -1372.235
7.25921116499243, 9, 15, 0, 0, -1372.235
7.2461046576301, 9, 61, 0, 0, -1372.235
7.22792758979964, 8, 12, 0, 0, -1372.235
7.19857584612679, 7, 218, 0, 0, -1372.235
7.18075722301314, 8, 61, 0, 0, -1372.235
6.99241341426994, 9, 50, 0, 0, -1372.235
6.9843191048204, 7, 321, 0, 0, -1372.235
6.89807466349587, 8, 89, 0, 0, -1372.235
6.89731654908488, 10, 29, 0, 0, -1372.235
6.8907145259162, 10, 12, 0, 0, -1372.235
6.88515635847515, 10, 18, 0, 0, -1372.235
6.88036881599973, 8, 119, 0, 0, -1372.235
6.81425791201235, 5, 742, 0, 0, -1372.235
6.78107536015124, 8, 170, 0, 0, -1372.235
6.76429949989561, 8, 148, 0, 0, -1372.235
6.74219587033952, 2, 8587, 0, 0, -1372.235
6.72859714358591, 10, 19, 0, 0, -1372.235
6.66962011428335, 7, 168, 0, 0, -1372.235
6.65360091053516, 10, 9, 0, 0, -1372.235
6.62834201643659, 10, 70, 0, 0, -1372.235
6.57922108963364, 10, 15, 0, 0, -1372.235
6.54481965361445, 9, 64, 0, 0, -1372.235
6.52432950278302, 9, 98, 0, 0, -1372.235
6.51990894860475, 8, 173, 0, 0, -1372.235
6.51783056575406, 5, 1443, 0, 0, -1372.235
6.479370762222, 10, 20, 0, 0, -1372.235
6.46586533391471, 9, 57, 0, 0, -1372.235
6.46137101973068, 8, 113, 0, 0, -1372.235
6.44416145011691, 8, 203, 0, 0, -1372.235
6.43113957991545, 9, 90, 0, 0, -1372.235
6.37856941055032, 10, 29, 0, 0, -1372.235
6.32241455041723, 7, 128, 0, 0, -1372.235
6.26263479951887, 8, 164, 0, 0, -1372.235
6.22903728125271, 10, 17, 0, 0, -1372.235
6.10422500180234, 10, 30, 0, 0, -1372.235
6.10335887590347, 8, 121, 0, 0, -1372.235
6.05902231328303, 1, 21563, 0, 0, -1372.235
6.04584718171611, 9, 77, 0, 0, -1372.235
6.02958270775759, 8, 293, 0, 0, -1372.235
6.0154609733257, 7, 384, 0, 0, -1372.235
5.99721828616412, 6, 298, 0, 0, -1372.235
5.98032826764593, 5, 1600, 0, 0, -1372.235
5.97391408655659, 6, 872, 0, 0, -1372.235
5.93930787937897, 8, 173, 0, 0, -1372.235
5.90930459955326, 9, 72, 0, 0, -1372.235
5.89637257330266, 10, 26, 0, 0, -1372.235
5.87392979201839, 10, 28, 0, 0, -1372.235
5.86313820400609, 10, 13, 0, 0, -1372.235
5.84176936454778, 9, 73, 0, 0, -1372.235
5.80494785692354, 8, 142, 0, 0, -1372.235
5.79852663158922, 7, 142, 0, 0, -1372.235
5.69161798324245, 8, 85, 0, 0, -1372.235
5.68318493542715, 10, 24, 0, 0, -1372.235
5.68182870429048, 9, 113, 0, 0, -1372.235
5.61177473228568, 8, 82, 0, 0, -1372.235
5.59027355037909, 7, 216, 0, 0, -1372.235
5.58814326026745, 9, 45, 0, 0, -1372.235
5.57447598680745, 10, 25, 0, 0, -1372.235
5.54566578998579, 9, 37, 0, 0, -1372.235
5.53498681787432, 10, 51, 0, 0, -1372.235
5.52114989658487, 8, 49, 0, 0, -1372.235
5.51200447996333, 10, 14, 0, 0, -1372.235
5.50858361265668, 10, 26, 0, 0, -1372.235
5.5063122674072, 10, 37, 0, 0, -1372.235
5.49100221449932, 9, 21, 0, 0, -1372.235
5.48191827856301, 9, 42, 0, 0, -1372.235
5.42071731914367, 8, 180, 0, 0, -1372.235
5.4081378113048, 9, 78, 0, 0, -1372.235
5.40388456530343, 5, 1081, 0, 0, -1372.235
5.38912671759493, 10, 69, 0, 0, -1372.235
5.2505743904014, 10, 36, 0, 0, -1372.235
5.23529470592883, 10, 12, 0, 0, -1372.235
5.21790879772907, 6, 358, 0, 0, -1372.235
5.20659160755652, 10, 37, 0, 0, -1372.235
5.18818714120641, 8, 48, 0, 0, -1372.235
5.16002806183586, 10, 35, 0, 0, -1372.235
5.15789546039731, 10, 39, 0, 0, -1372.235
5.13640473216407, 9, 21, 0, 0, -1372.235
5.13531669292773, 10, 28, 0, 0, -1372.235
5.13338285818339, 10, 20, 0, 0, -1372.235
5.12808129696453, 10, 26, 0, 0, -1372.235
5.10714503513235, 8, 116, 0, 0, -1372.235
5.0859626796904, 10, 41, 0, 0, -1372.235
5.06892475566853, 10, 16, 0, 0, -1372.235
5.06033130927172, 7, 234, 0, 0, -1372.235
5.04714420370353, 10, 7, 0, 0, -1372.235
5.0175061802932, 8, 93, 0, 0, -1372.235
5.01313976832172, 8, 174, 0, 0, -1372.235
5.0111086287992, 7, 379, 0, 0, -1372.235
5.00728232427083, 7, 337, 0, 0, -1372.235
4.98732028444633, 10, 29, 0, 0, -1372.235
4.96841532078595, 8, 150, 0, 0, -1372.235
4.95043863329798, 10, 24, 0, 0, -1372.235
4.92885346566278, 10, 21, 0, 0, -1372.235
4.92652469041326, 10, 37, 0, 0, -1372.235
4.88210792067337, 9, 69, 0, 0, -1372.235
4.86376133744246, 8, 123, 0, 0, -1372.235
4.85678411563982, 9, 91, 0, 0, -1372.235
4.85487409312393, 10, 16, 0, 0, -1372.235
4.841481057565, 2, 6639, 0, 0, -1372.235
4.84005320887922, 9, 99, 0, 0, -1372.235
4.82714041447121, 9, 78, 0, 0, -1372.235
4.82241918434731, 9, 101, 0, 0, -1372.235
4.80596628825976, 10, 73, 0, 0, -1372.235
4.80485884140478, 10, 40, 0, 0, -1372.235
4.80202165343936, 10, 26, 0, 0, -1372.235
4.80202165343935, 10, 26, 0, 0, -1372.235
4.77953031197029, 2, 12976, 0, 0, -1372.235
4.77597009742028, 6, 41, 0, 0, -1372.235
4.75344009618224, 10, 14, 0, 0, -1372.235
4.75178377627166, 10, 74, 0, 0, -1372.235
4.75056916290623, 10, 30, 0, 0, -1372.235
4.7498458539105, 8, 253, 0, 0, -1372.235
4.73442688512283, 8, 15, 0, 0, -1372.235
4.71863183943133, 4, 2011, 0, 0, -1372.235
4.71758332087202, 8, 150, 0, 0, -1372.235
4.70267044720178, 10, 41, 0, 0, -1372.235
4.69844299706143, 10, 19, 0, 0, -1372.235
4.68058999606416, 8, 193, 0, 0, -1372.235
4.67467903936301, 8, 215, 0, 0, -1372.235
4.67400620668268, 10, 30, 0, 0, -1372.235
4.66299717427932, 9, 51, 0, 0, -1372.235
4.65789193097258, 5, 1085, 0, 0, -1372.235
4.64875949598636, 9, 73, 0, 0, -1372.235
4.64657368069861, 10, 38, 0, 0, -1372.235
4.62608462958097, 5, 1181, 0, 0, -1372.235
4.61876348774554, 10, 27, 0, 0, -1372.235
4.6175461334951, 6, 19, 0, 0, -1372.235
4.61445069202656, 10, 18, 0, 0, -1372.235
4.61006578411503, 9, 42, 0, 0, -1372.235
4.60262936306215, 10, 35, 0, 0, -1372.235
4.60153142701216, 9, 149, 0, 0, -1372.235
4.59852073138951, 10, 30, 0, 0, -1372.235
4.59708035575067, 9, 100, 0, 0, -1372.235
4.59265772977924, 10, 46, 0, 0, -1372.235
4.58540530175151, 9, 52, 0, 0, -1372.235
4.57798796096971, 8, 166, 0, 0, -1372.235
4.57767815675066, 8, 306, 0, 0, -1372.235
4.57425572051282, 8, 189, 0, 0, -1372.235
4.56292062667226, 10, 21, 0, 0, -1372.235
4.55047253717166, 10, 15, 0, 0, -1372.235
4.54754033298023, 7, 219, 0, 0, -1372.235
4.54568512371242, 8, 127, 0, 0, -1372.235
4.53883959371049, 10, 47, 0, 0, -1372.235
4.5332330483109, 9, 66, 0, 0, -1372.235
4.50410615102322, 10, 42, 0, 0, -1372.235
4.49498432699067, 10, 46, 0, 0, -1372.235
4.47832228202768, 8, 70, 0, 0, -1372.235
4.47624756319874, 9, 23, 0, 0, -1372.235
4.46498625824661, 9, 53, 0, 0, -1372.235
4.4632442150993, 10, 36, 0, 0, -1372.235
4.45346347017783, 9, 27, 0, 0, -1372.235
4.44707542321827, 10, 24, 0, 0, -1372.235
4.44625694815214, 7, 225, 0, 0, -1372.235
4.44396130251751, 10, 20, 0, 0, -1372.235
4.44179634569725, 9, 25, 0, 0, -1372.235
4.43827477115584, 9, 102, 0, 0, -1372.235
4.41656691707254, 10, 17, 0, 0, -1372.235
4.40794447702535, 9, 78, 0, 0, -1372.235
4.40190176144231, 8, 174, 0, 0, -1372.235
4.39895075065051, 10, 23, 0, 0, -1372.235
4.39004214782135, 9, 57, 0, 0, -1372.235
4.38136676269466, 9, 41, 0, 0, -1372.235
4.37986841922354, 10, 29, 0, 0, -1372.235
4.37505928100664, 10, 25, 0, 0, -1372.235
4.36322628989941, 7, 356, 0, 0, -1372.235
4.36291348535124, 10, 41, 0, 0, -1372.235
4.34734753905024, 10, 12, 0, 0, -1372.235
4.3368036887113, 9, 61, 0, 0, -1372.235
4.33435259187656, 6, 402, 0, 0, -1372.235
4.33283810599514, 10, 44, 0, 0, -1372.235
4.32234800668829, 7, 28, 0, 0, -1372.235
4.31709932365705, 10, 25, 0, 0, -1372.235
4.30174109321043, 6, 444, 0, 0, -1372.235
4.29730303601812, 9, 146, 0, 0, -1372.235
4.27660460960219, 10, 46, 0, 0, -1372.235
4.2764348487264, 8, 156, 0, 0, -1372.235
4.26549426217508, 8, 17, 0, 0, -1372.235
4.26218663315877, 9, 23, 0, 0, -1372.235
4.25786299309003, 10, 30, 0, 0, -1372.235
4.2545779602639, 10, 30, 0, 0, -1372.235
4.24773096898677, 10, 17, 0, 0, -1372.235
4.24016444108252, 6, 493, 0, 0, -1372.235
4.22979315203785, 10, 23, 0, 0, -1372.235
4.22880779402698, 8, 218, 0, 0, -1372.235
4.22428000167326, 9, 95, 0, 0, -1372.235
4.22166902007703, 10, 34, 0, 0, -1372.235
4.22094081956762, 9, 49, 0, 0, -1372.235
4.21710526210895, 10, 46, 0, 0, -1372.235
4.21144066139296, 10, 35, 0, 0, -1372.235
4.21038272487101, 10, 19, 0, 0, -1372.235
4.20397596393406, 10, 26, 0, 0, -1372.235
4.20317153593183, 10, 17, 0, 0, -1372.235
4.20128571689492, 5, 1228, 0, 0, -1372.235
4.19932794476946, 4, 2313, 0, 0, -1372.235
4.18972998981366, 10, 42, 0, 0, -1372.235
4.18240317943755, 10, 12, 0, 0, -1372.235
4.17071365945052, 10, 43, 0, 0, -1372.235
4.15476003071493, 10, 33, 0, 0, -1372.235
4.15419112480422, 10, 28, 0, 0, -1372.235
4.15111006917094, 10, 23, 0, 0, -1372.235
4.15047363561424, 9, 50, 0, 0, -1372.235
4.14790030297696, 10, 63, 0, 0, -1372.235
4.13732239987401, 9, 31, 0, 0, -1372.235
4.13268935378638, 10, 43, 0, 0, -1372.235
4.1232738195842, 10, 34, 0, 0, -1372.235
4.11047399798645, 9, 53, 0, 0, -1372.235
4.10864673466926, 9, 38, 0, 0, -1372.235
4.10654803062532, 10, 21, 0, 0, -1372.235
4.09016981256138, 9, 33, 0, 0, -1372.235
4.0779793534511, 8, 164, 0, 0, -1372.235
4.06381962672148, 10, 13, 0, 0, -1372.235
4.0554713721487, 10, 43, 0, 0, -1372.235
4.04761307877462, 10, 43, 0, 0, -1372.235
4.04160523385313, 10, 23, 0, 0, -1372.235
4.02787048915564, 9, 94, 0, 0, -1372.235
4.02384852395746, 6, 489, 0, 0, -1372.235
3.98664361538378, 2, 8382, 0, 0, -1372.235
3.98448761523047, 10, 27, 0, 0, -1372.235
3.98078684128956, 10, 28, 0, 0, -1372.235
3.97718667317868, 8, 169, 0, 0, -1372.235
3.97618662003034, 9, 36, 0, 0, -1372.235
3.97600427144903, 7, 398, 0, 0, -1372.235
3.96311011825507, 10, 27, 0, 0, -1372.235
3.962752186291, 6, 638, 0, 0, -1372.235
3.95980450053322, 7, 261, 0, 0, -1372.235
3.95306783229805, 8, 128, 0, 0, -1372.235
3.94352574247608, 8, 208, 0, 0, -1372.235
3.94352574247605, 8, 208, 0, 0, -1372.235
3.92566647119216, 7, 508, 0, 0, -1372.235
3.92519881806511, 10, 42, 0, 0, -1372.235
3.91793244471647, 9, 62, 0, 0, -1372.235
3.91576723155856, 7, 267, 0, 0, -1372.235
3.90717427381242, 7, 332, 0, 0, -1372.235
3.90683390484398, 10, 46, 0, 0, -1372.235
3.90386565053001, 10, 22, 0, 0, -1372.235
3.89491079677955, 8, 134, 0, 0, -1372.235
3.89357250896129, 10, 47, 0, 0, -1372.235
3.88517981076164, 9, 66, 0, 0, -1372.235
3.88025844140406, 10, 30, 0, 0, -1372.235
3.87175145420541, 8, 73, 0, 0, -1372.235
3.86545376931576, 10, 39, 0, 0, -1372.235
3.86545376931576, 10, 39, 0, 0, -1372.235
3.85805597155325, 10, 16, 0, 0, -1372.235
3.85569050113034, 7, 272, 0, 0, -1372.235
3.85393702535397, 9, 67, 0, 0, -1372.235
3.84823161121193, 9, 26, 0, 0, -1372.235
3.83495840774842, 10, 38, 0, 0, -1372.235
3.82901191733184, 8, 145, 0, 0, -1372.235
3.82894401125923, 7, 454, 0, 0, -1372.235
3.8277661428233, 10, 28, 0, 0, -1372.235
3.82327352025001, 10, 14, 0, 0, -1372.235
3.82287493438223, 9, 59, 0, 0, -1372.235
3.82001980602411, 8, 129, 0, 0, -1372.235
3.81386278214231, 9, 54, 0, 0, -1372.235
3.81112903913029, 8, 132, 0, 0, -1372.235
3.80794341646439, 10, 11, 0, 0, -1372.235
3.80408402276042, 9, 122, 0, 0, -1372.235
3.79750237667581, 9, 55, 0, 0, -1372.235
3.77983307595783, 8, 185, 0, 0, -1372.235
3.77658638608179, 9, 49, 0, 0, -1372.235
3.76875456193672, 10, 41, 0, 0, -1372.235
3.75459827789052, 10, 71, 0, 0, -1372.235
3.73290821538308, 9, 53, 0, 0, -1372.235
3.7308727247212, 10, 41, 0, 0, -1372.235
3.73033257963421, 8, 161, 0, 0, -1372.235
3.72273640562226, 9, 66, 0, 0, -1372.235
3.71876914196523, 5, 915, 0, 0, -1372.235
3.71445615508551, 10, 33, 0, 0, -1372.235
3.7110611822047, 7, 260, 0, 0, -1372.235
3.71052224432442, 9, 80, 0, 0, -1372.235
3.70946210395602, 8, 213, 0, 0, -1372.235
3.7024120656238, 8, 204, 0, 0, -1372.235
3.69706110485829, 10, 54, 0, 0, -1372.235
3.68987729645615, 10, 25, 0, 0, -1372.235
3.68827525913526, 10, 55, 0, 0, -1372.235
3.67736171072352, 8, 90, 0, 0, -1372.235
3.67029605394105, 7, 186, 0, 0, -1372.235
3.66727578999117, 10, 31, 0, 0, -1372.235
3.66596782054457, 10, 40, 0, 0, -1372.235
3.66362667126656, 10, 36, 0, 0, -1372.235
3.65256851722438, 10, 23, 0, 0, -1372.235
3.64196290022725, 9, 40, 0, 0, -1372.235
3.63918287679321, 10, 22, 0, 0, -1372.235
3.63213197001273, 8, 90, 0, 0, -1372.235
3.6287626810293, 8, 140, 0, 0, -1372.235
3.62726735167081, 8, 104, 0, 0, -1372.235
3.61766767149251, 7, 486, 0, 0, -1372.235
3.61351880783529, 10, 31, 0, 0, -1372.235
3.60861571681248, 10, 31, 0, 0, -1372.235
3.60243908353607, 10, 46, 0, 0, -1372.235
3.59429194875374, 6, 548, 0, 0, -1372.235
3.58899028083907, 10, 42, 0, 0, -1372.235
3.57413116561897, 9, 55, 0, 0, -1372.235
3.5593277523941, 10, 27, 0, 0, -1372.235
3.55544593133987, 10, 46, 0, 0, -1372.235
3.55476748124965, 10, 35, 0, 0, -1372.235
3.55109469427301, 9, 86, 0, 0, -1372.235
3.54799280073161, 8, 168, 0, 0, -1372.235
3.54262026486699, 5, 990, 0, 0, -1372.235
3.53418312398326, 10, 57, 0, 0, -1372.235
3.53336203463964, 9, 110, 0, 0, -1372.235
3.52908461867738, 9, 70, 0, 0, -1372.235
3.52214932778035, 10, 58, 0, 0, -1372.235
3.50769836020188, 10, 30, 0, 0, -1372.235
3.50411044610366, 10, 40, 0, 0, -1372.235
3.50300409166297, 10, 50, 0, 0, -1372.235
3.50268336927874, 9, 38, 0, 0, -1372.235
3.48371059506935, 9, 88, 0, 0, -1372.235
3.48114574192066, 8, 125, 0, 0, -1372.235
3.46608729023396, 10, 22, 0, 0, -1372.235
3.46470689139006, 8, 29, 0, 0, -1372.235
3.45834677252275, 10, 8, 0, 0, -1372.235
3.45465568417631, 10, 36, 0, 0, -1372.235
3.4524932218967, 9, 141, 0, 0, -1372.235
3.44791311295503, 10, 90, 0, 0, -1372.235
3.44549534614627, 9, 61, 0, 0, -1372.235
3.44167811878541, 9, 47, 0, 0, -1372.235
3.43489972466779, 9, 55, 0, 0, -1372.235
3.42985851246092, 8, 81, 0, 0, -1372.235
3.42385301039713, 9, 135, 0, 0, -1372.235
3.41616283491395, 9, 19, 0, 0, -1372.235
3.41499051565357, 10, 26, 0, 0, -1372.235
3.4147064305482, 5, 1023, 0, 0, -1372.235
3.41441980957402, 10, 55, 0, 0, -1372.235
3.41393924585816, 10, 16, 0, 0, -1372.235
3.40911731969045, 9, 79, 0, 0, -1372.235
3.40786329227015, 7, 288, 0, 0, -1372.235
3.40727365803262, 10, 28, 0, 0, -1372.235
3.39987245348563, 10, 22, 0, 0, -1372.235
3.39117215605008, 9, 63, 0, 0, -1372.235
3.38809691712713, 10, 26, 0, 0, -1372.235
3.38739700918985, 10, 45, 0, 0, -1372.235
3.36362783285115, 9, 90, 0, 0, -1372.235
3.36098100901901, 8, 213, 0, 0, -1372.235
3.35641448947986, 10, 48, 0, 0, -1372.235
3.34718157402186, 9, 41, 0, 0, -1372.235
3.33849339748341, 8, 204, 0, 0, -1372.235
3.33798393343862, 10, 35, 0, 0, -1372.235
3.33657072731468, 8, 172, 0, 0, -1372.235
3.33167085514013, 10, 29, 0, 0, -1372.235
3.32813583783701, 4, 1532, 0, 0, -1372.235
3.32661902444693, 10, 30, 0, 0, -1372.235
3.31588448925779, 8, 229, 0, 0, -1372.235
3.30294862204148, 10, 17, 0, 0, -1372.235
3.30126457223998, 6, 427, 0, 0, -1372.235
3.29440345296908, 8, 140, 0, 0, -1372.235
3.29290362694066, 7, 299, 0, 0, -1372.235
3.29095533362914, 8, 194, 0, 0, -1372.235
3.29086663263789, 10, 16, 0, 0, -1372.235
3.28824680488453, 9, 63, 0, 0, -1372.235
3.28539441872881, 10, 54, 0, 0, -1372.235
3.2790639729209, 8, 236, 0, 0, -1372.235
3.26790298871602, 10, 46, 0, 0, -1372.235
3.26475738452378, 6, 805, 0, 0, -1372.235
3.25167216142543, 6, 618, 0, 0, -1372.235
3.25020503966301, 10, 58, 0, 0, -1372.235
3.24741146217675, 10, 53, 0, 0, -1372.235
3.24732514471491, 7, 321, 0, 0, -1372.235
3.24541613077843, 9, 54, 0, 0, -1372.235
3.23850206444033, 9, 31, 0, 0, -1372.235
3.23828609738858, 10, 69, 0, 0, -1372.235
3.23118104819515, 10, 28, 0, 0, -1372.235
3.22959111569001, 10, 18, 0, 0, -1372.235
3.22547592272905, 10, 38, 0, 0, -1372.235
3.22350619239467, 9, 68, 0, 0, -1372.235
3.21677091028444, 9, 58, 0, 0, -1372.235
3.21677091028444, 9, 58, 0, 0, -1372.235
3.21559539800394, 8, 208, 0, 0, -1372.235
3.21520584043662, 10, 47, 0, 0, -1372.235
3.2137504615401, 8, 122, 0, 0, -1372.235
3.21192035122249, 6, 688, 0, 0, -1372.235
3.20363444018618, 5, 1117, 0, 0, -1372.235
3.20306105674551, 6, 480, 0, 0, -1372.235
3.20218041686385, 8, 190, 0, 0, -1372.235
3.18655270227221, 10, 22, 0, 0, -1372.235
3.18570880446518, 9, 88, 0, 0, -1372.235
3.18570880446517, 9, 88, 0, 0, -1372.235
3.18064096863679, 9, 89, 0, 0, -1372.235
3.18042073446994, 10, 40, 0, 0, -1372.235
3.17824265898666, 10, 35, 0, 0, -1372.235
3.17600979425392, 6, 475, 0, 0, -1372.235
3.17132372705219, 9, 80, 0, 0, -1372.235
3.16809027612389, 10, 9, 0, 0, -1372.235
3.1672492931826, 10, 48, 0, 0, -1372.235
3.1663661693663, 7, 32, 0, 0, -1372.235
3.16495563624853, 8, 212, 0, 0, -1372.235
3.15982839805993, 9, 43, 0, 0, -1372.235
3.15976803163339, 10, 32, 0, 0, -1372.235
3.152561794396, 9, 77, 0, 0, -1372.235
3.15191150017212, 9, 34, 0, 0, -1372.235
3.15185845377067, 10, 54, 0, 0, -1372.235
3.1415678158433, 10, 27, 0, 0, -1372.235
3.13983745162051, 10, 52, 0, 0, -1372.235
3.13619681124445, 8, 94, 0, 0, -1372.235
3.13272744632122, 8, 124, 0, 0, -1372.235
3.1306174358294, 8, 171, 0, 0, -1372.235
3.12523845600643, 8, 97, 0, 0, -1372.235
3.12131694336618, 10, 68, 0, 0, -1372.235
3.11814969619456, 10, 37, 0, 0, -1372.235
3.11789452799868, 3, 3621, 0, 0, -1372.235
3.11466274093852, 10, 14, 0, 0, -1372.235
3.11074304263274, 10, 54, 0, 0, -1372.235
3.09538165827948, 7, 340, 0, 0, -1372.235
3.09061391049156, 9, 52, 0, 0, -1372.235
3.08900995641309, 9, 89, 0, 0, -1372.235
3.08771378158687, 8, 128, 0, 0, -1372.235
3.07614791776013, 8, 145, 0, 0, -1372.235
3.07379435563983, 10, 37, 0, 0, -1372.235
3.07236171271149, 10, 60, 0, 0, -1372.235
3.06821868872057, 10, 27, 0, 0, -1372.235
3.06617646903854, 10, 61, 0, 0, -1372.235
3.06053504344702, 10, 39, 0, 0, -1372.235
3.05188417880351, 10, 51, 0, 0, -1372.235
3.04790346961808, 10, 25, 0, 0, -1372.235
3.04679895803653, 9, 78, 0, 0, -1372.235
3.04402234432666, 10, 35, 0, 0, -1372.235
3.02852363050115, 9, 22, 0, 0, -1372.235
3.02811620041323, 7, 242, 0, 0, -1372.235
3.02490867667304, 10, 62, 0, 0, -1372.235
3.02072693820972, 10, 17, 0, 0, -1372.235
3.00676909347658, 8, 70, 0, 0, -1372.235
3.00410023046596, 10, 34, 0, 0, -1372.235
2.99939556031679, 10, 34, 0, 0, -1372.235
2.99836683439841, 10, 43, 0, 0, -1372.235
2.99700481808494, 8, 239, 0, 0, -1372.235
2.99619191216112, 9, 69, 0, 0, -1372.235
2.98116934861152, 10, 26, 0, 0, -1372.235
2.98055954146798, 9, 92, 0, 0, -1372.235
2.97780174456565, 8, 234, 0, 0, -1372.235
2.97699026264191, 9, 62, 0, 0, -1372.235
2.97212635213636, 8, 182, 0, 0, -1372.235
2.96737472270776, 10, 42, 0, 0, -1372.235
2.96330794976764, 8, 94, 0, 0, -1372.235
2.96330163727069, 10, 21, 0, 0, -1372.235
2.96276587870938, 10, 46, 0, 0, -1372.235
2.95868333428416, 9, 69, 0, 0, -1372.235
2.95786459057529, 9, 88, 0, 0, -1372.235
2.9570113772619, 7, 350, 0, 0, -1372.235
2.95541711183446, 9, 33, 0, 0, -1372.235
2.94898427827964, 9, 122, 0, 0, -1372.235
2.94870615140493, 9, 40, 0, 0, -1372.235
2.94815118786143, 8, 182, 0, 0, -1372.235
2.94211456716266, 10, 73, 0, 0, -1372.235
2.94137814445432, 8, 90, 0, 0, -1372.235
2.93834909400089, 4, 1779, 0, 0, -1372.235
2.93559350113451, 9, 81, 0, 0, -1372.235
2.9345934828727, 7, 167, 0, 0, -1372.235
2.92571266394037, 9, 21, 0, 0, -1372.235
2.92344449109406, 9, 95, 0, 0, -1372.235
2.91839005919604, 9, 23, 0, 0, -1372.235
2.91710528446719, 10, 39, 0, 0, -1372.235
2.91481788508909, 9, 65, 0, 0, -1372.235
2.90033101276198, 5, 1233, 0, 0, -1372.235
2.89963507427168, 10, 46, 0, 0, -1372.235
2.89895768037723, 10, 37, 0, 0, -1372.235
2.89846853357342, 10, 35, 0, 0, -1372.235
2.88865011346816, 9, 41, 0, 0, -1372.235
2.88817132203771, 10, 37, 0, 0, -1372.235
2.88809537624508, 8, 172, 0, 0, -1372.235
2.88766546879534, 8, 120, 0, 0, -1372.235
2.88465810185184, 9, 64, 0, 0, -1372.235
2.88459108064242, 10, 20, 0, 0, -1372.235
2.8728860068771, 10, 41, 0, 0, -1372.235
2.87215356387884, 10, 52, 0, 0, -1372.235
2.87161111254638, 10, 40, 0, 0, -1372.235
2.8620421460916, 9, 65, 0, 0, -1372.235
2.85901345205712, 8, 163, 0, 0, -1372.235
2.85774734915973, 6, 887, 0, 0, -1372.235
2.85642171667287, 10, 22, 0, 0, -1372.235
2.84966067934846, 10, 59, 0, 0, -1372.235
2.84816224827249, 8, 122, 0, 0, -1372.235
2.84733067616864, 10, 15, 0, 0, -1372.235
2.84594212562661, 5, 1273, 0, 0, -1372.235
2.8402629610215, 10, 21, 0, 0, -1372.235
2.83810780050985, 10, 20, 0, 0, -1372.235
2.83761105933816, 10, 74, 0, 0, -1372.235
2.82791252967351, 6, 546, 0, 0, -1372.235
2.82769520261242, 9, 98, 0, 0, -1372.235
2.81883364265345, 10, 39, 0, 0, -1372.235
2.81802438874486, 10, 55, 0, 0, -1372.235
2.81621348168052, 10, 47, 0, 0, -1372.235
2.81179347883077, 10, 63, 0, 0, -1372.235
2.80823828774081, 9, 80, 0, 0, -1372.235
2.80789232149323, 9, 53, 0, 0, -1372.235
2.80573754218847, 10, 40, 0, 0, -1372.235
2.80422683434985, 10, 54, 0, 0, -1372.235
2.80060827051852, 10, 36, 0, 0, -1372.235
2.79700795321311, 10, 67, 0, 0, -1372.235
2.79102588646255, 9, 104, 0, 0, -1372.235
2.78893178357859, 10, 54, 0, 0, -1372.235
2.78860320522008, 8, 171, 0, 0, -1372.235
2.78500233038612, 10, 10, 0, 0, -1372.235
2.7844883690238, 9, 53, 0, 0, -1372.235
2.77128955519068, 9, 105, 0, 0, -1372.235
2.76996161286456, 10, 32, 0, 0, -1372.235
2.76723530796091, 10, 48, 0, 0, -1372.235
2.76709930813598, 8, 94, 0, 0, -1372.235
2.76229000496815, 10, 31, 0, 0, -1372.235
2.76099140131044, 10, 22, 0, 0, -1372.235
2.75923893868148, 10, 45, 0, 0, -1372.235
2.75783726007698, 6, 518, 0, 0, -1372.235
2.75672767227994, 10, 22, 0, 0, -1372.235
2.75662463191397, 10, 46, 0, 0, -1372.235
2.7563664248238, 10, 65, 0, 0, -1372.235
2.75254670587805, 10, 23, 0, 0, -1372.235
2.74966900854679, 6, 929, 0, 0, -1372.235
2.74434826769913, 9, 72, 0, 0, -1372.235
2.74065782042929, 10, 51, 0, 0, -1372.235
2.7404103731951, 9, 103, 0, 0, -1372.235
2.73757360351302, 9, 101, 0, 0, -1372.235
2.73516167900796, 9, 36, 0, 0, -1372.235
2.73428272314921, 10, 62, 0, 0, -1372.235
2.7339652354283, 10, 57, 0, 0, -1372.235
2.73320140658533, 10, 57, 0, 0, -1372.235
2.73077334309378, 10, 15, 0, 0, -1372.235
2.72169649983661, 10, 21, 0, 0, -1372.235
2.72151961469782, 10, 66, 0, 0, -1372.235
2.71648132225762, 9, 72, 0, 0, -1372.235
2.70870085093484, 10, 44, 0, 0, -1372.235
2.70468524940809, 10, 34, 0, 0, -1372.235
2.70252214519306, 9, 53, 0, 0, -1372.235
2.70107890872234, 10, 37, 0, 0, -1372.235
2.69374548234105, 9, 136, 0, 0, -1372.235
2.69080693121561, 8, 128, 0, 0, -1372.235
2.68240436358702, 6, 715, 0, 0, -1372.235
2.68025792121371, 9, 124, 0, 0, -1372.235
2.67534012165084, 10, 39, 0, 0, -1372.235
2.67459739480283, 9, 39, 0, 0, -1372.235
2.66739851575776, 10, 16, 0, 0, -1372.235
2.66490742622768, 8, 115, 0, 0, -1372.235
2.65585394791658, 6, 601, 0, 0, -1372.235
2.65516004327827, 9, 74, 0, 0, -1372.235
2.65445114386851, 7, 256, 0, 0, -1372.235
2.65427013285353, 10, 30, 0, 0, -1372.235
2.64562956023089, 9, 71, 0, 0, -1372.235
2.64168386703973, 4, 1923, 0, 0, -1372.235
2.63940511984842, 8, 35, 0, 0, -1372.235
2.62982172090767, 10, 36, 0, 0, -1372.235
2.6283535738218, 9, 65, 0, 0, -1372.235
2.62553511180147, 9, 39, 0, 0, -1372.235
2.62391967068767, 7, 191, 0, 0, -1372.235
2.62297187544639, 8, 135, 0, 0, -1372.235
2.61937564675872, 10, 89, 0, 0, -1372.235
2.61625129561323, 9, 74, 0, 0, -1372.235
2.61524527143897, 10, 49, 0, 0, -1372.235
2.61203553135092, 9, 60, 0, 0, -1372.235
2.61100336197826, 7, 395, 0, 0, -1372.235
2.60954059805084, 8, 231, 0, 0, -1372.235
2.60888878212444, 9, 109, 0, 0, -1372.235
2.60026160090182, 9, 88, 0, 0, -1372.235
2.5995463362069, 9, 64, 0, 0, -1372.235
2.5969739147767, 7, 433, 0, 0, -1372.235
2.58415231783285, 10, 12, 0, 0, -1372.235
2.58276728917779, 8, 172, 0, 0, -1372.235
2.58097689402913, 10, 32, 0, 0, -1372.235
2.57613426438479, 10, 38, 0, 0, -1372.235
2.57552777676453, 7, 41, 0, 0, -1372.235
2.57270195528088, 10, 41, 0, 0, -1372.235
2.57188318549843, 10, 36, 0, 0, -1372.235
2.57134229999089, 9, 39, 0, 0, -1372.235
2.56974221021571, 7, 420, 0, 0, -1372.235
2.56920804436279, 9, 70, 0, 0, -1372.235
2.56526648980178, 5, 1517, 0, 0, -1372.235
2.55960567806346, 8, 213, 0, 0, -1372.235
2.55787559261867, 9, 103, 0, 0, -1372.235
2.55474042768108, 10, 31, 0, 0, -1372.235
2.55167484161645, 10, 38, 0, 0, -1372.235
2.5489623906279, 9, 27, 0, 0, -1372.235
2.54771468722476, 10, 37, 0, 0, -1372.235
2.54747903435435, 10, 48, 0, 0, -1372.235
2.54652369524563, 6, 570, 0, 0, -1372.235
2.54110155503239, 8, 127, 0, 0, -1372.235
2.54041935539608, 10, 41, 0, 0, -1372.235
2.53543297711211, 8, 198, 0, 0, -1372.235
2.53431597459593, 10, 16, 0, 0, -1372.235
2.53300564360334, 10, 21, 0, 0, -1372.235
2.52550838108587, 10, 57, 0, 0, -1372.235
2.52480864816844, 8, 239, 0, 0, -1372.235
2.51883007386225, 9, 72, 0, 0, -1372.235
2.51001113382996, 8, 178, 0, 0, -1372.235
2.5095964583887, 9, 72, 0, 0, -1372.235
2.50749555490819, 10, 35, 0, 0, -1372.235
2.50548577397569, 9, 97, 0, 0, -1372.235
2.50457664481538, 10, 19, 0, 0, -1372.235
2.50417768412057, 10, 44, 0, 0, -1372.235
2.50394059963467, 7, 304, 0, 0, -1372.235
2.50347390787629, 8, 106, 0, 0, -1372.235
2.50174573821947, 7, 391, 0, 0, -1372.235
2.50158728701512, 7, 405, 0, 0, -1372.235
2.4959665290855, 9, 74, 0, 0, -1372.235
2.49596351344192, 7, 258, 0, 0, -1372.235
2.49458729449695, 10, 27, 0, 0, -1372.235
2.49405333125151, 9, 102, 0, 0, -1372.235
2.49171995504124, 10, 38, 0, 0, -1372.235
2.48913028003812, 10, 38, 0, 0, -1372.235
2.48056551317285, 10, 62, 0, 0, -1372.235
2.47997333848632, 10, 54, 0, 0, -1372.235
2.4772734163114, 9, 120, 0, 0, -1372.235
2.47627596886205, 8, 131, 0, 0, -1372.235
2.46906904485808, 8, 128, 0, 0, -1372.235
2.46882763499362, 10, 46, 0, 0, -1372.235
2.46012903241597, 10, 39, 0, 0, -1372.235
2.45857612120621, 10, 38, 0, 0, -1372.235
2.45652670175308, 9, 101, 0, 0, -1372.235
2.45613805609837, 7, 281, 0, 0, -1372.235
2.4539620986485, 10, 59, 0, 0, -1372.235
2.45290807941862, 7, 438, 0, 0, -1372.235
2.45132961574584, 5, 1602, 0, 0, -1372.235
2.44870589744711, 9, 26, 0, 0, -1372.235
2.44687406210669, 9, 118, 0, 0, -1372.235
2.44395399536454, 7, 303, 0, 0, -1372.235
2.43579726088739, 9, 123, 0, 0, -1372.235
2.43467594162406, 10, 86, 0, 0, -1372.235
2.43181672444018, 9, 17, 0, 0, -1372.235
2.42198041012146, 9, 33, 0, 0, -1372.235
2.42147982640182, 10, 59, 0, 0, -1372.235
2.41955456880556, 10, 66, 0, 0, -1372.235
2.40372753075196, 10, 38, 0, 0, -1372.235
2.4003748544042, 10, 38, 0, 0, -1372.235
2.39632799350668, 3, 4966, 0, 0, -1372.235
2.39563521261786, 10, 31, 0, 0, -1372.235
2.38683871191945, 10, 32, 0, 0, -1372.235
2.38039252529274, 10, 49, 0, 0, -1372.235
2.37961703861443, 9, 89, 0, 0, -1372.235
2.37944011933368, 7, 260, 0, 0, -1372.235
2.3753592740728, 9, 19, 0, 0, -1372.235
2.37535927407279, 9, 19, 0, 0, -1372.235
2.37436686204441, 10, 37, 0, 0, -1372.235
2.36919224653587, 10, 49, 0, 0, -1372.235
2.3621694815581, 10, 53, 0, 0, -1372.235
2.36146660306316, 8, 219, 0, 0, -1372.235
2.36092227879585, 10, 71, 0, 0, -1372.235
2.35788877253722, 8, 116, 0, 0, -1372.235
2.34431547963196, 9, 166, 0, 0, -1372.235
2.341328278187, 9, 40, 0, 0, -1372.235
2.34065669351522, 8, 292, 0, 0, -1372.235
2.33839469999965, 7, 279, 0, 0, -1372.235
2.33822314726956, 10, 19, 0, 0, -1372.235
2.33434027866767, 10, 55, 0, 0, -1372.235
2.33285110641899, 9, 45, 0, 0, -1372.235
2.32950256732981, 10, 9, 0, 0, -1372.235
2.328147239589, 9, 67, 0, 0, -1372.235
2.32791061156386, 10, 81, 0, 0, -1372.235
2.32778699295023, 6, 469, 0, 0, -1372.235
2.32750559682493, 10, 23, 0, 0, -1372.235
2.32581607142857, 9, 64, 0, 0, -1372.235
2.31929159005151, 9, 66, 0, 0, -1372.235
2.3185516533024, 10, 30, 0, 0, -1372.235
2.31024175877139, 10, 16, 0, 0, -1372.235
2.30944357680862, 10, 41, 0, 0, -1372.235
2.30471412569411, 10, 67, 0, 0, -1372.235
2.30240639272884, 6, 658, 0, 0, -1372.235
2.30208737008753, 9, 115, 0, 0, -1372.235
2.29971740938973, 10, 49, 0, 0, -1372.235
2.29732507712581, 10, 57, 0, 0, -1372.235
2.29355311571873, 9, 102, 0, 0, -1372.235
2.28987199644001, 10, 26, 0, 0, -1372.235
2.2853935011403, 10, 49, 0, 0, -1372.235
2.28323727201267, 10, 49, 0, 0, -1372.235
2.28219296951395, 9, 133, 0, 0, -1372.235
2.28130583336666, 10, 39, 0, 0, -1372.235
2.27919895247085, 10, 41, 0, 0, -1372.235
2.27831107255516, 10, 53, 0, 0, -1372.235
2.2756930065325, 10, 40, 0, 0, -1372.235
2.2756930065325, 10, 40, 0, 0, -1372.235
2.27288985288401, 10, 33, 0, 0, -1372.235
2.27082026163433, 8, 226, 0, 0, -1372.235
2.26771906560181, 10, 33, 0, 0, -1372.235
2.26538969772446, 9, 56, 0, 0, -1372.235
2.26443716963879, 10, 29, 0, 0, -1372.235
2.26243063793427, 8, 247, 0, 0, -1372.235
2.26073675770474, 10, 94, 0, 0, -1372.235
2.25717503204245, 10, 32, 0, 0, -1372.235
2.25434141682336, 10, 30, 0, 0, -1372.235
2.24882362441768, 9, 68, 0, 0, -1372.235
2.24745131726372, 10, 37, 0, 0, -1372.235
2.24665643169076, 10, 45, 0, 0, -1372.235
2.24607087534465, 8, 72, 0, 0, -1372.235
2.24469709893203, 9, 70, 0, 0, -1372.235
2.24325998625703, 9, 89, 0, 0, -1372.235
2.24301204846569, 9, 31, 0, 0, -1372.235
2.24172711953932, 10, 50, 0, 0, -1372.235
2.23923275060701, 9, 111, 0, 0, -1372.235
2.23757566297071, 10, 45, 0, 0, -1372.235
2.23077353065616, 10, 57, 0, 0, -1372.235
2.22982216110869, 9, 46, 0, 0, -1372.235
2.21842954761097, 8, 221, 0, 0, -1372.235
2.21605585495734, 10, 54, 0, 0, -1372.235
2.21605585495733, 10, 54, 0, 0, -1372.235
2.21359829941588, 8, 162, 0, 0, -1372.235
2.2072428190573, 10, 29, 0, 0, -1372.235
2.20588177080745, 10, 46, 0, 0, -1372.235
2.19774345226544, 10, 41, 0, 0, -1372.235
2.19050914645489, 10, 43, 0, 0, -1372.235
2.19003930591105, 10, 50, 0, 0, -1372.235
2.18943714381677, 7, 509, 0, 0, -1372.235
2.18618002567219, 10, 32, 0, 0, -1372.235
2.18531553987702, 10, 31, 0, 0, -1372.235
2.18487002623814, 7, 460, 0, 0, -1372.235
2.18331629982445, 8, 85, 0, 0, -1372.235
2.17972618860901, 10, 36, 0, 0, -1372.235
2.17968215482983, 10, 38, 0, 0, -1372.235
2.17000010229655, 9, 43, 0, 0, -1372.235
2.16938598984661, 10, 14, 0, 0, -1372.235
2.16878063001849, 10, 54, 0, 0, -1372.235
2.16759261067749, 10, 21, 0, 0, -1372.235
2.16032499718177, 10, 39, 0, 0, -1372.235
2.15754179390133, 6, 537, 0, 0, -1372.235
2.15419542712062, 10, 51, 0, 0, -1372.235
2.14813222196413, 4, 2954, 0, 0, -1372.235
2.14499917133385, 9, 76, 0, 0, -1372.235
2.14301777078051, 10, 40, 0, 0, -1372.235
2.13760477252267, 9, 79, 0, 0, -1372.235
2.13587017354372, 10, 55, 0, 0, -1372.235
2.13454384635192, 10, 31, 0, 0, -1372.235
2.12796926190933, 8, 153, 0, 0, -1372.235
2.12510944133145, 6, 788, 0, 0, -1372.235
2.12483817554622, 10, 25, 0, 0, -1372.235
2.12255390691808, 10, 73, 0, 0, -1372.235
2.12066646554914, 10, 41, 0, 0, -1372.235
2.11660051755025, 7, 188, 0, 0, -1372.235
2.11384218537342, 10, 14, 0, 0, -1372.235
2.11327536297114, 9, 84, 0, 0, -1372.235
2.11269103198017, 10, 91, 0, 0, -1372.235
2.1121625469563, 8, 152, 0, 0, -1372.235
2.11187696446372, 5, 348, 0, 0, -1372.235
2.10722901121355, 9, 39, 0, 0, -1372.235
2.10245134632299, 9, 75, 0, 0, -1372.235
2.10221788124025, 7, 499, 0, 0, -1372.235
2.08791925445598, 10, 31, 0, 0, -1372.235
2.08790702898966, 9, 97, 0, 0, -1372.235
2.08369602021537, 10, 38, 0, 0, -1372.235
2.08340836854999, 10, 55, 0, 0, -1372.235
2.08335024901775, 10, 46, 0, 0, -1372.235
2.07777271681068, 10, 38, 0, 0, -1372.235
2.07369813673945, 10, 55, 0, 0, -1372.235
2.07204106927752, 9, 124, 0, 0, -1372.235
2.06864229505217, 10, 47, 0, 0, -1372.235
2.06839181851394, 6, 814, 0, 0, -1372.235
2.06805140359532, 9, 52, 0, 0, -1372.235
2.06766627237975, 10, 25, 0, 0, -1372.235
2.06687611709951, 10, 35, 0, 0, -1372.235
2.06517035330077, 8, 136, 0, 0, -1372.235
2.06449836597963, 8, 47, 0, 0, -1372.235
2.06306205666149, 10, 21, 0, 0, -1372.235
2.06296535816571, 10, 39, 0, 0, -1372.235
2.06151401901505, 10, 24, 0, 0, -1372.235
2.05685992017166, 8, 192, 0, 0, -1372.235
2.05671363404784, 9, 41, 0, 0, -1372.235
2.05502838528869, 7, 310, 0, 0, -1372.235
2.05300625748693, 4, 3119, 0, 0, -1372.235
2.05237217382943, 9, 87, 0, 0, -1372.235
2.05140750910776, 9, 46, 0, 0, -1372.235
2.04576524469282, 10, 10, 0, 0, -1372.235
2.0446712703362, 10, 17, 0, 0, -1372.235
2.03953853194606, 9, 54, 0, 0, -1372.235
2.03904957259056, 10, 35, 0, 0, -1372.235
2.03800658664387, 9, 78, 0, 0, -1372.235
2.03575703649143, 10, 24, 0, 0, -1372.235
2.03565705785031, 9, 100, 0, 0, -1372.235
2.0333048421108, 10, 16, 0, 0, -1372.235
2.03315336372966, 8, 114, 0, 0, -1372.235
2.02840967431763, 9, 96, 0, 0, -1372.235
2.02652388104063, 9, 73, 0, 0, -1372.235
2.02610742825386, 6, 554, 0, 0, -1372.235
2.02525142247379, 9, 108, 0, 0, -1372.235
2.0234850580398, 6, 555, 0, 0, -1372.235
2.0189197970099, 10, 36, 0, 0, -1372.235
2.01851243025662, 9, 50, 0, 0, -1372.235
2.01738034152781, 10, 32, 0, 0, -1372.235
2.01582409645148, 9, 42, 0, 0, -1372.235
2.01549017426737, 9, 76, 0, 0, -1372.235
2.01363042152777, 10, 46, 0, 0, -1372.235
2.01301088298193, 9, 62, 0, 0, -1372.235
2.00790608278383, 9, 142, 0, 0, -1372.235
2.00693576417018, 9, 75, 0, 0, -1372.235
2.00509735049445, 10, 38, 0, 0, -1372.235
1.99511894759899, 8, 83, 0, 0, -1372.235
1.99151027037769, 10, 43, 0, 0, -1372.235
1.99083091889682, 10, 40, 0, 0, -1372.235
1.98606085873574, 9, 45, 0, 0, -1372.235
1.97955184363388, 10, 22, 0, 0, -1372.235
1.97639643059181, 10, 34, 0, 0, -1372.235
1.97550568509164, 7, 204, 0, 0, -1372.235
1.97396045523953, 9, 54, 0, 0, -1372.235
1.97127869122411, 10, 23, 0, 0, -1372.235
1.96176872145493, 10, 72, 0, 0, -1372.235
1.96164029835326, 9, 22, 0, 0, -1372.235
1.96140067681717, 10, 16, 0, 0, -1372.235
1.95742696415091, 10, 50, 0, 0, -1372.235
1.95290480070767, 10, 59, 0, 0, -1372.235
1.95003524457354, 9, 93, 0, 0, -1372.235
1.94760638160011, 10, 82, 0, 0, -1372.235
1.94697792224393, 10, 12, 0, 0, -1372.235
1.94158443245621, 9, 77, 0, 0, -1372.235
1.94083594006097, 9, 73, 0, 0, -1372.235
1.9399353262816, 10, 43, 0, 0, -1372.235
1.93820256712126, 10, 32, 0, 0, -1372.235
1.93599677814074, 9, 93, 0, 0, -1372.235
1.93567974024555, 10, 21, 0, 0, -1372.235
1.93280568808007, 10, 49, 0, 0, -1372.235
1.93211038402965, 10, 18, 0, 0, -1372.235
1.92756903019138, 9, 83, 0, 0, -1372.235
1.92169696844962, 8, 115, 0, 0, -1372.235
1.91980287594455, 9, 143, 0, 0, -1372.235
1.9182229625146, 10, 20, 0, 0, -1372.235
1.91713113090085, 9, 100, 0, 0, -1372.235
1.9158441797077, 9, 26, 0, 0, -1372.235
1.91412243568075, 10, 39, 0, 0, -1372.235
1.91262471734986, 9, 80, 0, 0, -1372.235
1.90972108678538, 10, 20, 0, 0, -1372.235
1.908227764734, 10, 76, 0, 0, -1372.235
1.90684748133409, 9, 137, 0, 0, -1372.235
1.90617215954986, 10, 23, 0, 0, -1372.235
1.90174697226568, 10, 38, 0, 0, -1372.235
1.89471020334549, 8, 127, 0, 0, -1372.235
1.88889720114107, 8, 87, 0, 0, -1372.235
1.8864243920508, 8, 213, 0, 0, -1372.235
1.88098001235882, 10, 65, 0, 0, -1372.235
1.86722670847116, 9, 85, 0, 0, -1372.235
1.86278405053917, 8, 10, 0, 0, -1372.235
1.86102364692165, 10, 39, 0, 0, -1372.235
1.86073720642412, 9, 87, 0, 0, -1372.235
1.86041208625688, 7, 77, 0, 0, -1372.235
1.85946859951462, 10, 21, 0, 0, -1372.235
1.85483952956234, 9, 83, 0, 0, -1372.235
1.85297926671562, 9, 100, 0, 0, -1372.235
1.8521347609898, 9, 112, 0, 0, -1372.235
1.85002816824877, 9, 80, 0, 0, -1372.235
1.85000504986797, 9, 49, 0, 0, -1372.235
1.84966496460846, 10, 60, 0, 0, -1372.235
1.84671823986245, 9, 157, 0, 0, -1372.235
1.8463759892832, 7, 324, 0, 0, -1372.235
1.8450382181911, 8, 176, 0, 0, -1372.235
1.84254676204127, 9, 61, 0, 0, -1372.235
1.83975200170754, 10, 24, 0, 0, -1372.235
1.83284297049961, 10, 71, 0, 0, -1372.235
1.83284297049961, 10, 71, 0, 0, -1372.235
1.83252863362377, 8, 47, 0, 0, -1372.235
1.82643666013956, 10, 35, 0, 0, -1372.235
1.82473179536279, 8, 204, 0, 0, -1372.235
1.82338690475619, 8, 124, 0, 0, -1372.235
1.8227045705465, 10, 62, 0, 0, -1372.235
1.81883717286801, 10, 43, 0, 0, -1372.235
1.81778354115448, 10, 30, 0, 0, -1372.235
1.81719631939455, 10, 17, 0, 0, -1372.235
1.81580403481598, 10, 79, 0, 0, -1372.235
1.81494103155398, 10, 31, 0, 0, -1372.235
1.8140082817, 10, 78, 0, 0, -1372.235
1.81357733944214, 4, 1180, 0, 0, -1372.235
1.81166183993699, 10, 50, 0, 0, -1372.235
1.81045765033807, 10, 53, 0, 0, -1372.235
1.80536385707954, 10, 25, 0, 0, -1372.235
1.80209889553655, 4, 3043, 0, 0, -1372.235
1.80169442411533, 6, 883, 0, 0, -1372.235
1.80110741620334, 9, 28, 0, 0, -1372.235
1.8004163651398, 9, 81, 0, 0, -1372.235
1.80019242540117, 7, 334, 0, 0, -1372.235
1.79846330748135, 10, 10, 0, 0, -1372.235
1.79656093305187, 7, 403, 0, 0, -1372.235
1.79485288848073, 10, 79, 0, 0, -1372.235
1.79051801538186, 8, 89, 0, 0, -1372.235
1.78951039616908, 9, 85, 0, 0, -1372.235
1.787609270605, 6, 644, 0, 0, -1372.235
1.7842802615171, 9, 109, 0, 0, -1372.235
1.78388429413027, 9, 112, 0, 0, -1372.235
1.78353084982933, 10, 21, 0, 0, -1372.235
1.78287352279371, 9, 109, 0, 0, -1372.235
1.77824265418217, 10, 41, 0, 0, -1372.235
1.77381228000943, 8, 103, 0, 0, -1372.235
1.77134380018332, 8, 179, 0, 0, -1372.235
1.76889322199961, 8, 137, 0, 0, -1372.235
1.76737200593061, 7, 411, 0, 0, -1372.235
1.76419014051426, 9, 83, 0, 0, -1372.235
1.76390844391913, 10, 22, 0, 0, -1372.235
1.76349766680416, 6, 906, 0, 0, -1372.235
1.75761923709716, 8, 128, 0, 0, -1372.235
1.75740324687138, 10, 12, 0, 0, -1372.235
1.75700121740132, 10, 36, 0, 0, -1372.235
1.75374416581934, 8, 91, 0, 0, -1372.235
1.75374256014371, 9, 87, 0, 0, -1372.235
1.74866284538753, 6, 691, 0, 0, -1372.235
1.74652886785096, 10, 60, 0, 0, -1372.235
1.74652886785096, 10, 60, 0, 0, -1372.235
1.742281308713, 10, 68, 0, 0, -1372.235
1.74186907318712, 9, 101, 0, 0, -1372.235
1.74150720655049, 9, 42, 0, 0, -1372.235
1.73985970999635, 10, 49, 0, 0, -1372.235
1.7387493517935, 10, 29, 0, 0, -1372.235
1.73852565457867, 9, 88, 0, 0, -1372.235
1.73341125124479, 10, 48, 0, 0, -1372.235
1.73289475905126, 7, 239, 0, 0, -1372.235
1.72833943540404, 10, 31, 0, 0, -1372.235
1.72673123734629, 9, 70, 0, 0, -1372.235
1.72463863369327, 10, 49, 0, 0, -1372.235
1.72421164190989, 10, 46, 0, 0, -1372.235
1.71783238667365, 10, 26, 0, 0, -1372.235
1.71466450504021, 10, 13, 0, 0, -1372.235
1.71454221881594, 10, 21, 0, 0, -1372.235
1.7099769931745, 10, 46, 0, 0, -1372.235
1.70562037124719, 10, 49, 0, 0, -1372.235
1.70510926748974, 8, 108, 0, 0, -1372.235
1.70400013315152, 10, 39, 0, 0, -1372.235
1.70400013315151, 10, 39, 0, 0, -1372.235
1.70312422727099, 10, 42, 0, 0, -1372.235
1.70307116068262, 7, 14, 0, 0, -1372.235
1.6985522349461, 9, 113, 0, 0, -1372.235
1.69694075592099, 8, 144, 0, 0, -1372.235
1.69277240906115, 9, 97, 0, 0, -1372.235
1.69109068216467, 10, 11, 0, 0, -1372.235
1.68525681461497, 9, 68, 0, 0, -1372.235
1.68324183461944, 9, 110, 0, 0, -1372.235
1.68108745367266, 9, 65, 0, 0, -1372.235
1.67253802747174, 9, 67, 0, 0, -1372.235
1.67058489616705, 10, 33, 0, 0, -1372.235
1.67058489616703, 10, 33, 0, 0, -1372.235
1.67043892361568, 10, 26, 0, 0, -1372.235
1.66904994248846, 10, 38, 0, 0, -1372.235
1.66897299958742, 10, 27, 0, 0, -1372.235
1.66809083848807, 10, 51, 0, 0, -1372.235
1.66676467405736, 10, 103, 0, 0, -1372.235
1.66658418145068, 8, 97, 0, 0, -1372.235
1.66104608182317, 9, 39, 0, 0, -1372.235
1.65968983151614, 8, 50, 0, 0, -1372.235
1.65376040181907, 8, 85, 0, 0, -1372.235
1.65181022020974, 9, 65, 0, 0, -1372.235
1.65087471904156, 9, 59, 0, 0, -1372.235
1.64946571902422, 8, 119, 0, 0, -1372.235
1.64848694445726, 10, 17, 0, 0, -1372.235
1.64537996073835, 9, 89, 0, 0, -1372.235
1.64407196884527, 10, 40, 0, 0, -1372.235
1.63835975220853, 9, 118, 0, 0, -1372.235
1.63088508423196, 9, 98, 0, 0, -1372.235
1.62863319390332, 8, 142, 0, 0, -1372.235
1.62376393391251, 9, 116, 0, 0, -1372.235
1.62135497957313, 9, 69, 0, 0, -1372.235
1.61929067030016, 9, 80, 0, 0, -1372.235
1.61872070189852, 10, 27, 0, 0, -1372.235
1.61833548270484, 9, 87, 0, 0, -1372.235
1.61424266749943, 10, 25, 0, 0, -1372.235
1.6107385367386, 10, 66, 0, 0, -1372.235
1.60976927462796, 10, 34, 0, 0, -1372.235
1.60608893441767, 9, 59, 0, 0, -1372.235
1.60522196438443, 10, 41, 0, 0, -1372.235
1.60229161674602, 4, 3298, 0, 0, -1372.235
1.60169196819833, 9, 75, 0, 0, -1372.235
1.59951997664832, 10, 55, 0, 0, -1372.235
1.59886090976569, 8, 209, 0, 0, -1372.235
1.59656672527802, 6, 754, 0, 0, -1372.235
1.5960239997416, 10, 53, 0, 0, -1372.235
1.59561055676677, 10, 44, 0, 0, -1372.235
1.59561055676676, 10, 44, 0, 0, -1372.235
1.59463388038576, 9, 82, 0, 0, -1372.235
1.59195792106391, 6, 815, 0, 0, -1372.235
1.58910343143544, 9, 36, 0, 0, -1372.235
1.58540076252403, 10, 35, 0, 0, -1372.235
1.58540076252402, 10, 35, 0, 0, -1372.235
1.58242662471141, 8, 154, 0, 0, -1372.235
1.58082119949045, 9, 121, 0, 0, -1372.235
1.58034350106489, 10, 38, 0, 0, -1372.235
1.57905357872827, 6, 470, 0, 0, -1372.235
1.57624011261093, 10, 49, 0, 0, -1372.235
1.57366379652029, 7, 147, 0, 0, -1372.235
1.57210358083884, 8, 215, 0, 0, -1372.235
1.56999896540483, 8, 8, 0, 0, -1372.235
1.56312793951395, 10, 60, 0, 0, -1372.235
1.56229344179331, 8, 241, 0, 0, -1372.235
1.56207953991932, 10, 32, 0, 0, -1372.235
1.55669101430986, 10, 32, 0, 0, -1372.235
1.55658844997111, 8, 54, 0, 0, -1372.235
1.55609889134018, 10, 49, 0, 0, -1372.235
1.5547732660347, 9, 84, 0, 0, -1372.235
1.55261173119963, 10, 57, 0, 0, -1372.235
1.55055172483502, 10, 79, 0, 0, -1372.235
1.55032760190286, 6, 539, 0, 0, -1372.235
1.54950967940195, 8, 48, 0, 0, -1372.235
1.54638260487398, 9, 123, 0, 0, -1372.235
1.54426863655855, 10, 62, 0, 0, -1372.235
1.5400535650852, 9, 61, 0, 0, -1372.235
1.53983648201833, 9, 89, 0, 0, -1372.235
1.5373250101109, 6, 789, 0, 0, -1372.235
1.53607419126934, 9, 76, 0, 0, -1372.235
1.53597043712165, 10, 44, 0, 0, -1372.235
1.53560383587023, 7, 276, 0, 0, -1372.235
1.53282966935418, 9, 74, 0, 0, -1372.235
1.53264332326783, 10, 37, 0, 0, -1372.235
1.53119709747944, 8, 197, 0, 0, -1372.235
1.52669567094795, 9, 45, 0, 0, -1372.235
1.52578803476113, 9, 93, 0, 0, -1372.235
1.52164196926324, 7, 395, 0, 0, -1372.235
1.51803295963702, 10, 48, 0, 0, -1372.235
1.51628612584032, 10, 43, 0, 0, -1372.235
1.5157701586819, 10, 52, 0, 0, -1372.235
1.51572285591596, 10, 29, 0, 0, -1372.235
1.51532515154695, 10, 22, 0, 0, -1372.235
1.51434815347448, 10, 62, 0, 0, -1372.235
1.51320892263483, 10, 37, 0, 0, -1372.235
1.50434134853098, 9, 32, 0, 0, -1372.235
1.50407742822402, 6, 73, 0, 0, -1372.235
1.50248510332387, 10, 77, 0, 0, -1372.235
1.50202871825973, 8, 258, 0, 0, -1372.235
1.49627710545, 7, 384, 0, 0, -1372.235
1.49276077704201, 10, 38, 0, 0, -1372.235
1.49026060443538, 10, 43, 0, 0, -1372.235
1.48795434425407, 10, 24, 0, 0, -1372.235
1.48774801330377, 4, 3605, 0, 0, -1372.235
1.48754466728004, 10, 67, 0, 0, -1372.235
1.486165089615, 10, 20, 0, 0, -1372.235
1.4854038528037, 10, 45, 0, 0, -1372.235
1.48155577779109, 9, 91, 0, 0, -1372.235
1.48011420804832, 10, 46, 0, 0, -1372.235
1.47870815960454, 8, 171, 0, 0, -1372.235
1.47602503454977, 8, 258, 0, 0, -1372.235
1.47354145845717, 9, 81, 0, 0, -1372.235
1.46970140772804, 9, 109, 0, 0, -1372.235
1.46929248409373, 10, 68, 0, 0, -1372.235
1.46636835706095, 7, 160, 0, 0, -1372.235
1.466185708779, 9, 56, 0, 0, -1372.235
1.46585287218312, 10, 22, 0, 0, -1372.235
1.46283366065119, 10, 28, 0, 0, -1372.235
1.46282706392384, 9, 66, 0, 0, -1372.235
1.46198203766821, 10, 44, 0, 0, -1372.235
1.46149311674593, 10, 24, 0, 0, -1372.235
1.45974109027338, 9, 77, 0, 0, -1372.235
1.45795932897917, 10, 50, 0, 0, -1372.235
1.45595068592489, 9, 74, 0, 0, -1372.235
1.45260172374137, 9, 146, 0, 0, -1372.235
1.44832935500623, 9, 99, 0, 0, -1372.235
1.44530979033498, 9, 57, 0, 0, -1372.235
1.44488603763671, 10, 32, 0, 0, -1372.235
1.44436233949724, 9, 147, 0, 0, -1372.235
1.44242777700374, 9, 70, 0, 0, -1372.235
1.44000889459848, 10, 18, 0, 0, -1372.235
1.43957913755582, 9, 112, 0, 0, -1372.235
1.4388972868217, 9, 64, 0, 0, -1372.235
1.4345767555984, 9, 86, 0, 0, -1372.235
1.43117960471034, 10, 31, 0, 0, -1372.235
1.43079075068464, 10, 87, 0, 0, -1372.235
1.42926682761631, 9, 58, 0, 0, -1372.235
1.42524970118312, 10, 49, 0, 0, -1372.235
1.42423711891387, 9, 141, 0, 0, -1372.235
1.42338855669565, 10, 45, 0, 0, -1372.235
1.42042609250479, 9, 65, 0, 0, -1372.235
1.41923617734208, 10, 49, 0, 0, -1372.235
1.41850167728386, 9, 114, 0, 0, -1372.235
1.4134801485819, 6, 940, 0, 0, -1372.235
1.40742509056715, 10, 32, 0, 0, -1372.235
1.40742509056714, 10, 32, 0, 0, -1372.235
1.40412927041982, 10, 57, 0, 0, -1372.235
1.40334681047488, 10, 28, 0, 0, -1372.235
1.39793004282194, 10, 21, 0, 0, -1372.235
1.39793004282193, 10, 21, 0, 0, -1372.235
1.39381104453055, 10, 32, 0, 0, -1372.235
1.37761348556672, 9, 120, 0, 0, -1372.235
1.37583643368935, 8, 106, 0, 0, -1372.235
1.37566554100004, 10, 22, 0, 0, -1372.235
1.37418475376367, 9, 43, 0, 0, -1372.235
1.37158538406035, 9, 54, 0, 0, -1372.235
1.36682749049278, 10, 41, 0, 0, -1372.235
1.3665483712199, 10, 11, 0, 0, -1372.235
1.36522248926703, 8, 38, 0, 0, -1372.235
1.36505852438001, 10, 19, 0, 0, -1372.235
1.36383566066687, 6, 368, 0, 0, -1372.235
1.36099495235736, 10, 33, 0, 0, -1372.235
1.36034670294039, 8, 129, 0, 0, -1372.235
1.35681191598184, 10, 50, 0, 0, -1372.235
1.3520486039142, 10, 37, 0, 0, -1372.235
1.35200065138725, 9, 62, 0, 0, -1372.235
1.35023418447245, 10, 59, 0, 0, -1372.235
1.3489728916911, 10, 24, 0, 0, -1372.235
1.34885152098786, 9, 99, 0, 0, -1372.235
1.34800479285675, 7, 214, 0, 0, -1372.235
1.3473782601865, 9, 83, 0, 0, -1372.235
1.34519147007456, 9, 151, 0, 0, -1372.235
1.34369010984607, 10, 50, 0, 0, -1372.235
1.3423159019016, 10, 34, 0, 0, -1372.235
1.34179397969457, 9, 69, 0, 0, -1372.235
1.3416979879348, 10, 52, 0, 0, -1372.235
1.3416979879348, 10, 52, 0, 0, -1372.235
1.3416780447722, 10, 78, 0, 0, -1372.235
1.34052619173043, 9, 76, 0, 0, -1372.235
1.33942336929929, 9, 86, 0, 0, -1372.235
1.33598810614025, 8, 39, 0, 0, -1372.235
1.33503033494906, 10, 53, 0, 0, -1372.235
1.33010573045866, 9, 59, 0, 0, -1372.235
1.32563886878728, 10, 23, 0, 0, -1372.235
1.32163099288779, 10, 73, 0, 0, -1372.235
1.32130907188028, 10, 17, 0, 0, -1372.235
1.32025188571161, 10, 29, 0, 0, -1372.235
1.32010019321225, 10, 39, 0, 0, -1372.235
1.31896700816445, 10, 20, 0, 0, -1372.235
1.31043248872193, 10, 38, 0, 0, -1372.235
1.308339469955, 8, 190, 0, 0, -1372.235
1.30412694365755, 9, 79, 0, 0, -1372.235
1.30362208944838, 9, 38, 0, 0, -1372.235
1.30110024154325, 9, 56, 0, 0, -1372.235
1.30048297520014, 10, 52, 0, 0, -1372.235
1.29645982753321, 10, 61, 0, 0, -1372.235
1.29219546276557, 10, 75, 0, 0, -1372.235
1.29197337181744, 10, 23, 0, 0, -1372.235
1.28550003287265, 10, 32, 0, 0, -1372.235
1.2843076189116, 9, 105, 0, 0, -1372.235
1.28401055111348, 9, 124, 0, 0, -1372.235
1.28363802662828, 10, 76, 0, 0, -1372.235
1.28188041438234, 10, 59, 0, 0, -1372.235
1.28126112759982, 7, 265, 0, 0, -1372.235
1.27588043548434, 10, 33, 0, 0, -1372.235
1.27583214350495, 7, 488, 0, 0, -1372.235
1.27403450383593, 10, 13, 0, 0, -1372.235
1.26977873780421, 10, 56, 0, 0, -1372.235
1.26233081549092, 10, 30, 0, 0, -1372.235
1.25587926897718, 6, 694, 0, 0, -1372.235
1.25289414328933, 10, 26, 0, 0, -1372.235
1.25289414328933, 10, 26, 0, 0, -1372.235
1.25238851939719, 6, 772, 0, 0, -1372.235
1.24986250326658, 9, 101, 0, 0, -1372.235
1.24944528294397, 10, 35, 0, 0, -1372.235
1.24533745626048, 10, 42, 0, 0, -1372.235
1.24126967911908, 10, 31, 0, 0, -1372.235
1.24065844747752, 9, 22, 0, 0, -1372.235
1.24055568845449, 10, 32, 0, 0, -1372.235
1.23889363913543, 10, 38, 0, 0, -1372.235
1.23754447428546, 10, 16, 0, 0, -1372.235
1.23675472539951, 10, 24, 0, 0, -1372.235
1.23672677676839, 9, 70, 0, 0, -1372.235
1.236111536004, 5, 279, 0, 0, -1372.235
1.23510145374932, 10, 55, 0, 0, -1372.235
1.23102683751126, 8, 181, 0, 0, -1372.235
1.22994070146787, 10, 55, 0, 0, -1372.235
1.22936296275686, 9, 121, 0, 0, -1372.235
1.22906310744685, 9, 49, 0, 0, -1372.235
1.22750791666666, 9, 64, 0, 0, -1372.235
1.22538210228674, 7, 488, 0, 0, -1372.235
1.22478738091188, 8, 140, 0, 0, -1372.235
1.22388826632992, 10, 57, 0, 0, -1372.235
1.22388806255571, 9, 77, 0, 0, -1372.235
1.22333073156406, 9, 97, 0, 0, -1372.235
1.22045525425884, 10, 36, 0, 0, -1372.235
1.21684437523961, 10, 52, 0, 0, -1372.235
1.21605902329615, 10, 24, 0, 0, -1372.235
1.21559366246878, 10, 26, 0, 0, -1372.235
1.21466594776765, 8, 293, 0, 0, -1372.235
1.2135023221926, 10, 59, 0, 0, -1372.235
1.21183587949371, 9, 71, 0, 0, -1372.235
1.21041829080361, 9, 60, 0, 0, -1372.235
1.20803749645976, 10, 37, 0, 0, -1372.235
1.20357927368374, 9, 71, 0, 0, -1372.235
1.20255040302704, 10, 63, 0, 0, -1372.235
1.19659855824764, 9, 25, 0, 0, -1372.235
1.19328869344904, 9, 58, 0, 0, -1372.235
1.19208840565451, 9, 100, 0, 0, -1372.235
1.18742491033916, 10, 39, 0, 0, -1372.235
1.18636339254578, 9, 88, 0, 0, -1372.235
1.18428451390098, 8, 45, 0, 0, -1372.235
1.18169504270557, 9, 68, 0, 0, -1372.235
1.18139432616862, 6, 828, 0, 0, -1372.235
1.17824616115096, 9, 53, 0, 0, -1372.235
1.17487906314084, 10, 22, 0, 0, -1372.235
1.17393705971195, 10, 31, 0, 0, -1372.235
1.17159470615268, 10, 28, 0, 0, -1372.235
1.16843272273696, 10, 13, 0, 0, -1372.235
1.16435137270679, 10, 37, 0, 0, -1372.235
1.16429080738694, 8, 81, 0, 0, -1372.235
1.16151963292136, 10, 21, 0, 0, -1372.235
1.1604309619146, 9, 122, 0, 0, -1372.235
1.15979623134938, 8, 184, 0, 0, -1372.235
1.15978206206, 10, 27, 0, 0, -1372.235
1.15964537759949, 10, 37, 0, 0, -1372.235
1.15534442788183, 10, 18, 0, 0, -1372.235
1.15299921064662, 10, 19, 0, 0, -1372.235
1.15183755917958, 9, 104, 0, 0, -1372.235
1.15128949728938, 10, 35, 0, 0, -1372.235
1.15050797398015, 9, 91, 0, 0, -1372.235
1.14976785962321, 10, 72, 0, 0, -1372.235
1.14139357408152, 8, 18, 0, 0, -1372.235
1.14115732551187, 6, 694, 0, 0, -1372.235
1.14110404777775, 10, 39, 0, 0, -1372.235
1.13954341840766, 10, 52, 0, 0, -1372.235
1.1380579924266, 10, 11, 0, 0, -1372.235
1.13730024374505, 10, 34, 0, 0, -1372.235
1.13675710580312, 9, 76, 0, 0, -1372.235
1.1346123341368, 9, 66, 0, 0, -1372.235
1.13417057460393, 8, 189, 0, 0, -1372.235
1.13329391946208, 8, 148, 0, 0, -1372.235
1.12981275457013, 9, 39, 0, 0, -1372.235
1.12967697800395, 3, 6073, 0, 0, -1372.235
1.12956305321985, 10, 60, 0, 0, -1372.235
1.12887914899626, 10, 27, 0, 0, -1372.235
1.12737053693163, 10, 36, 0, 0, -1372.235
1.12732847130613, 9, 62, 0, 0, -1372.235
1.1271218109467, 10, 44, 0, 0, -1372.235
1.12445538783291, 10, 38, 0, 0, -1372.235
1.12413641568813, 9, 89, 0, 0, -1372.235
1.12381324138094, 10, 74, 0, 0, -1372.235
1.1236129821721, 10, 41, 0, 0, -1372.235
1.11997378194856, 10, 60, 0, 0, -1372.235
1.11979333510279, 5, 1088, 0, 0, -1372.235
1.11734617643152, 10, 27, 0, 0, -1372.235
1.11528997138288, 9, 25, 0, 0, -1372.235
1.11487073960399, 10, 30, 0, 0, -1372.235
1.11420224960638, 9, 90, 0, 0, -1372.235
1.11332573772486, 8, 137, 0, 0, -1372.235
1.11198647938614, 10, 53, 0, 0, -1372.235
1.10923384254886, 10, 30, 0, 0, -1372.235
1.10851031261428, 10, 34, 0, 0, -1372.235
1.10839962342424, 10, 41, 0, 0, -1372.235
1.1069402868541, 10, 45, 0, 0, -1372.235
1.10585152203751, 8, 139, 0, 0, -1372.235
1.10508716573869, 6, 548, 0, 0, -1372.235
1.10475340225966, 10, 20, 0, 0, -1372.235
1.10357967741708, 10, 53, 0, 0, -1372.235
1.10207801069753, 10, 25, 0, 0, -1372.235
1.10088644041306, 4, 2148, 0, 0, -1372.235
1.10075595988182, 8, 207, 0, 0, -1372.235
1.09911578751226, 10, 62, 0, 0, -1372.235
1.09770615821582, 10, 47, 0, 0, -1372.235
1.09641875689933, 10, 44, 0, 0, -1372.235
1.09052951910158, 9, 68, 0, 0, -1372.235
1.0869605787295, 10, 34, 0, 0, -1372.235
1.0859751116739, 10, 31, 0, 0, -1372.235
1.08401785714286, 10, 64, 0, 0, -1372.235
1.08205365997664, 10, 35, 0, 0, -1372.235
1.0816809227549, 10, 27, 0, 0, -1372.235
1.07933454880013, 10, 31, 0, 0, -1372.235
1.07907277214978, 8, 166, 0, 0, -1372.235
1.07770302223675, 10, 38, 0, 0, -1372.235
1.07740395997403, 10, 40, 0, 0, -1372.235
1.07671997636114, 10, 23, 0, 0, -1372.235
1.0765226887382, 7, 143, 0, 0, -1372.235
1.07353708377984, 10, 16, 0, 0, -1372.235
1.06803949241518, 8, 144, 0, 0, -1372.235
1.06720890088581, 10, 35, 0, 0, -1372.235
1.06687924123402, 9, 73, 0, 0, -1372.235
1.06584229639131, 10, 22, 0, 0, -1372.235
1.06583866692168, 10, 43, 0, 0, -1372.235
1.06502980361532, 10, 29, 0, 0, -1372.235
1.06230657628542, 10, 37, 0, 0, -1372.235
1.05988216811825, 10, 37, 0, 0, -1372.235
1.05577220707954, 9, 92, 0, 0, -1372.235
1.05549394362494, 10, 32, 0, 0, -1372.235
1.05530062970164, 10, 15, 0, 0, -1372.235
1.05249164892404, 10, 43, 0, 0, -1372.235
1.04889200278382, 10, 24, 0, 0, -1372.235
1.04503975233355, 10, 45, 0, 0, -1372.235
1.04461797052968, 9, 43, 0, 0, -1372.235
1.04437461624718, 10, 37, 0, 0, -1372.235
1.043411549491, 10, 46, 0, 0, -1372.235
1.04106088694159, 9, 60, 0, 0, -1372.235
1.03895876087493, 10, 38, 0, 0, -1372.235
1.03663928800501, 9, 113, 0, 0, -1372.235
1.03147167622238, 10, 31, 0, 0, -1372.235
1.02946355632039, 9, 75, 0, 0, -1372.235
1.02905595713786, 9, 114, 0, 0, -1372.235
1.02903210052724, 8, 122, 0, 0, -1372.235
1.0285897848488, 9, 86, 0, 0, -1372.235
1.02850794215836, 10, 28, 0, 0, -1372.235
1.02848296055238, 9, 89, 0, 0, -1372.235
1.02510019575669, 10, 38, 0, 0, -1372.235
1.02366182170628, 10, 36, 0, 0, -1372.235
1.02304103390376, 9, 87, 0, 0, -1372.235
1.02064865791102, 10, 17, 0, 0, -1372.235
1.02014174320355, 9, 73, 0, 0, -1372.235
1.0168619777561, 9, 80, 0, 0, -1372.235
1.01529469746256, 3, 6903, 0, 0, -1372.235
1.01426446451539, 10, 14, 0, 0, -1372.235
1.01402726791545, 5, 1543, 0, 0, -1372.235
1.00988472175541, 10, 40, 0, 0, -1372.235
1.00691990493753, 9, 71, 0, 0, -1372.235
1.00660744190651, 7, 155, 0, 0, -1372.235
1.00349442350046, 10, 34, 0, 0, -1372.235
1.00135135945573, 6, 612, 0, 0, -1372.235
0.998754993211697, 10, 48, 0, 0, -1372.235
0.99657501746316, 10, 34, 0, 0, -1372.235
0.995074435367227, 8, 173, 0, 0, -1372.235
0.994971967785146, 10, 46, 0, 0, -1372.235
0.994891838228918, 9, 180, 0, 0, -1372.235
0.99341427043151, 7, 223, 0, 0, -1372.235
0.990758776439639, 10, 30, 0, 0, -1372.235
0.987886570002629, 8, 227, 0, 0, -1372.235
0.987128737491117, 9, 131, 0, 0, -1372.235
0.985895839711013, 8, 185, 0, 0, -1372.235
0.985227111801267, 7, 27, 0, 0, -1372.235
0.982554454852507, 10, 37, 0, 0, -1372.235
0.981517197585201, 10, 35, 0, 0, -1372.235
0.980194930820218, 6, 547, 0, 0, -1372.235
0.977441386519592, 9, 57, 0, 0, -1372.235
0.97575152294426, 7, 200, 0, 0, -1372.235
0.970237597183375, 9, 66, 0, 0, -1372.235
0.965597380439449, 9, 96, 0, 0, -1372.235
0.965196631225738, 9, 104, 0, 0, -1372.235
0.963472404405194, 8, 164, 0, 0, -1372.235
0.961763941698226, 10, 29, 0, 0, -1372.235
0.960401764323189, 9, 103, 0, 0, -1372.235
0.95965310738536, 10, 29, 0, 0, -1372.235
0.95960441483589, 9, 86, 0, 0, -1372.235
0.957077470963505, 10, 34, 0, 0, -1372.235
0.954614438496284, 9, 40, 0, 0, -1372.235
0.952346431261583, 10, 50, 0, 0, -1372.235
0.951869643626716, 9, 104, 0, 0, -1372.235
0.950910892272108, 10, 54, 0, 0, -1372.235
0.9482594191471, 10, 22, 0, 0, -1372.235
0.945844500758471, 10, 59, 0, 0, -1372.235
0.940397213716373, 9, 88, 0, 0, -1372.235
0.939099178519535, 6, 661, 0, 0, -1372.235
0.935313315727841, 9, 108, 0, 0, -1372.235
0.934961325518538, 10, 15, 0, 0, -1372.235
0.930894073543705, 10, 37, 0, 0, -1372.235
0.929000509993281, 10, 57, 0, 0, -1372.235
0.927452076550488, 10, 87, 0, 0, -1372.235
0.92709376716012, 10, 44, 0, 0, -1372.235
0.926458851812452, 9, 99, 0, 0, -1372.235
0.924049828058261, 10, 43, 0, 0, -1372.235
0.923031342253416, 8, 139, 0, 0, -1372.235
0.922631549265223, 10, 67, 0, 0, -1372.235
0.918560425560109, 10, 47, 0, 0, -1372.235
0.917363047979427, 6, 851, 0, 0, -1372.235
0.916915630648403, 10, 48, 0, 0, -1372.235
0.915955269022049, 9, 42, 0, 0, -1372.235
0.91563349397378, 10, 58, 0, 0, -1372.235
0.914211413126066, 9, 37, 0, 0, -1372.235
0.91254523752394, 9, 148, 0, 0, -1372.235
0.911828889249681, 10, 53, 0, 0, -1372.235
0.911310853879679, 10, 68, 0, 0, -1372.235
0.910871201313496, 5, 1755, 0, 0, -1372.235
0.903489679770666, 10, 44, 0, 0, -1372.235
0.900180753344198, 9, 56, 0, 0, -1372.235
0.898383399509224, 10, 23, 0, 0, -1372.235
0.897760151687665, 10, 66, 0, 0, -1372.235
0.897630986558498, 10, 39, 0, 0, -1372.235
0.897189115645391, 7, 252, 0, 0, -1372.235
0.896949256015996, 9, 93, 0, 0, -1372.235
0.89582408856686, 6, 705, 0, 0, -1372.235
0.895528259245851, 10, 63, 0, 0, -1372.235
0.895280661186454, 9, 141, 0, 0, -1372.235
0.894851527937037, 10, 33, 0, 0, -1372.235
0.894293912213514, 10, 37, 0, 0, -1372.235
0.893086083341478, 10, 17, 0, 0, -1372.235
0.892139633363915, 6, 307, 0, 0, -1372.235
0.890940476086188, 9, 48, 0, 0, -1372.235
0.890900940033584, 10, 18, 0, 0, -1372.235
0.887988454269107, 10, 35, 0, 0, -1372.235
0.883038688745429, 9, 36, 0, 0, -1372.235
0.882829883720383, 10, 48, 0, 0, -1372.235
0.88222942484286, 9, 75, 0, 0, -1372.235
0.881228523011501, 10, 45, 0, 0, -1372.235
0.879812772978906, 10, 24, 0, 0, -1372.235
0.879417032841018, 8, 261, 0, 0, -1372.235
0.878890997340408, 10, 40, 0, 0, -1372.235
0.87669477282026, 9, 120, 0, 0, -1372.235
0.876249001611247, 9, 91, 0, 0, -1372.235
0.872319371955575, 6, 904, 0, 0, -1372.235
0.871829207628091, 10, 25, 0, 0, -1372.235
0.871203390453649, 9, 131, 0, 0, -1372.235
0.868192076989969, 10, 37, 0, 0, -1372.235
0.865112715595381, 10, 69, 0, 0, -1372.235
0.864607962032647, 8, 173, 0, 0, -1372.235
0.864011930126974, 9, 54, 0, 0, -1372.235
0.859340595874973, 10, 21, 0, 0, -1372.235
0.85932236280155, 10, 37, 0, 0, -1372.235
0.858118896472254, 10, 51, 0, 0, -1372.235
0.857708437722168, 10, 30, 0, 0, -1372.235
0.856860607012845, 10, 55, 0, 0, -1372.235
0.856743827923545, 10, 21, 0, 0, -1372.235
0.856462770533221, 10, 38, 0, 0, -1372.235
0.852214116026608, 9, 58, 0, 0, -1372.235
0.848951521622106, 10, 40, 0, 0, -1372.235
0.847616357353775, 8, 99, 0, 0, -1372.235
0.844851665277902, 9, 53, 0, 0, -1372.235
0.844019243148673, 10, 44, 0, 0, -1372.235
0.843279631723697, 10, 24, 0, 0, -1372.235
0.842808371520406, 10, 19, 0, 0, -1372.235
0.839855907621652, 10, 25, 0, 0, -1372.235
0.835060923169316, 9, 116, 0, 0, -1372.235
0.83416876742375, 10, 36, 0, 0, -1372.235
0.834002064421171, 9, 47, 0, 0, -1372.235
0.833307711175111, 9, 122, 0, 0, -1372.235
0.82640401450924, 10, 32, 0, 0, -1372.235
0.825306300017255, 10, 32, 0, 0, -1372.235
0.822616630875038, 10, 18, 0, 0, -1372.235
0.819257622633826, 8, 125, 0, 0, -1372.235
0.81690821165588, 10, 29, 0, 0, -1372.235
0.816023415888917, 9, 63, 0, 0, -1372.235
0.815829631230273, 10, 30, 0, 0, -1372.235
0.813505295984468, 9, 22, 0, 0, -1372.235
0.811016340247703, 10, 41, 0, 0, -1372.235
0.810353982138653, 7, 221, 0, 0, -1372.235
0.8096919764494, 9, 82, 0, 0, -1372.235
0.808754224830995, 10, 26, 0, 0, -1372.235
0.806415061432818, 10, 61, 0, 0, -1372.235
0.800490283593805, 8, 72, 0, 0, -1372.235
0.79902508209947, 9, 107, 0, 0, -1372.235
0.796338307874969, 10, 43, 0, 0, -1372.235
0.793813431897001, 7, 404, 0, 0, -1372.235
0.793615542314262, 9, 36, 0, 0, -1372.235
0.792405735567731, 8, 76, 0, 0, -1372.235
0.791943356840548, 10, 23, 0, 0, -1372.235
0.791732592525179, 10, 49, 0, 0, -1372.235
0.788150488021454, 10, 55, 0, 0, -1372.235
0.78722401701967, 7, 250, 0, 0, -1372.235
0.7804642614753, 9, 38, 0, 0, -1372.235
0.777092919197297, 7, 200, 0, 0, -1372.235
0.773320775910539, 10, 14, 0, 0, -1372.235
0.771093732854842, 9, 62, 0, 0, -1372.235
0.771026297837549, 5, 1166, 0, 0, -1372.235
0.769919135114166, 7, 235, 0, 0, -1372.235
0.768583501132658, 9, 122, 0, 0, -1372.235
0.76632165887452, 8, 97, 0, 0, -1372.235
0.765174473436325, 10, 24, 0, 0, -1372.235
0.764441944656434, 10, 27, 0, 0, -1372.235
0.761895475012128, 9, 85, 0, 0, -1372.235
0.755688910750282, 9, 67, 0, 0, -1372.235
0.7546217251474, 10, 31, 0, 0, -1372.235
0.754535137922438, 7, 272, 0, 0, -1372.235
0.750675890966557, 10, 41, 0, 0, -1372.235
0.750491924276739, 7, 424, 0, 0, -1372.235
0.747271562018054, 9, 87, 0, 0, -1372.235
0.746168749432488, 8, 158, 0, 0, -1372.235
0.746166784154039, 7, 507, 0, 0, -1372.235
0.745883970840002, 10, 22, 0, 0, -1372.235
0.74390542375059, 10, 45, 0, 0, -1372.235
0.742909674849539, 7, 268, 0, 0, -1372.235
0.739759149869705, 9, 60, 0, 0, -1372.235
0.739380039173605, 10, 56, 0, 0, -1372.235
0.738621290551491, 6, 270, 0, 0, -1372.235
0.736885249088886, 10, 29, 0, 0, -1372.235
0.736470425329209, 10, 30, 0, 0, -1372.235
0.7357516985276, 10, 42, 0, 0, -1372.235
0.732890846474484, 7, 231, 0, 0, -1372.235
0.731178816362729, 10, 57, 0, 0, -1372.235
0.73061747775304, 10, 57, 0, 0, -1372.235
0.7288046304926, 10, 38, 0, 0, -1372.235
0.72817882677249, 10, 57, 0, 0, -1372.235
0.726941305068343, 9, 137, 0, 0, -1372.235
0.721896428590516, 9, 82, 0, 0, -1372.235
0.72094768715108, 8, 180, 0, 0, -1372.235
0.720614949301134, 8, 11, 0, 0, -1372.235
0.71903791763039, 10, 70, 0, 0, -1372.235
0.717481130298464, 10, 35, 0, 0, -1372.235
0.716139677457582, 10, 38, 0, 0, -1372.235
0.715727530621201, 8, 147, 0, 0, -1372.235
0.714883296792032, 7, 238, 0, 0, -1372.235
0.712543398956261, 10, 31, 0, 0, -1372.235
0.709808535100388, 7, 293, 0, 0, -1372.235
0.705013481455706, 8, 221, 0, 0, -1372.235
0.704101663113456, 10, 44, 0, 0, -1372.235
0.702026291471546, 10, 31, 0, 0, -1372.235
0.700376591117674, 7, 333, 0, 0, -1372.235
0.699244241528709, 8, 140, 0, 0, -1372.235
0.697177899927269, 10, 33, 0, 0, -1372.235
0.697049226579587, 10, 31, 0, 0, -1372.235
0.694215372646663, 10, 23, 0, 0, -1372.235
0.692643520412751, 10, 43, 0, 0, -1372.235
0.689952462840168, 10, 34, 0, 0, -1372.235
0.688970236594303, 9, 85, 0, 0, -1372.235
0.688386448788022, 9, 51, 0, 0, -1372.235
0.688047541414365, 10, 44, 0, 0, -1372.235
0.684584008205246, 10, 12, 0, 0, -1372.235
0.68444711566564, 10, 51, 0, 0, -1372.235
0.677823412165924, 9, 72, 0, 0, -1372.235
0.677617870356155, 9, 53, 0, 0, -1372.235
0.676498601329685, 10, 33, 0, 0, -1372.235
0.674759473708632, 10, 34, 0, 0, -1372.235
0.674442669416061, 7, 482, 0, 0, -1372.235
0.672471323962249, 8, 179, 0, 0, -1372.235
0.669032057956736, 9, 79, 0, 0, -1372.235
0.666508378436397, 7, 287, 0, 0, -1372.235
0.666211254431417, 10, 36, 0, 0, -1372.235
0.665397133792392, 9, 28, 0, 0, -1372.235
0.66143636449217, 8, 181, 0, 0, -1372.235
0.659375229029391, 7, 358, 0, 0, -1372.235
0.658598314056435, 8, 90, 0, 0, -1372.235
0.658163610307095, 10, 34, 0, 0, -1372.235
0.654189629221895, 8, 105, 0, 0, -1372.235
0.652228206312747, 8, 96, 0, 0, -1372.235
0.648655899430842, 10, 25, 0, 0, -1372.235
0.647688699906329, 10, 35, 0, 0, -1372.235
0.646738311053603, 10, 34, 0, 0, -1372.235
0.645702068536308, 10, 52, 0, 0, -1372.235
0.642050251879038, 10, 34, 0, 0, -1372.235
0.638208731031615, 10, 13, 0, 0, -1372.235
0.638191605523814, 10, 39, 0, 0, -1372.235
0.63490167912102, 10, 42, 0, 0, -1372.235
0.634718092887938, 9, 79, 0, 0, -1372.235
0.63412876210288, 10, 42, 0, 0, -1372.235
0.633543375663023, 9, 94, 0, 0, -1372.235
0.631455307712404, 9, 49, 0, 0, -1372.235
0.631226284625088, 6, 221, 0, 0, -1372.235
0.62943912275714, 9, 85, 0, 0, -1372.235
0.628553664156218, 10, 21, 0, 0, -1372.235
0.62691624956328, 7, 82, 0, 0, -1372.235
0.624505318462497, 8, 124, 0, 0, -1372.235
0.6239158868952, 9, 62, 0, 0, -1372.235
0.623768515891288, 9, 96, 0, 0, -1372.235
0.62334741719098, 10, 44, 0, 0, -1372.235
0.622675135039284, 10, 42, 0, 0, -1372.235
0.621535483229328, 10, 46, 0, 0, -1372.235
0.618405057471902, 9, 97, 0, 0, -1372.235
0.618152334527281, 8, 174, 0, 0, -1372.235
0.618126000882066, 10, 58, 0, 0, -1372.235
0.616512422632076, 10, 24, 0, 0, -1372.235
0.6162928160012, 10, 57, 0, 0, -1372.235
0.613807487454593, 9, 49, 0, 0, -1372.235
0.612866272223715, 8, 164, 0, 0, -1372.235
0.61082905779211, 10, 25, 0, 0, -1372.235
0.610016099181569, 10, 44, 0, 0, -1372.235
0.609673683981869, 9, 59, 0, 0, -1372.235
0.609282620724033, 9, 100, 0, 0, -1372.235
0.607032031423365, 10, 56, 0, 0, -1372.235
0.605147826779715, 7, 270, 0, 0, -1372.235
0.604652993602345, 10, 22, 0, 0, -1372.235
0.603074153501193, 9, 84, 0, 0, -1372.235
0.602561816158654, 10, 40, 0, 0, -1372.235
0.602330806333152, 9, 34, 0, 0, -1372.235
0.602057205559766, 10, 14, 0, 0, -1372.235
0.600245059277083, 10, 36, 0, 0, -1372.235
0.596612877674952, 10, 38, 0, 0, -1372.235
0.596093128120768, 10, 45, 0, 0, -1372.235
0.596052914571925, 10, 35, 0, 0, -1372.235
0.59542499816423, 8, 182, 0, 0, -1372.235
0.594457900289286, 9, 103, 0, 0, -1372.235
0.593553310402598, 8, 118, 0, 0, -1372.235
0.592973854023316, 10, 70, 0, 0, -1372.235
0.591990179926256, 10, 24, 0, 0, -1372.235
0.588583405881381, 10, 39, 0, 0, -1372.235
0.588283844850557, 10, 33, 0, 0, -1372.235
0.586617042950143, 9, 74, 0, 0, -1372.235
0.586005853152897, 10, 71, 0, 0, -1372.235
0.584866549494583, 9, 67, 0, 0, -1372.235
0.582610165386583, 8, 121, 0, 0, -1372.235
0.576931784495146, 10, 21, 0, 0, -1372.235
0.57558696576722, 9, 84, 0, 0, -1372.235
0.573387135660185, 10, 55, 0, 0, -1372.235
0.572682983763108, 10, 39, 0, 0, -1372.235
0.57185345061337, 9, 51, 0, 0, -1372.235
0.571721983502539, 9, 74, 0, 0, -1372.235
0.571704147196272, 10, 64, 0, 0, -1372.235
0.56959287445972, 7, 92, 0, 0, -1372.235
0.569443135245901, 10, 64, 0, 0, -1372.235
0.566475269720568, 10, 71, 0, 0, -1372.235
0.565305622600876, 8, 241, 0, 0, -1372.235
0.565274627782818, 4, 1762, 0, 0, -1372.235
0.564304331832366, 10, 29, 0, 0, -1372.235
0.56357440781916, 7, 351, 0, 0, -1372.235
0.563383650128002, 8, 163, 0, 0, -1372.235
0.56142451262325, 10, 35, 0, 0, -1372.235
0.556879677796552, 10, 19, 0, 0, -1372.235
0.555860944581326, 8, 223, 0, 0, -1372.235
0.554979649735233, 9, 92, 0, 0, -1372.235
0.553344411908769, 10, 45, 0, 0, -1372.235
0.553117817927564, 10, 10, 0, 0, -1372.235
0.548565633439633, 9, 9, 0, 0, -1372.235
0.548563437982539, 10, 58, 0, 0, -1372.235
0.54822002786639, 10, 36, 0, 0, -1372.235
0.542117628108997, 7, 146, 0, 0, -1372.235
0.541332145945598, 8, 171, 0, 0, -1372.235
0.536669783203734, 10, 62, 0, 0, -1372.235
0.535844624069075, 10, 37, 0, 0, -1372.235
0.534811431298176, 10, 23, 0, 0, -1372.235
0.533577744905819, 10, 20, 0, 0, -1372.235
0.532967747775459, 7, 266, 0, 0, -1372.235
0.531387618860981, 10, 52, 0, 0, -1372.235
0.529552611040549, 7, 416, 0, 0, -1372.235
0.528397896973997, 10, 39, 0, 0, -1372.235
0.527347857805934, 8, 16, 0, 0, -1372.235
0.524370509184951, 10, 48, 0, 0, -1372.235
0.523695818761817, 10, 22, 0, 0, -1372.235
0.520423349831103, 6, 411, 0, 0, -1372.235
0.519860396574368, 10, 32, 0, 0, -1372.235
0.517936962705657, 10, 37, 0, 0, -1372.235
0.513393490818339, 7, 243, 0, 0, -1372.235
0.512534402472151, 10, 20, 0, 0, -1372.235
0.511657818933939, 10, 35, 0, 0, -1372.235
0.509151498184812, 7, 281, 0, 0, -1372.235
0.507325283196142, 10, 35, 0, 0, -1372.235
0.506465518818709, 9, 59, 0, 0, -1372.235
0.505163855847837, 10, 35, 0, 0, -1372.235
0.504300000736522, 10, 55, 0, 0, -1372.235
0.503961225225676, 8, 144, 0, 0, -1372.235
0.502855504281642, 8, 110, 0, 0, -1372.235
0.502032633786987, 10, 34, 0, 0, -1372.235
0.497542638372209, 10, 53, 0, 0, -1372.235
0.497355613857717, 10, 55, 0, 0, -1372.235
0.495556188367579, 10, 24, 0, 0, -1372.235
0.4942346281745, 10, 24, 0, 0, -1372.235
0.492113492347272, 10, 21, 0, 0, -1372.235
0.492027397272549, 8, 118, 0, 0, -1372.235
0.491074893487907, 8, 128, 0, 0, -1372.235
0.49094027115946, 10, 41, 0, 0, -1372.235
0.489388564659641, 10, 45, 0, 0, -1372.235
0.487442510586659, 5, 1789, 0, 0, -1372.235
0.486541643048354, 10, 35, 0, 0, -1372.235
0.486541643048351, 10, 35, 0, 0, -1372.235
0.485094352027416, 10, 32, 0, 0, -1372.235
0.484541359028479, 10, 81, 0, 0, -1372.235
0.483427210123815, 10, 45, 0, 0, -1372.235
0.48184033284422, 8, 121, 0, 0, -1372.235
0.481395636011382, 5, 1816, 0, 0, -1372.235
0.480971606077967, 10, 37, 0, 0, -1372.235
0.479392441860465, 9, 64, 0, 0, -1372.235
0.479153808533432, 10, 39, 0, 0, -1372.235
0.478981711398293, 10, 25, 0, 0, -1372.235
0.478890376122185, 6, 456, 0, 0, -1372.235
0.475816977030082, 10, 30, 0, 0, -1372.235
0.474646865046286, 10, 50, 0, 0, -1372.235
0.474066983668929, 9, 78, 0, 0, -1372.235
0.473238457813957, 9, 65, 0, 0, -1372.235
0.471615914123161, 5, 847, 0, 0, -1372.235
0.469615703860831, 10, 10, 0, 0, -1372.235
0.464186721676382, 9, 98, 0, 0, -1372.235
0.463577879117343, 10, 39, 0, 0, -1372.235
0.46234349192984, 10, 26, 0, 0, -1372.235
0.461371110647676, 9, 94, 0, 0, -1372.235
0.460327622793223, 10, 39, 0, 0, -1372.235
0.457947646866823, 10, 75, 0, 0, -1372.235
0.457909878364088, 8, 146, 0, 0, -1372.235
0.457320430925096, 9, 95, 0, 0, -1372.235
0.454006691771976, 10, 33, 0, 0, -1372.235
0.45337180668134, 4, 2296, 0, 0, -1372.235
0.452041979902095, 8, 125, 0, 0, -1372.235
0.450902521385229, 10, 32, 0, 0, -1372.235
0.450213833635873, 8, 149, 0, 0, -1372.235
0.449831047599309, 7, 104, 0, 0, -1372.235
0.449026733205071, 10, 51, 0, 0, -1372.235
0.448299008815481, 10, 44, 0, 0, -1372.235
0.446313822055999, 10, 30, 0, 0, -1372.235
0.444492927674529, 10, 13, 0, 0, -1372.235
0.440238781231793, 9, 105, 0, 0, -1372.235
0.439536801504637, 10, 42, 0, 0, -1372.235
0.436626399835758, 10, 57, 0, 0, -1372.235
0.432150996495613, 9, 56, 0, 0, -1372.235
0.431928048721072, 10, 26, 0, 0, -1372.235
0.430240867491962, 10, 50, 0, 0, -1372.235
0.421048877329106, 10, 25, 0, 0, -1372.235
0.419845108292041, 6, 534, 0, 0, -1372.235
0.418432199524909, 7, 281, 0, 0, -1372.235
0.417979769243152, 7, 311, 0, 0, -1372.235
0.417604286659993, 10, 39, 0, 0, -1372.235
0.413785837003619, 6, 105, 0, 0, -1372.235
0.409711868724437, 10, 45, 0, 0, -1372.235
0.40943291661428, 9, 93, 0, 0, -1372.235
0.407856657856547, 10, 56, 0, 0, -1372.235
0.407776623385006, 7, 117, 0, 0, -1372.235
0.406829811149295, 9, 44, 0, 0, -1372.235
0.406060586793887, 10, 28, 0, 0, -1372.235
0.404957645689824, 10, 45, 0, 0, -1372.235
0.403420756554466, 10, 12, 0, 0, -1372.235
0.402021502084215, 10, 34, 0, 0, -1372.235
0.39943339713063, 9, 118, 0, 0, -1372.235
0.396776563563328, 10, 55, 0, 0, -1372.235
0.393516785791975, 10, 31, 0, 0, -1372.235
0.389952377212413, 10, 71, 0, 0, -1372.235
0.385071861611856, 9, 47, 0, 0, -1372.235
0.383763844555672, 10, 39, 0, 0, -1372.235
0.382319776795678, 7, 222, 0, 0, -1372.235
0.379850940234149, 9, 35, 0, 0, -1372.235
0.377015608671209, 10, 52, 0, 0, -1372.235
0.376128865912397, 9, 48, 0, 0, -1372.235
0.375751943878253, 10, 40, 0, 0, -1372.235
0.374748536733809, 10, 37, 0, 0, -1372.235
0.372903598077834, 8, 208, 0, 0, -1372.235
0.370491588167477, 8, 210, 0, 0, -1372.235
0.369176411095292, 10, 34, 0, 0, -1372.235
0.366433678434933, 10, 38, 0, 0, -1372.235
0.365053936341841, 7, 331, 0, 0, -1372.235
0.364847648094812, 10, 51, 0, 0, -1372.235
0.361851582630045, 5, 1164, 0, 0, -1372.235
0.361798582792227, 10, 35, 0, 0, -1372.235
0.359896003516201, 10, 59, 0, 0, -1372.235
0.359386663688971, 10, 72, 0, 0, -1372.235
0.358731782452061, 9, 44, 0, 0, -1372.235
0.356470677378032, 9, 49, 0, 0, -1372.235
0.353537323510201, 5, 1253, 0, 0, -1372.235
0.351251151004695, 10, 48, 0, 0, -1372.235
0.349783162411615, 10, 37, 0, 0, -1372.235
0.346805381254741, 9, 57, 0, 0, -1372.235
0.346178994847279, 10, 40, 0, 0, -1372.235
0.345426348407935, 10, 37, 0, 0, -1372.235
0.343812422548063, 7, 295, 0, 0, -1372.235
0.34276058259032, 10, 32, 0, 0, -1372.235
0.342362390579581, 10, 63, 0, 0, -1372.235
0.340750558130787, 10, 63, 0, 0, -1372.235
0.339290355926025, 10, 30, 0, 0, -1372.235
0.336617395387893, 10, 46, 0, 0, -1372.235
0.327027195474251, 10, 29, 0, 0, -1372.235
0.326941142278284, 8, 244, 0, 0, -1372.235
0.321105040361046, 10, 41, 0, 0, -1372.235
0.320180978761767, 10, 18, 0, 0, -1372.235
0.31977883737066, 9, 38, 0, 0, -1372.235
0.314894369834718, 9, 64, 0, 0, -1372.235
0.312112358988652, 9, 52, 0, 0, -1372.235
0.311075368089508, 8, 123, 0, 0, -1372.235
0.310332241084188, 10, 74, 0, 0, -1372.235
0.309490143679308, 9, 85, 0, 0, -1372.235
0.308882237732092, 10, 51, 0, 0, -1372.235
0.306378202582453, 9, 39, 0, 0, -1372.235
0.305358866651724, 9, 59, 0, 0, -1372.235
0.302894383355732, 10, 23, 0, 0, -1372.235
0.301208158882007, 6, 537, 0, 0, -1372.235
0.301095330492579, 8, 160, 0, 0, -1372.235
0.300461456439182, 10, 8, 0, 0, -1372.235
0.300157709388201, 9, 41, 0, 0, -1372.235
0.299339062083688, 10, 25, 0, 0, -1372.235
0.298872109304272, 7, 349, 0, 0, -1372.235
0.297593083206324, 7, 363, 0, 0, -1372.235
0.296206637372102, 7, 298, 0, 0, -1372.235
0.295735981215519, 10, 25, 0, 0, -1372.235
0.294962948470708, 8, 164, 0, 0, -1372.235
0.291458582962791, 8, 133, 0, 0, -1372.235
0.290007913827416, 9, 102, 0, 0, -1372.235
0.288737997449963, 10, 43, 0, 0, -1372.235
0.288055002767419, 8, 150, 0, 0, -1372.235
0.286226419251495, 10, 26, 0, 0, -1372.235
0.285846930869678, 10, 43, 0, 0, -1372.235
0.283540486308354, 9, 56, 0, 0, -1372.235
0.28180834314092, 10, 29, 0, 0, -1372.235
0.281808343140917, 10, 29, 0, 0, -1372.235
0.280754745679161, 9, 134, 0, 0, -1372.235
0.280476906458567, 10, 20, 0, 0, -1372.235
0.278194102471028, 10, 52, 0, 0, -1372.235
0.278160984182057, 10, 81, 0, 0, -1372.235
0.275585711107296, 8, 299, 0, 0, -1372.235
0.275296989899933, 9, 87, 0, 0, -1372.235
0.27522010216952, 10, 45, 0, 0, -1372.235
0.274737083476647, 10, 43, 0, 0, -1372.235
0.272958188115625, 10, 46, 0, 0, -1372.235
0.27162870551472, 6, 174, 0, 0, -1372.235
0.270289553414947, 9, 100, 0, 0, -1372.235
0.269393953789532, 10, 55, 0, 0, -1372.235
0.268097122885595, 9, 51, 0, 0, -1372.235
0.266283724505426, 9, 113, 0, 0, -1372.235
0.266273646362281, 10, 37, 0, 0, -1372.235
0.265263700399602, 10, 15, 0, 0, -1372.235
0.263932832175363, 10, 34, 0, 0, -1372.235
0.263922069466531, 9, 72, 0, 0, -1372.235
0.263922069466524, 9, 72, 0, 0, -1372.235
0.262989631157207, 10, 24, 0, 0, -1372.235
0.262227315649551, 9, 74, 0, 0, -1372.235
0.261025389280604, 10, 23, 0, 0, -1372.235
0.260915838846317, 7, 347, 0, 0, -1372.235
0.260635959742254, 9, 55, 0, 0, -1372.235
0.260437601984243, 7, 426, 0, 0, -1372.235
0.259541704784261, 10, 9, 0, 0, -1372.235
0.257145555183348, 10, 30, 0, 0, -1372.235
0.255109196547089, 10, 47, 0, 0, -1372.235
0.253570663839142, 10, 34, 0, 0, -1372.235
0.250837742755136, 10, 26, 0, 0, -1372.235
0.250424782469547, 9, 65, 0, 0, -1372.235
0.243961023826806, 8, 92, 0, 0, -1372.235
0.240568980472633, 10, 63, 0, 0, -1372.235
0.238429045516487, 10, 36, 0, 0, -1372.235
0.237425866515595, 8, 146, 0, 0, -1372.235
0.237273085847934, 9, 53, 0, 0, -1372.235
0.235815482034087, 10, 28, 0, 0, -1372.235
0.232883524151173, 10, 25, 0, 0, -1372.235
0.232215141959778, 9, 118, 0, 0, -1372.235
0.229385484770832, 9, 60, 0, 0, -1372.235
0.228020590252101, 9, 172, 0, 0, -1372.235
0.227822507668888, 8, 97, 0, 0, -1372.235
0.221913758205142, 9, 59, 0, 0, -1372.235
0.218691541585278, 10, 34, 0, 0, -1372.235
0.218253498403902, 10, 28, 0, 0, -1372.235
0.218146411880228, 10, 47, 0, 0, -1372.235
0.216258129920548, 10, 30, 0, 0, -1372.235
0.216258129920548, 10, 30, 0, 0, -1372.235
0.2159094182813, 8, 212, 0, 0, -1372.235
0.214123777297041, 10, 11, 0, 0, -1372.235
0.213447222148251, 8, 108, 0, 0, -1372.235
0.209853346576183, 9, 61, 0, 0, -1372.235
0.204707195096069, 9, 65, 0, 0, -1372.235
0.203769665428214, 9, 94, 0, 0, -1372.235
0.201136190195272, 9, 72, 0, 0, -1372.235
0.200483035962735, 10, 13, 0, 0, -1372.235
0.198456134823837, 9, 82, 0, 0, -1372.235
0.197546908846398, 10, 21, 0, 0, -1372.235
0.192604106164284, 9, 74, 0, 0, -1372.235
0.190422568768593, 10, 94, 0, 0, -1372.235
0.190035213574349, 10, 22, 0, 0, -1372.235
0.188642434031444, 10, 34, 0, 0, -1372.235
0.187115197305227, 9, 70, 0, 0, -1372.235
0.183642831845295, 9, 90, 0, 0, -1372.235
0.182833358251494, 10, 63, 0, 0, -1372.235
0.181909243795892, 10, 37, 0, 0, -1372.235
0.180402290196473, 8, 203, 0, 0, -1372.235
0.179298987926956, 10, 24, 0, 0, -1372.235
0.17897583416179, 10, 27, 0, 0, -1372.235
0.176776124149928, 10, 55, 0, 0, -1372.235
0.175140037063719, 10, 14, 0, 0, -1372.235
0.174998817085779, 10, 43, 0, 0, -1372.235
0.173730686867403, 9, 43, 0, 0, -1372.235
0.173018072646978, 10, 37, 0, 0, -1372.235
0.172248206401378, 10, 50, 0, 0, -1372.235
0.169835782771527, 10, 55, 0, 0, -1372.235
0.165434963378489, 10, 46, 0, 0, -1372.235
0.16498883463919, 10, 56, 0, 0, -1372.235
0.164748636720084, 10, 40, 0, 0, -1372.235
0.163674791568063, 10, 42, 0, 0, -1372.235
0.16163801747981, 9, 39, 0, 0, -1372.235
0.161024577315576, 7, 228, 0, 0, -1372.235
0.157175796986086, 9, 135, 0, 0, -1372.235
0.15209325255561, 10, 24, 0, 0, -1372.235
0.151432298403238, 8, 158, 0, 0, -1372.235
0.150707408965317, 9, 135, 0, 0, -1372.235
0.15070411221533, 9, 51, 0, 0, -1372.235
0.149225835393016, 9, 84, 0, 0, -1372.235
0.147597940036439, 10, 48, 0, 0, -1372.235
0.146059384542154, 8, 165, 0, 0, -1372.235
0.145944651150335, 10, 61, 0, 0, -1372.235
0.137863586520613, 9, 158, 0, 0, -1372.235
0.13672949631681, 8, 179, 0, 0, -1372.235
0.136062319036485, 8, 226, 0, 0, -1372.235
0.135963574784952, 10, 23, 0, 0, -1372.235
0.131236617240856, 9, 98, 0, 0, -1372.235
0.1299035393482, 10, 29, 0, 0, -1372.235
0.129649027428253, 9, 44, 0, 0, -1372.235
0.122758426951633, 10, 26, 0, 0, -1372.235
0.122638904840477, 8, 256, 0, 0, -1372.235
0.121443372474774, 10, 43, 0, 0, -1372.235
0.120438370458601, 10, 32, 0, 0, -1372.235
0.120438370458601, 10, 32, 0, 0, -1372.235
0.117241293458958, 8, 180, 0, 0, -1372.235
0.113795951016944, 10, 25, 0, 0, -1372.235
0.113397086466161, 10, 64, 0, 0, -1372.235
0.112993339029484, 10, 12, 0, 0, -1372.235
0.106843272237247, 7, 373, 0, 0, -1372.235
0.106506872550786, 10, 69, 0, 0, -1372.235
0.106148248694974, 10, 30, 0, 0, -1372.235
0.101858079326853, 8, 209, 0, 0, -1372.235
0.100602942360371, 10, 28, 0, 0, -1372.235
0.100602942360352, 10, 28, 0, 0, -1372.235
0.098314966195676, 9, 80, 0, 0, -1372.235
0.0974504928267537, 8, 111, 0, 0, -1372.235
0.0971696591968808, 9, 88, 0, 0, -1372.235
0.0964623789474014, 5, 1199, 0, 0, -1372.235
0.0961414584126935, 8, 224, 0, 0, -1372.235
0.0943360782922706, 8, 46, 0, 0, -1372.235
0.0943360782922605, 8, 46, 0, 0, -1372.235
0.0942222272618446, 7, 211, 0, 0, -1372.235
0.0933520462330161, 10, 35, 0, 0, -1372.235
0.0902918463071982, 10, 33, 0, 0, -1372.235
0.0891125595654415, 9, 69, 0, 0, -1372.235
0.0883066608640498, 9, 91, 0, 0, -1372.235
0.0871064045551041, 8, 127, 0, 0, -1372.235
0.0830425709807961, 10, 48, 0, 0, -1372.235
0.0803361241126101, 10, 23, 0, 0, -1372.235
0.0789514306507236, 10, 51, 0, 0, -1372.235
0.0775636830822445, 10, 15, 0, 0, -1372.235
0.0775368291920271, 10, 24, 0, 0, -1372.235
0.0770446606779256, 10, 19, 0, 0, -1372.235
0.0755632168891382, 9, 119, 0, 0, -1372.235
0.0736530133687512, 9, 103, 0, 0, -1372.235
0.0702225107889388, 5, 1755, 0, 0, -1372.235
0.0700071276212487, 9, 39, 0, 0, -1372.235
0.0691211093934063, 9, 89, 0, 0, -1372.235
0.0686867848799394, 9, 112, 0, 0, -1372.235
0.0681670034933993, 10, 27, 0, 0, -1372.235
0.0672376484329083, 9, 92, 0, 0, -1372.235
0.0666794190181016, 10, 43, 0, 0, -1372.235
0.0660774553923826, 7, 323, 0, 0, -1372.235
0.0610299212220304, 10, 20, 0, 0, -1372.235
0.0597003465801839, 7, 394, 0, 0, -1372.235
0.057356517538669, 10, 38, 0, 0, -1372.235
0.0564922176951735, 7, 421, 0, 0, -1372.235
0.0517422598120262, 10, 43, 0, 0, -1372.235
0.0509769102975439, 10, 21, 0, 0, -1372.235
0.050976910297538, 10, 21, 0, 0, -1372.235
0.0502928333930224, 9, 58, 0, 0, -1372.235
0.0500837374277021, 9, 108, 0, 0, -1372.235
0.0491326255097994, 10, 39, 0, 0, -1372.235
0.0489531576552668, 9, 111, 0, 0, -1372.235
0.045307195811571, 8, 171, 0, 0, -1372.235
0.0442320144489604, 8, 176, 0, 0, -1372.235
0.0419434806548423, 10, 75, 0, 0, -1372.235
0.0414839982248973, 10, 49, 0, 0, -1372.235
0.038256032811543, 4, 1514, 0, 0, -1372.235
0.0371465549897372, 10, 55, 0, 0, -1372.235
0.0352966766797759, 10, 58, 0, 0, -1372.235
0.0348933428324891, 10, 100, 0, 0, -1372.235
0.034713532443748, 7, 353, 0, 0, -1372.235
0.0343129260526048, 10, 38, 0, 0, -1372.235
0.0339928247582124, 7, 362, 0, 0, -1372.235
0.0333421706373095, 10, 48, 0, 0, -1372.235
0.033171898389881, 10, 63, 0, 0, -1372.235
0.0311702170317069, 10, 26, 0, 0, -1372.235
0.0303668810136087, 10, 44, 0, 0, -1372.235
0.0297663780350923, 10, 55, 0, 0, -1372.235
0.0293034838924373, 10, 28, 0, 0, -1372.235
0.0290458694397774, 4, 2107, 0, 0, -1372.235
0.0277600548140232, 10, 50, 0, 0, -1372.235
0.0274116376209511, 8, 104, 0, 0, -1372.235
0.0261598667181505, 8, 110, 0, 0, -1372.235
0.0228969796626823, 10, 63, 0, 0, -1372.235
0.0209751708317453, 7, 388, 0, 0, -1372.235
0.0188880901779063, 7, 440, 0, 0, -1372.235
0.0177101969204515, 9, 115, 0, 0, -1372.235
0.0160933639107984, 9, 129, 0, 0, -1372.235
0.0108848038836275, 10, 54, 0, 0, -1372.235
0.00909396069560847, 10, 67, 0, 0, -1372.235
0.00886730095387806, 9, 56, 0, 0, -1372.235
0.00824536360230381, 7, 385, 0, 0, -1372.235
0.00766865754971663, 7, 420, 0, 0, -1372.235
0.00745144606192283, 9, 69, 0, 0, -1372.235
0.00469263591830711, 10, 29, 0, 0, -1372.235
0.00432304951753106, 10, 32, 0, 0, -1372.235
0.00326251747349014, 10, 26, 0, 0, -1372.235
0.0031615071344326, 10, 27, 0, 0, -1372.235
