6.11825926792914
6.11825926792914
6.11825926792914
6.11825926792914
6.11825926792914
6.11825926792914
6.11825926792914
6.11825926792914
6.11825926792914
6.11825926792914
6.11825926792914
6.11825926792914
6.11825926792914
6.11825926792914
6.11825926792914
6.11825926792914
6.11825926792914
6.11825926792914
6.11825926792914
6.11825926792914
6.11825926792914
6.11825926792914
6.11825926792914
6.11825926792914
6.11825926792914
6.11825926792914
6.11825926792914
6.11825926792914
6.11825926792914
6.11825926792914
6.37344378846971
6.37344378846971
6.37344378846971
6.37344378846971
6.37344378846971
6.37344378846971
6.37344378846971
6.37344378846971
6.37344378846971
6.37344378846971
6.37344378846971
6.37344378846971
6.37344378846971
6.37344378846971
6.37344378846971
6.37344378846971
6.37344378846971
6.37344378846971
6.37344378846971
6.37344378846971
6.37344378846971
6.37344378846971
6.37344378846971
6.37344378846971
6.37344378846971
6.37344378846971
6.37344378846971
6.37344378846971
6.37344378846971
6.37344378846971
6.37344378846971
6.37344378846971
6.37344378846971
6.37344378846971
6.37344378846971
6.37344378846971
6.37344378846971
6.37344378846971
6.37344378846971
6.37344378846971
6.37344378846971
6.37344378846971
6.37344378846971
6.37344378846971
6.37344378846971
6.37344378846971
6.37344378846971
6.37344378846971
6.37344378846971
6.37344378846971
6.37344378846971
6.37344378846971
6.37344378846971
6.37344378846971
6.37344378846971
6.37344378846971
6.37344378846971
6.37344378846971
6.37344378846971
6.37344378846971
6.37344378846971
6.37344378846971
6.37344378846971
6.37344378846971
6.37344378846971
6.37344378846971
6.37344378846971
6.37344378846971
6.37344378846971
6.37344378846971
6.37344378846971
6.12564042312684
6.12564042312684
6.12564042312684
6.12564042312684
6.12564042312684
6.39754410067026
7.34126600506815
7.34126600506815
6.9603541289058
8.15178060150898
8.15178060150898
8.15178060150898
8.15178060150898
8.15178060150898
8.15178060150898
8.15178060150898
8.15178060150898
8.15178060150898
8.15178060150898
8.15178060150898
8.96415543625542
8.96415543625542
8.96415543625542
8.96415543625542
8.96415543625542
8.96415543625542
8.85936305402907
8.85936305402907
8.73557768068515
8.73557768068515
8.73557768068515
