6.13005839178654
6.13005839178654
6.13005839178654
6.13005839178654
6.13005839178654
6.13005839178654
6.13005839178654
6.13005839178654
6.13005839178654
6.13005839178654
6.13005839178654
6.13005839178654
6.13005839178654
6.13005839178654
6.13005839178654
6.13005839178654
6.13005839178654
6.13005839178654
6.13005839178654
6.13005839178654
6.13005839178654
6.13005839178654
6.13005839178654
6.13005839178654
6.13005839178654
6.13005839178654
6.13005839178654
6.13005839178654
6.13005839178654
6.13005839178654
6.13005839178654
6.13005839178654
6.13005839178654
6.13005839178654
6.13005839178654
6.13005839178654
6.13005839178654
6.13005839178654
6.13005839178654
6.13005839178654
6.13005839178654
6.13005839178654
6.13005839178654
6.13005839178654
6.13005839178654
6.13005839178654
6.13005839178654
6.13005839178654
6.13005839178654
6.13005839178654
6.13005839178654
6.13005839178654
6.13005839178654
6.13005839178654
6.13005839178654
6.13005839178654
6.13005839178654
6.13005839178654
6.13005839178654
6.13005839178654
6.13005839178654
6.13005839178654
6.13005839178654
6.13005839178654
6.13005839178654
6.13005839178654
6.13005839178654
6.13005839178654
6.13005839178654
6.13005839178654
6.13005839178654
6.13005839178654
6.13005839178654
6.13005839178654
6.13005839178654
6.13005839178654
6.13005839178654
6.13005839178654
6.13005839178654
6.13005839178654
6.13005839178654
6.13005839178654
6.13005839178654
6.13005839178654
6.13005839178654
6.13005839178654
6.13005839178654
6.13005839178654
6.13005839178654
6.13005839178654
6.13005839178654
6.13005839178654
6.13005839178654
6.13005839178654
6.13005839178654
6.13005839178654
6.13005839178654
6.13005839178654
6.13005839178654
6.13005839178654
6.13005839178654
6.13005839178654
6.6015451375607
6.6015451375607
7.41922538511622
7.41922538511622
7.41922538511622
7.41922538511622
7.41922538511622
7.41922538511622
7.41922538511622
7.41922538511622
7.41922538511622
7.41922538511622
6.88686783765054
6.88686783765054
6.88686783765054
6.88686783765054
6.88686783765054
6.88686783765054
6.88686783765054
6.88686783765054
6.88686783765054
6.6938357480516
6.6938357480516
6.6938357480516
6.6938357480516
6.59274275070382
6.47600525763136
6.47600525763136
6.43329293783498
6.42592812255742
