6.1182667520612
6.1182667520612
6.1182667520612
6.1182667520612
6.1182667520612
6.1182667520612
6.1182667520612
6.1182667520612
6.1182667520612
6.1182667520612
6.1182667520612
6.1182667520612
6.1182667520612
6.1182667520612
6.1182667520612
6.1182667520612
6.1182667520612
6.1182667520612
6.1182667520612
6.1182667520612
6.1182667520612
6.1182667520612
6.1182667520612
6.1182667520612
6.1182667520612
6.1182667520612
6.1182667520612
6.1182667520612
6.1182667520612
6.1182667520612
6.1182667520612
6.1182667520612
6.1182667520612
6.1182667520612
6.1182667520612
6.1182667520612
6.1182667520612
6.1182667520612
6.1182667520612
6.1182667520612
6.1182667520612
6.1182667520612
6.1182667520612
6.1182667520612
6.1182667520612
6.1182667520612
6.1182667520612
6.1182667520612
6.1182667520612
6.1182667520612
6.1182667520612
6.1182667520612
6.1182667520612
6.1182667520612
6.1182667520612
6.1182667520612
6.1182667520612
6.1182667520612
6.1182667520612
6.1182667520612
6.1182667520612
6.1182667520612
6.1182667520612
6.1182667520612
6.1182667520612
6.1182667520612
6.1182667520612
6.1182667520612
6.1182667520612
6.1182667520612
6.1182667520612
6.1182667520612
6.1182667520612
6.1182667520612
6.1182667520612
6.1182667520612
6.1182667520612
6.1182667520612
6.1182667520612
6.1182667520612
6.1182667520612
6.1182667520612
6.1182667520612
6.1182667520612
6.1182667520612
6.1182667520612
6.1182667520612
6.1182667520612
6.1182667520612
6.1182667520612
6.1182667520612
6.1182667520612
6.1182667520612
6.1182667520612
6.1182667520612
6.1182667520612
6.1182667520612
6.1182667520612
6.1182667520612
6.1182667520612
6.1182667520612
6.1182667520612
6.58449856973892
6.58449856973892
7.40023078029804
7.40023078029804
7.40023078029804
7.40023078029804
7.40023078029804
7.40023078029804
7.40023078029804
7.40023078029804
7.40023078029804
7.40023078029804
6.86888553840822
6.86888553840822
6.86888553840822
6.86888553840822
6.86888553840822
6.86888553840822
6.86888553840822
6.86888553840822
6.86888553840822
6.6764383972783
6.6764383972783
6.6764383972783
6.6764383972783
6.57573275588767
6.45954571172887
6.45954571172887
6.41707257674768
6.40975157861302
