6.11826720194637
6.11826720194637
6.11826720194637
6.11826720194637
6.11826720194637
6.11826720194637
6.11826720194637
6.11826720194637
6.11826720194637
6.11826720194637
6.11826720194637
6.11826720194637
6.11826720194637
6.11826720194637
6.11826720194637
6.11826720194637
6.11826720194637
6.11826720194637
6.11826720194637
6.11826720194637
6.11826720194637
6.11826720194637
6.11826720194637
6.11826720194637
6.11826720194637
6.11826720194637
6.11826720194637
6.11826720194637
6.11826720194637
6.11826720194637
6.11826720194637
6.11826720194637
6.11826720194637
6.11826720194637
6.11826720194637
6.11826720194637
6.11826720194637
6.11826720194637
6.11826720194637
6.11826720194637
6.11826720194637
6.11826720194637
6.11826720194637
6.11826720194637
6.11826720194637
6.11826720194637
6.11826720194637
6.11826720194637
6.11826720194637
6.11826720194637
6.11826720194637
6.11826720194637
6.11826720194637
6.11826720194637
6.11826720194637
6.11826720194637
6.11826720194637
6.11826720194637
6.11826720194637
6.11826720194637
6.11826720194637
6.11826720194637
6.11826720194637
6.11826720194637
6.11826720194637
6.11826720194637
6.11826720194637
6.11826720194637
6.11826720194637
6.11826720194637
6.11826720194637
6.11826720194637
6.11826720194637
6.11826720194637
6.11826720194637
6.11826720194637
6.11826720194637
6.11826720194637
6.11826720194637
6.11826720194637
6.11826720194637
6.11826720194637
6.11826720194637
6.11826720194637
6.11826720194637
6.11826720194637
6.11826720194637
6.11826720194637
6.11826720194637
6.11826720194637
6.11826720194637
6.11826720194637
6.11826720194637
6.11826720194637
6.11826720194637
6.11826720194637
6.11826720194637
6.11826720194637
6.11826720194637
6.11826720194637
6.11826720194637
6.25343830421993
6.13710025085037
6.13710025085037
6.13710025085037
6.13710025085037
6.13710025085037
6.13710025085037
6.12307680806948
6.12307680806948
6.22619923946987
6.66000278788025
6.66000278788025
6.12613341834181
6.17981189415982
6.17981189415982
6.17981189415982
6.17981189415982
6.17981189415982
6.17981189415982
6.17981189415982
6.17981189415982
6.17981189415982
6.17981189415982
6.17981189415982
6.17981189415982
6.17981189415982
6.17981189415982
6.17981189415982
6.17981189415982
6.14912539545431
6.14912539545431
