6.12224610622971
6.12224610622971
6.12224610622971
6.12224610622971
6.12224610622971
8.22513233169925
8.22513233169925
8.22513233169925
8.22513233169925
8.22513233169925
8.22513233169925
8.22513233169925
8.22513233169925
8.22513233169925
8.22513233169925
8.22513233169925
9.40650041024166
9.40650041024166
9.40650041024166
9.40650041024166
9.40650041024166
9.40650041024166
7.9865562127463
7.9865562127463
7.9865562127463
7.9865562127463
7.9865562127463
7.9865562127463
7.9865562127463
7.9865562127463
7.9865562127463
7.9865562127463
7.9865562127463
7.9865562127463
7.9865562127463
7.9865562127463
7.9865562127463
7.9865562127463
7.9865562127463
7.9865562127463
7.9865562127463
7.9865562127463
7.9865562127463
7.9865562127463
7.9865562127463
7.9865562127463
7.9865562127463
7.9865562127463
7.9865562127463
7.9865562127463
7.9865562127463
7.9865562127463
7.9865562127463
7.9865562127463
7.9865562127463
7.9865562127463
7.9865562127463
7.9865562127463
7.9865562127463
7.9865562127463
7.9865562127463
7.9865562127463
7.9865562127463
7.9865562127463
7.9865562127463
7.9865562127463
7.9865562127463
7.9865562127463
7.9865562127463
7.9865562127463
7.9865562127463
7.9865562127463
7.9865562127463
7.9865562127463
7.9865562127463
7.9865562127463
7.9865562127463
7.9865562127463
7.9865562127463
7.9865562127463
7.9865562127463
7.9865562127463
7.9865562127463
7.9865562127463
7.9865562127463
7.9865562127463
7.9865562127463
7.9865562127463
7.9865562127463
7.9865562127463
7.9865562127463
7.9865562127463
7.9865562127463
7.9865562127463
7.9865562127463
7.9865562127463
7.9865562127463
7.9865562127463
7.9865562127463
7.9865562127463
7.9865562127463
7.9865562127463
7.31964723490891
7.31964723490891
7.31964723490891
7.31964723490891
7.31964723490891
8.24777195424525
8.24777195424525
8.24777195424525
8.24777195424525
8.24777195424525
8.86567102587475
8.86567102587475
8.86567102587475
8.86567102587475
8.86567102587475
8.86567102587475
8.86567102587475
8.86567102587475
8.86567102587475
8.86567102587475
9.89200463974042
9.89200463974042
9.89200463974042
10.1345093741086
9.84502347774529
9.84502347774529
9.84502347774529
9.84502347774529
9.84502347774529
9.84502347774529
