6.11832838196482
6.11832838196482
6.11832838196482
6.11832838196482
6.11832838196482
6.11832838196482
6.11832838196482
6.11832838196482
6.11832838196482
6.11832838196482
6.11832838196482
6.11832838196482
6.11832838196482
6.11832838196482
6.11832838196482
6.11832838196482
6.11832838196482
6.11832838196482
6.11832838196482
6.11832838196482
6.11832838196482
6.11832838196482
6.11832838196482
6.11832838196482
6.11832838196482
6.11832838196482
6.11832838196482
6.11832838196482
6.11832838196482
6.11832838196482
6.11832838196482
6.11832838196482
6.64252845771016
6.64252845771016
6.64252845771016
6.64252845771016
6.64252845771016
6.64252845771016
6.64252845771016
6.64252845771016
6.64252845771016
6.64252845771016
6.64252845771016
6.64252845771016
6.64252845771016
6.64252845771016
6.64252845771016
6.64252845771016
6.64252845771016
6.64252845771016
6.64252845771016
6.64252845771016
6.64252845771016
6.64252845771016
6.64252845771016
6.64252845771016
6.64252845771016
6.64252845771016
6.64252845771016
6.64252845771016
6.64252845771016
6.64252845771016
6.64252845771016
6.64252845771016
6.64252845771016
6.64252845771016
6.64252845771016
6.64252845771016
6.64252845771016
6.64252845771016
6.64252845771016
6.64252845771016
6.64252845771016
6.64252845771016
6.64252845771016
6.64252845771016
6.64252845771016
6.64252845771016
6.64252845771016
6.64252845771016
6.64252845771016
6.64252845771016
6.64252845771016
6.64252845771016
6.64252845771016
6.64252845771016
6.64252845771016
6.64252845771016
6.64252845771016
6.64252845771016
6.64252845771016
6.64252845771016
6.64252845771016
6.64252845771016
6.64252845771016
6.64252845771016
6.64252845771016
6.64252845771016
6.64252845771016
6.64252845771016
6.64252845771016
6.64252845771016
6.64252845771016
6.64252845771016
6.39269632871193
6.16543626902323
7.64243685837186
7.64243685837186
7.64243685837186
7.21906640273197
7.21906640273197
7.21906640273197
7.21906640273197
7.21906640273197
7.21906640273197
6.71336539740184
6.71336539740184
6.30347517018851
6.30347517018851
6.30347517018851
6.30347517018851
6.30347517018851
6.30347517018851
6.30347517018851
6.30347517018851
6.30347517018851
6.30347517018851
6.30347517018851
6.30347517018851
6.30347517018851
6.30347517018851
6.30347517018851
