6.11824740620648
6.11824740620648
6.11824740620648
6.11824740620648
6.11824740620648
6.11824740620648
6.11824740620648
6.11824740620648
6.11824740620648
6.11824740620648
6.11824740620648
6.11824740620648
6.11824740620648
6.11824740620648
6.11824740620648
6.11824740620648
6.11824740620648
6.11824740620648
6.11824740620648
6.11824740620648
6.11824740620648
6.11824740620648
6.11824740620648
6.11824740620648
6.11824740620648
6.11824740620648
6.11824740620648
6.11824740620648
6.11824740620648
6.11824740620648
6.11824740620648
6.11824740620648
6.11824740620648
6.11824740620648
6.11824740620648
6.11824740620648
6.11824740620648
6.11824740620648
6.11824740620648
6.11824740620648
6.11824740620648
6.11824740620648
6.11824740620648
6.11824740620648
6.11824740620648
6.11824740620648
6.11824740620648
6.11824740620648
6.11824740620648
6.11824740620648
6.11824740620648
6.11824740620648
6.11824740620648
6.11824740620648
6.11824740620648
6.11824740620648
6.11824740620648
6.11824740620648
6.11824740620648
6.11824740620648
6.11824740620648
6.11824740620648
6.11824740620648
6.11824740620648
6.11824740620648
6.11824740620648
6.11824740620648
6.11824740620648
6.11824740620648
6.11824740620648
6.11824740620648
6.11824740620648
6.11824740620648
6.55151345091289
6.55151345091289
6.55151345091289
6.55151345091289
6.55151345091289
6.55151345091289
6.55151345091289
6.55151345091289
6.55151345091289
6.55151345091289
6.55151345091289
6.55151345091289
6.55151345091289
6.55151345091289
6.55151345091289
6.55151345091289
6.55151345091289
6.55151345091289
6.55151345091289
6.55151345091289
6.13970710169127
6.13970710169127
6.13970710169127
6.13970710169127
6.13970710169127
6.13970710169127
6.13970710169127
6.13970710169127
6.13970710169127
6.13970710169127
6.19036469746856
6.19036469746856
6.19036469746856
6.19036469746856
6.19036469746856
6.34585090830763
6.34585090830763
6.34585090830763
6.14891118436798
6.14891118436798
6.14891118436798
6.14891118436798
6.14891118436798
6.11827599546593
6.25068288066408
6.25068288066408
6.25068288066408
6.25068288066408
6.25068288066408
6.18466315543993
6.18466315543993
6.18466315543993
6.18466315543993
6.18466315543993
6.18466315543993
6.15282516875318
6.15282516875318
6.15282516875318
6.15835467807527
