6.11825289807847
6.11825289807847
6.11825289807847
6.11825289807847
6.11825289807847
6.11825289807847
6.11825289807847
6.11825289807847
6.11825289807847
6.11825289807847
6.11825289807847
6.11825289807847
6.11825289807847
6.11825289807847
6.11825289807847
6.11825289807847
6.11825289807847
6.11825289807847
6.11825289807847
6.11825289807847
6.11825289807847
6.11825289807847
6.11825289807847
6.11825289807847
6.11825289807847
6.11825289807847
6.11825289807847
6.11825289807847
6.11825289807847
6.11825289807847
6.11825289807847
6.11825289807847
6.11825289807847
6.11825289807847
6.11825289807847
6.11825289807847
6.11825289807847
6.11825289807847
6.11825289807847
6.11825289807847
6.11825289807847
6.11825289807847
6.11825289807847
6.11825289807847
6.11825289807847
6.11825289807847
6.11825289807847
6.11825289807847
6.11825289807847
6.11825289807847
6.11825289807847
6.11825289807847
6.11825289807847
6.11825289807847
6.11825289807847
6.11825289807847
6.11825289807847
6.11825289807847
6.11825289807847
6.11825289807847
6.11825289807847
6.11825289807847
6.11825289807847
6.11825289807847
6.11825289807847
6.11825289807847
6.11825289807847
6.11825289807847
6.11825289807847
6.11825289807847
6.11825289807847
6.11825289807847
6.11825289807847
6.11825289807847
6.11825289807847
6.11825289807847
6.11825289807847
6.11825289807847
6.11825289807847
6.11825289807847
6.11825289807847
6.11825289807847
6.11825289807847
6.11825289807847
6.11825289807847
6.11825289807847
6.11825289807847
6.11825289807847
6.11825289807847
6.11825289807847
6.38699733125118
6.38699733125118
6.38699733125118
6.38699733125118
6.38699733125118
6.38699733125118
6.38699733125118
6.38699733125118
6.38699733125118
6.38699733125118
6.38699733125118
6.38699733125118
6.38699733125118
8.06157478631584
8.06157478631584
8.06157478631584
8.06157478631584
8.06157478631584
8.06157478631584
8.06157478631584
8.06157478631584
8.06157478631584
7.19722530857911
7.56741901871002
7.56741901871002
7.56741901871002
6.80742018413106
6.80742018413106
6.80742018413106
6.80742018413106
6.80742018413106
6.80742018413106
6.80742018413106
6.80742018413106
6.80742018413106
6.80742018413106
6.80742018413106
6.87441937351444
6.99409134988158
6.99409134988158
7.0742268629551
7.0742268629551
