6.12000573858543
6.12000573858543
6.12000573858543
6.12000573858543
6.12000573858543
6.12000573858543
6.12000573858543
6.12000573858543
6.12000573858543
6.12000573858543
6.12000573858543
6.12000573858543
6.12000573858543
6.12000573858543
6.12000573858543
6.12000573858543
6.12000573858543
6.12000573858543
6.12000573858543
6.12000573858543
6.12000573858543
6.12000573858543
6.12000573858543
6.12000573858543
6.12000573858543
6.12000573858543
6.12000573858543
6.12000573858543
6.12000573858543
6.12000573858543
6.12000573858543
6.12000573858543
6.63176436864527
6.63176436864527
6.63176436864527
6.63176436864527
6.63176436864527
6.63176436864527
6.63176436864527
6.63176436864527
6.63176436864527
6.63176436864527
6.63176436864527
6.63176436864527
6.63176436864527
6.63176436864527
6.63176436864527
6.63176436864527
6.63176436864527
6.63176436864527
6.63176436864527
6.63176436864527
6.63176436864527
6.63176436864527
6.63176436864527
6.63176436864527
6.63176436864527
6.63176436864527
6.63176436864527
6.63176436864527
6.63176436864527
6.63176436864527
6.63176436864527
6.63176436864527
6.63176436864527
6.63176436864527
6.63176436864527
6.63176436864527
6.63176436864527
6.63176436864527
6.63176436864527
6.63176436864527
6.63176436864527
6.63176436864527
6.63176436864527
6.63176436864527
6.63176436864527
6.63176436864527
6.63176436864527
6.63176436864527
6.63176436864527
6.63176436864527
6.63176436864527
6.63176436864527
6.63176436864527
6.63176436864527
6.63176436864527
6.63176436864527
6.63176436864527
6.63176436864527
6.63176436864527
6.63176436864527
6.63176436864527
6.63176436864527
6.63176436864527
6.63176436864527
6.63176436864527
6.63176436864527
6.63176436864527
6.63176436864527
6.63176436864527
6.63176436864527
6.63176436864527
6.63176436864527
6.3851863640722
6.16331681982044
7.62472646945097
7.62472646945097
7.62472646945097
7.20363675630478
7.20363675630478
7.20363675630478
7.20363675630478
7.20363675630478
7.20363675630478
6.70187115039382
6.70187115039382
6.2975662518005
6.2975662518005
6.2975662518005
6.2975662518005
6.2975662518005
6.2975662518005
6.2975662518005
6.2975662518005
6.2975662518005
6.2975662518005
6.2975662518005
6.2975662518005
6.2975662518005
6.2975662518005
6.2975662518005
