6.11824903701475
6.11824903701475
6.11824903701475
6.11824903701475
6.11824903701475
6.11824903701475
6.11824903701475
6.11824903701475
6.11824903701475
6.11824903701475
6.11824903701475
6.11824903701475
6.11824903701475
6.11824903701475
6.11824903701475
6.11824903701475
6.11824903701475
6.11824903701475
6.11824903701475
6.11824903701475
6.11824903701475
6.11824903701475
6.11824903701475
6.11824903701475
6.11824903701475
6.11824903701475
6.11824903701475
6.11824903701475
6.11824903701475
6.11824903701475
6.11824903701475
6.11824903701475
6.11824903701475
6.11824903701475
6.11824903701475
6.11824903701475
6.11824903701475
6.11824903701475
6.11824903701475
6.11824903701475
6.11824903701475
6.11824903701475
6.11824903701475
6.11824903701475
6.11824903701475
6.11824903701475
6.11824903701475
6.11824903701475
6.11824903701475
6.11824903701475
6.11824903701475
6.11824903701475
6.11824903701475
6.11824903701475
6.11824903701475
6.11824903701475
6.11824903701475
6.11824903701475
6.11824903701475
6.11824903701475
6.11824903701475
6.11824903701475
6.11824903701475
6.11824903701475
6.11824903701475
6.11824903701475
6.11824903701475
6.11824903701475
6.11824903701475
6.11824903701475
6.11824903701475
6.11824903701475
6.11824903701475
6.11824903701475
6.11824903701475
6.11824903701475
6.11824903701475
6.11824903701475
6.11824903701475
6.11824903701475
6.11824903701475
6.11824903701475
6.11824903701475
6.11824903701475
6.11824903701475
6.11824903701475
6.11824903701475
6.11824903701475
6.11824903701475
6.11824903701475
6.11824903701475
6.11824903701475
6.11824903701475
6.11824903701475
6.11824903701475
6.11824903701475
6.11824903701475
6.11824903701475
6.11824903701475
6.11824903701475
6.11824903701475
6.11824903701475
6.11824903701475
6.54207131127788
6.54207131127788
6.54207131127788
7.26514139183177
7.26514139183177
7.26514139183177
7.26514139183177
7.26514139183177
7.26514139183177
7.26514139183177
6.84638762932592
6.84638762932592
6.84638762932592
7.53335298384678
7.53335298384678
7.53335298384678
7.53335298384678
7.53335298384678
7.53335298384678
7.53335298384678
7.3217900962166
6.76027509157861
7.05008706680317
7.05008706680317
7.05008706680317
7.11946936249838
7.11946936249838
7.11946936249838
7.11946936249838
