6.12690378916584
6.12690378916584
6.12690378916584
6.12690378916584
6.12690378916584
6.12690378916584
6.12690378916584
6.12690378916584
6.12690378916584
6.12690378916584
6.12690378916584
6.12690378916584
6.12690378916584
6.12690378916584
6.12690378916584
6.12690378916584
6.12690378916584
6.12690378916584
6.12690378916584
6.12690378916584
6.12690378916584
6.12690378916584
6.12690378916584
6.12690378916584
6.12690378916584
6.12690378916584
6.12690378916584
6.12690378916584
6.12690378916584
6.12690378916584
6.12690378916584
6.12690378916584
6.12690378916584
6.12690378916584
6.12690378916584
6.12690378916584
6.12690378916584
6.12690378916584
6.12690378916584
6.12690378916584
6.12690378916584
6.12690378916584
6.12690378916584
6.12690378916584
6.12690378916584
6.12690378916584
6.12690378916584
6.12690378916584
6.12690378916584
6.12690378916584
6.12690378916584
6.12690378916584
6.12690378916584
6.12690378916584
6.12690378916584
6.12690378916584
6.12690378916584
6.12690378916584
6.12690378916584
6.12690378916584
6.12690378916584
6.12690378916584
6.12690378916584
6.12690378916584
6.12690378916584
6.12690378916584
6.12690378916584
6.12690378916584
6.12690378916584
6.12690378916584
6.12690378916584
6.12690378916584
6.12690378916584
6.12690378916584
6.12690378916584
6.12690378916584
6.12690378916584
6.12690378916584
6.12690378916584
6.12690378916584
6.12690378916584
6.12690378916584
6.12690378916584
6.12690378916584
6.12690378916584
6.12690378916584
6.12690378916584
6.12690378916584
6.12690378916584
6.12690378916584
6.39244238400563
6.39244238400563
6.39244238400563
6.39244238400563
6.39244238400563
6.39244238400563
6.39244238400563
6.39244238400563
6.39244238400563
6.39244238400563
6.39244238400563
6.39244238400563
6.39244238400563
8.06166687877169
8.06166687877169
8.06166687877169
8.06166687877169
8.06166687877169
8.06166687877169
8.06166687877169
8.06166687877169
8.06166687877169
7.19934869025809
7.56856544901235
7.56856544901235
7.56856544901235
6.8108444205344
6.8108444205344
6.8108444205344
6.8108444205344
6.8108444205344
6.8108444205344
6.8108444205344
6.8108444205344
6.8108444205344
6.8108444205344
6.8108444205344
6.87759315008996
6.99684841764151
6.99684841764151
7.07672392002882
7.07672392002882
