6.11824676303306
6.11824676303306
6.11824676303306
6.11824676303306
6.11824676303306
6.11824676303306
6.11824676303306
6.11824676303306
6.11824676303306
6.11824676303306
6.11824676303306
6.11824676303306
6.11824676303306
6.11824676303306
6.11824676303306
6.11824676303306
6.11824676303306
6.11824676303306
6.11824676303306
6.11824676303306
6.11824676303306
6.11824676303306
6.11824676303306
6.11824676303306
6.11824676303306
6.11824676303306
6.11824676303306
6.11824676303306
6.11824676303306
6.11824676303306
6.11824676303306
6.11824676303306
6.11824676303306
6.11824676303306
6.11824676303306
6.11824676303306
6.11824676303306
6.11824676303306
6.11824676303306
6.11824676303306
6.11824676303306
6.11824676303306
6.11824676303306
6.11824676303306
6.11824676303306
6.11824676303306
6.11824676303306
6.11824676303306
6.11824676303306
6.11824676303306
6.11824676303306
6.11824676303306
6.11824676303306
6.11824676303306
6.11824676303306
6.11824676303306
6.11824676303306
6.11824676303306
6.11824676303306
6.11824676303306
6.11824676303306
6.11824676303306
6.11824676303306
6.11824676303306
6.11824676303306
6.11824676303306
6.11824676303306
6.11824676303306
6.11824676303306
6.11824676303306
6.11824676303306
6.11824676303306
6.11824676303306
6.11824676303306
6.11824676303306
6.11824676303306
6.11824676303306
6.11824676303306
6.11824676303306
6.11824676303306
6.11824676303306
6.11824676303306
6.11824676303306
6.11824676303306
6.11824676303306
6.11824676303306
6.11824676303306
6.11824676303306
6.11824676303306
6.11824676303306
6.11824676303306
6.11824676303306
6.11824676303306
6.11824676303306
6.11824676303306
6.11824676303306
6.11824676303306
6.11824676303306
6.11824676303306
6.11824676303306
6.11824676303306
6.11824676303306
6.11824676303306
6.11824676303306
6.11824676303306
6.11824676303306
6.23051653340624
6.23051653340624
6.23051653340624
6.13366858047499
6.13366858047499
6.13366858047499
6.13366858047499
6.13366858047499
6.13366858047499
6.13366858047499
6.13366858047499
6.13366858047499
6.13366858047499
6.13366858047499
6.13366858047499
6.11872753344497
6.11872753344497
6.1337999437428
6.21902959983968
6.21902959983968
6.21902959983968
6.32616974050237
6.32616974050237
6.32616974050237
6.29668611434774
6.29668611434774
