6.1195004797911
6.1195004797911
6.1195004797911
6.1195004797911
6.1195004797911
6.1195004797911
6.1195004797911
6.1195004797911
6.1195004797911
6.1195004797911
6.1195004797911
6.1195004797911
6.1195004797911
6.1195004797911
6.1195004797911
6.1195004797911
6.1195004797911
6.1195004797911
6.1195004797911
6.1195004797911
6.1195004797911
6.1195004797911
6.1195004797911
6.1195004797911
6.1195004797911
6.1195004797911
6.1195004797911
6.1195004797911
6.1195004797911
6.1195004797911
6.1195004797911
6.1195004797911
6.1195004797911
6.1195004797911
6.1195004797911
6.1195004797911
6.1195004797911
6.1195004797911
6.1195004797911
6.1195004797911
6.1195004797911
6.1195004797911
6.1195004797911
6.1195004797911
6.1195004797911
6.1195004797911
6.1195004797911
6.1195004797911
6.58149279257368
6.58149279257368
6.58149279257368
6.58149279257368
6.58149279257368
6.58149279257368
6.58149279257368
6.58149279257368
6.58149279257368
6.58149279257368
6.58149279257368
6.58149279257368
6.58149279257368
6.58149279257368
6.58149279257368
6.58149279257368
6.58149279257368
6.58149279257368
6.58149279257368
6.58149279257368
6.58149279257368
6.58149279257368
6.58149279257368
6.58149279257368
6.58149279257368
6.58149279257368
6.58149279257368
6.58149279257368
6.58149279257368
6.58149279257368
6.58149279257368
6.58149279257368
6.58149279257368
6.58149279257368
6.58149279257368
6.58149279257368
6.58149279257368
6.58149279257368
6.58149279257368
6.58149279257368
6.58149279257368
6.58149279257368
6.58149279257368
6.58149279257368
6.58149279257368
6.58149279257368
6.58149279257368
6.58149279257368
6.58149279257368
6.58149279257368
6.58149279257368
6.58149279257368
6.58149279257368
6.12676611117521
6.12676611117521
6.12676611117521
6.12676611117521
6.12676611117521
6.57684155597003
6.30016421673743
6.16835944394984
6.16835944394984
7.05836163154784
7.05836163154784
7.05836163154784
7.05836163154784
7.05836163154784
7.43074231724188
7.43074231724188
7.43074231724188
7.43074231724188
7.43074231724188
7.43074231724188
7.43074231724188
7.83074715288268
7.83074715288268
7.83074715288268
7.83074715288268
7.72359108795319
7.72359108795319
7.72359108795319
7.72359108795319
7.72359108795319
7.72359108795319
