6.12219070844992
6.12219070844992
6.12219070844992
6.12219070844992
6.12219070844992
6.12219070844992
6.12219070844992
6.12219070844992
6.12219070844992
6.12219070844992
6.12219070844992
6.12219070844992
6.12219070844992
6.12219070844992
6.12219070844992
6.12219070844992
6.12219070844992
6.12219070844992
6.12219070844992
6.12219070844992
6.12219070844992
6.12219070844992
6.12219070844992
6.12219070844992
6.12219070844992
6.12219070844992
6.12219070844992
6.12219070844992
6.12219070844992
6.12219070844992
6.12219070844992
6.12219070844992
6.12219070844992
6.12219070844992
6.12219070844992
6.12219070844992
6.12219070844992
6.12219070844992
6.12219070844992
6.12219070844992
6.12219070844992
6.12219070844992
6.12219070844992
6.12219070844992
6.12219070844992
6.12219070844992
6.12219070844992
6.12219070844992
6.12219070844992
6.12219070844992
6.12219070844992
6.12219070844992
6.12219070844992
6.12219070844992
6.12219070844992
6.12219070844992
6.12219070844992
6.12219070844992
6.12219070844992
6.12219070844992
6.12219070844992
6.12219070844992
6.12219070844992
6.12219070844992
6.12219070844992
6.12219070844992
6.12219070844992
6.12219070844992
6.12219070844992
6.12219070844992
6.12219070844992
6.12219070844992
6.12219070844992
6.12219070844992
6.12219070844992
6.12219070844992
6.12219070844992
6.12219070844992
6.12219070844992
6.12219070844992
6.12219070844992
6.12219070844992
6.12219070844992
6.12219070844992
6.12219070844992
6.12219070844992
6.12219070844992
6.12219070844992
6.12219070844992
6.12219070844992
6.12219070844992
6.12219070844992
6.12219070844992
6.12219070844992
6.12219070844992
6.12219070844992
6.12219070844992
6.12219070844992
6.12219070844992
6.12219070844992
6.12219070844992
6.26074353563171
6.13975964552957
6.13975964552957
6.13975964552957
6.13975964552957
6.13975964552957
6.13975964552957
6.12769949215353
6.12769949215353
6.23316733636984
6.67018565271595
6.67018565271595
6.13093639434156
6.18607114407164
6.18607114407164
6.18607114407164
6.18607114407164
6.18607114407164
6.18607114407164
6.18607114407164
6.18607114407164
6.18607114407164
6.18607114407164
6.18607114407164
6.18607114407164
6.18607114407164
6.18607114407164
6.18607114407164
6.18607114407164
6.1547305144859
6.1547305144859
