6.12964138796446
6.12964138796446
6.12964138796446
6.12964138796446
6.12964138796446
6.12964138796446
6.12964138796446
6.12964138796446
6.12964138796446
6.12964138796446
6.12964138796446
6.12964138796446
6.12964138796446
6.12964138796446
6.12964138796446
6.12964138796446
6.12964138796446
6.12964138796446
6.12964138796446
6.12964138796446
6.12964138796446
6.12964138796446
6.12964138796446
6.12964138796446
6.12964138796446
6.12964138796446
6.12964138796446
6.12964138796446
6.12964138796446
6.12964138796446
6.12964138796446
6.12964138796446
6.12964138796446
6.12964138796446
6.12964138796446
6.12964138796446
6.12964138796446
6.12964138796446
6.12964138796446
6.12964138796446
6.12964138796446
6.12964138796446
6.12964138796446
6.12964138796446
6.12964138796446
6.12964138796446
6.12964138796446
6.12964138796446
6.12964138796446
6.12964138796446
6.12964138796446
6.12964138796446
6.12964138796446
6.12964138796446
6.12964138796446
6.12964138796446
6.12964138796446
6.12964138796446
6.12964138796446
6.12964138796446
6.12964138796446
6.12964138796446
6.12964138796446
6.12964138796446
6.12964138796446
6.12964138796446
6.12964138796446
6.12964138796446
6.12964138796446
6.12964138796446
6.12964138796446
6.12964138796446
6.12964138796446
6.12964138796446
6.12964138796446
6.12964138796446
6.12964138796446
6.12964138796446
6.12964138796446
6.12964138796446
6.12964138796446
6.12964138796446
6.12964138796446
6.12964138796446
6.12964138796446
6.12964138796446
6.12964138796446
6.12964138796446
6.12964138796446
6.12964138796446
6.12964138796446
6.12964138796446
6.12964138796446
6.12964138796446
6.12964138796446
6.12964138796446
6.12964138796446
6.12964138796446
6.12964138796446
6.12964138796446
6.12964138796446
6.12964138796446
6.12964138796446
6.12964138796446
6.12964138796446
6.12964138796446
6.24078053742267
6.24078053742267
6.24078053742267
6.14538710708674
6.14538710708674
6.14538710708674
6.14538710708674
6.14538710708674
6.14538710708674
6.14538710708674
6.14538710708674
6.14538710708674
6.14538710708674
6.14538710708674
6.14538710708674
6.13018700245326
6.13018700245326
6.1455197027958
6.23112560479902
6.23112560479902
6.23112560479902
6.33844490181619
6.33844490181619
6.33844490181619
6.30892478884072
6.30892478884072
