6.11106413170905
6.11106413170905
6.11106413170905
6.11106413170905
6.11106413170905
6.11106413170905
6.11106413170905
6.11106413170905
6.11106413170905
6.11106413170905
6.11106413170905
6.11106413170905
6.11106413170905
6.11106413170905
6.11106413170905
6.11106413170905
6.11106413170905
6.11106413170905
6.11106413170905
6.11106413170905
6.11106413170905
6.11106413170905
6.11106413170905
6.11106413170905
6.11106413170905
6.11106413170905
6.11106413170905
6.11106413170905
6.11106413170905
6.11106413170905
6.11106413170905
6.11106413170905
6.11106413170905
6.11106413170905
6.11106413170905
6.11106413170905
6.11106413170905
6.11106413170905
6.11106413170905
6.11106413170905
6.11106413170905
6.11106413170905
6.11106413170905
6.11106413170905
6.11106413170905
6.11106413170905
6.11106413170905
6.11106413170905
6.11106413170905
6.11106413170905
6.11106413170905
6.11106413170905
6.11106413170905
6.11106413170905
6.11106413170905
6.11106413170905
6.11106413170905
6.11106413170905
6.11106413170905
6.11106413170905
6.11106413170905
6.11106413170905
6.11106413170905
6.11106413170905
6.11106413170905
6.11106413170905
6.11106413170905
6.11106413170905
6.11106413170905
6.11106413170905
6.11106413170905
6.11106413170905
6.11106413170905
6.54278058620167
6.54278058620167
6.54278058620167
6.54278058620167
6.54278058620167
6.54278058620167
6.54278058620167
6.54278058620167
6.54278058620167
6.54278058620167
6.54278058620167
6.54278058620167
6.54278058620167
6.54278058620167
6.54278058620167
6.54278058620167
6.54278058620167
6.54278058620167
6.54278058620167
6.54278058620167
6.13302840770861
6.13302840770861
6.13302840770861
6.13302840770861
6.13302840770861
6.13302840770861
6.13302840770861
6.13302840770861
6.13302840770861
6.13302840770861
6.18240639427294
6.18240639427294
6.18240639427294
6.18240639427294
6.18240639427294
6.33742391258592
6.33742391258592
6.33742391258592
6.14120276339515
6.14120276339515
6.14120276339515
6.14120276339515
6.14120276339515
6.11111614831887
6.24481928611856
6.24481928611856
6.24481928611856
6.24481928611856
6.24481928611856
6.17839192721736
6.17839192721736
6.17839192721736
6.17839192721736
6.17839192721736
6.17839192721736
6.14628849121269
6.14628849121269
6.14628849121269
6.15187024350043
