6.11826853551726
6.11826853551726
6.11826853551726
6.11826853551726
6.11826853551726
6.11826853551726
6.11826853551726
6.11826853551726
6.11826853551726
6.11826853551726
6.11826853551726
6.11826853551726
6.11826853551726
6.11826853551726
6.11826853551726
6.11826853551726
6.11826853551726
6.11826853551726
6.11826853551726
6.11826853551726
6.11826853551726
6.11826853551726
6.11826853551726
6.11826853551726
6.11826853551726
6.11826853551726
6.11826853551726
6.11826853551726
6.11826853551726
6.11826853551726
6.11826853551726
6.11826853551726
6.11826853551726
6.11826853551726
6.11826853551726
6.11826853551726
6.11826853551726
6.11826853551726
6.11826853551726
6.11826853551726
6.11826853551726
6.11826853551726
6.11826853551726
6.11826853551726
6.11826853551726
6.11826853551726
6.11826853551726
6.11826853551726
6.57406799050995
6.57406799050995
6.57406799050995
6.57406799050995
6.57406799050995
6.57406799050995
6.57406799050995
6.57406799050995
6.57406799050995
6.57406799050995
6.57406799050995
6.57406799050995
6.57406799050995
6.57406799050995
6.57406799050995
6.57406799050995
6.57406799050995
6.57406799050995
6.57406799050995
6.57406799050995
6.57406799050995
6.57406799050995
6.57406799050995
6.57406799050995
6.57406799050995
6.57406799050995
6.57406799050995
6.57406799050995
6.57406799050995
6.57406799050995
6.57406799050995
6.57406799050995
6.57406799050995
6.57406799050995
6.57406799050995
6.57406799050995
6.57406799050995
6.57406799050995
6.57406799050995
6.57406799050995
6.57406799050995
6.57406799050995
6.57406799050995
6.57406799050995
6.57406799050995
6.57406799050995
6.57406799050995
6.57406799050995
6.57406799050995
6.57406799050995
6.57406799050995
6.57406799050995
6.57406799050995
6.12470531106713
6.12470531106713
6.12470531106713
6.12470531106713
6.12470531106713
6.56944436953008
6.29491176516039
6.16499475321337
6.16499475321337
7.04879068610203
7.04879068610203
7.04879068610203
7.04879068610203
7.04879068610203
7.42004847150893
7.42004847150893
7.42004847150893
7.42004847150893
7.42004847150893
7.42004847150893
7.42004847150893
7.81913781410164
7.81913781410164
7.81913781410164
7.81913781410164
7.71220434950257
7.71220434950257
7.71220434950257
7.71220434950257
7.71220434950257
7.71220434950257
