6.11825303693601
6.11825303693601
6.11825303693601
6.11825303693601
6.11825303693601
8.22887324927211
8.22887324927211
8.22887324927211
8.22887324927211
8.22887324927211
8.22887324927211
8.22887324927211
8.22887324927211
8.22887324927211
8.22887324927211
8.22887324927211
9.41153273067058
9.41153273067058
9.41153273067058
9.41153273067058
9.41153273067058
9.41153273067058
7.98995070803723
7.98995070803723
7.98995070803723
7.98995070803723
7.98995070803723
7.98995070803723
7.98995070803723
7.98995070803723
7.98995070803723
7.98995070803723
7.98995070803723
7.98995070803723
7.98995070803723
7.98995070803723
7.98995070803723
7.98995070803723
7.98995070803723
7.98995070803723
7.98995070803723
7.98995070803723
7.98995070803723
7.98995070803723
7.98995070803723
7.98995070803723
7.98995070803723
7.98995070803723
7.98995070803723
7.98995070803723
7.98995070803723
7.98995070803723
7.98995070803723
7.98995070803723
7.98995070803723
7.98995070803723
7.98995070803723
7.98995070803723
7.98995070803723
7.98995070803723
7.98995070803723
7.98995070803723
7.98995070803723
7.98995070803723
7.98995070803723
7.98995070803723
7.98995070803723
7.98995070803723
7.98995070803723
7.98995070803723
7.98995070803723
7.98995070803723
7.98995070803723
7.98995070803723
7.98995070803723
7.98995070803723
7.98995070803723
7.98995070803723
7.98995070803723
7.98995070803723
7.98995070803723
7.98995070803723
7.98995070803723
7.98995070803723
7.98995070803723
7.98995070803723
7.98995070803723
7.98995070803723
7.98995070803723
7.98995070803723
7.98995070803723
7.98995070803723
7.98995070803723
7.98995070803723
7.98995070803723
7.98995070803723
7.98995070803723
7.98995070803723
7.98995070803723
7.98995070803723
7.98995070803723
7.98995070803723
7.32181779505511
7.32181779505511
7.32181779505511
7.32181779505511
7.32181779505511
8.25154383747192
8.25154383747192
8.25154383747192
8.25154383747192
8.25154383747192
8.87018392297896
8.87018392297896
8.87018392297896
8.87018392297896
8.87018392297896
8.87018392297896
8.87018392297896
8.87018392297896
8.87018392297896
8.87018392297896
9.8974282956623
9.8974282956623
9.8974282956623
10.1401071485119
9.85041187194976
9.85041187194976
9.85041187194976
9.85041187194976
9.85041187194976
9.85041187194976
