6.11747534642329
6.11747534642329
6.11747534642329
6.11747534642329
6.11747534642329
6.11747534642329
6.11747534642329
6.11747534642329
6.11747534642329
6.11747534642329
6.11747534642329
6.11747534642329
6.11747534642329
6.11747534642329
6.11747534642329
6.11747534642329
6.11747534642329
6.11747534642329
6.11747534642329
6.11747534642329
6.11747534642329
6.11747534642329
6.11747534642329
6.11747534642329
6.11747534642329
6.11747534642329
6.11747534642329
6.11747534642329
6.11747534642329
6.11747534642329
6.3764485287223
6.3764485287223
6.3764485287223
6.3764485287223
6.3764485287223
6.3764485287223
6.3764485287223
6.3764485287223
6.3764485287223
6.3764485287223
6.3764485287223
6.3764485287223
6.3764485287223
6.3764485287223
6.3764485287223
6.3764485287223
6.3764485287223
6.3764485287223
6.3764485287223
6.3764485287223
6.3764485287223
6.3764485287223
6.3764485287223
6.3764485287223
6.3764485287223
6.3764485287223
6.3764485287223
6.3764485287223
6.3764485287223
6.3764485287223
6.3764485287223
6.3764485287223
6.3764485287223
6.3764485287223
6.3764485287223
6.3764485287223
6.3764485287223
6.3764485287223
6.3764485287223
6.3764485287223
6.3764485287223
6.3764485287223
6.3764485287223
6.3764485287223
6.3764485287223
6.3764485287223
6.3764485287223
6.3764485287223
6.3764485287223
6.3764485287223
6.3764485287223
6.3764485287223
6.3764485287223
6.3764485287223
6.3764485287223
6.3764485287223
6.3764485287223
6.3764485287223
6.3764485287223
6.3764485287223
6.3764485287223
6.3764485287223
6.3764485287223
6.3764485287223
6.3764485287223
6.3764485287223
6.3764485287223
6.3764485287223
6.3764485287223
6.3764485287223
6.3764485287223
6.12554053622371
6.12554053622371
6.12554053622371
6.12554053622371
6.12554053622371
6.40071270074643
7.34799259408272
7.34799259408272
6.96603687682908
8.16000884959479
8.16000884959479
8.16000884959479
8.16000884959479
8.16000884959479
8.16000884959479
8.16000884959479
8.16000884959479
8.16000884959479
8.16000884959479
8.16000884959479
8.97336704256779
8.97336704256779
8.97336704256779
8.97336704256779
8.97336704256779
8.97336704256779
8.86846711221966
8.86846711221966
8.74454829575634
8.74454829575634
8.74454829575634
