6.12167796299852
6.12167796299852
6.12167796299852
6.12167796299852
6.12167796299852
6.12167796299852
6.12167796299852
6.12167796299852
6.12167796299852
6.12167796299852
6.12167796299852
6.12167796299852
6.12167796299852
6.12167796299852
6.12167796299852
6.12167796299852
6.12167796299852
6.12167796299852
6.12167796299852
6.12167796299852
6.12167796299852
6.12167796299852
6.12167796299852
6.12167796299852
6.12167796299852
6.12167796299852
6.12167796299852
6.12167796299852
6.12167796299852
6.12167796299852
6.12167796299852
6.12167796299852
6.12167796299852
6.12167796299852
6.12167796299852
6.12167796299852
6.12167796299852
6.12167796299852
6.12167796299852
6.12167796299852
6.12167796299852
6.12167796299852
6.12167796299852
6.12167796299852
6.12167796299852
6.12167796299852
6.12167796299852
6.12167796299852
6.12167796299852
6.12167796299852
6.12167796299852
6.12167796299852
6.12167796299852
6.12167796299852
6.12167796299852
6.12167796299852
6.12167796299852
6.12167796299852
6.12167796299852
6.12167796299852
6.12167796299852
6.12167796299852
6.12167796299852
6.12167796299852
6.12167796299852
6.12167796299852
6.12167796299852
6.12167796299852
6.12167796299852
6.12167796299852
6.12167796299852
6.12167796299852
6.12167796299852
6.12167796299852
6.12167796299852
6.12167796299852
6.12167796299852
6.12167796299852
6.12167796299852
6.12167796299852
6.12167796299852
6.12167796299852
6.12167796299852
6.12167796299852
6.12167796299852
6.12167796299852
6.12167796299852
6.12167796299852
6.12167796299852
6.12167796299852
6.12167796299852
6.12167796299852
6.12167796299852
6.12167796299852
6.12167796299852
6.12167796299852
6.12167796299852
6.12167796299852
6.12167796299852
6.12167796299852
6.12167796299852
6.12167796299852
6.12167796299852
6.5427310953575
6.5427310953575
6.5427310953575
7.26414439948295
7.26414439948295
7.26414439948295
7.26414439948295
7.26414439948295
7.26414439948295
7.26414439948295
6.84622099176304
6.84622099176304
6.84622099176304
7.53193393733409
7.53193393733409
7.53193393733409
7.53193393733409
7.53193393733409
7.53193393733409
7.53193393733409
7.32069820054973
6.76031667091177
7.04948445636647
7.04948445636647
7.04948445636647
7.11873308031376
7.11873308031376
7.11873308031376
7.11873308031376
